Time,Voltage (V),Current (A),Power (W),Temperature (°C),Data+ (V),Data- (V),Resistance (Ω),Accumulated current (mAh),Accumulated power (mWh),Accumulated time (seconds),Run time,Run time (seconds),Unix time
2024-07-11 09:47:10,5.08,0.621,3.154,25.0,0.01,0.0,8.1,886,4510,6204,01:28:42,5322,1720684030.2845871
2024-07-11 09:47:10,5.08,0.621,3.154,25.0,0.01,0.0,8.1,886,4510,6204,01:28:42,5322,1720684030.635285
2024-07-11 09:47:10,5.1,0.51,2.601,25.0,0.01,0.0,10.0,886,4511,6205,01:28:42,5322,1720684030.9692276
2024-07-11 09:47:11,5.1,0.51,2.601,25.0,0.01,0.0,10.0,886,4511,6205,01:28:43,5323,1720684031.30786
2024-07-11 09:47:11,5.08,0.601,3.053,25.0,0.01,0.0,8.4,886,4511,6205,01:28:43,5323,1720684031.6486053
2024-07-11 09:47:11,5.08,0.642,3.261,25.0,0.01,0.0,7.9,886,4512,6206,01:28:43,5323,1720684031.9907537
2024-07-11 09:47:12,5.08,0.642,3.261,25.0,0.01,0.0,7.9,886,4512,6206,01:28:44,5324,1720684032.3338468
2024-07-11 09:47:12,5.1,0.501,2.555,25.0,0.01,0.0,10.1,886,4512,6206,01:28:44,5324,1720684032.673285
2024-07-11 09:47:13,5.1,0.5,2.55,25.0,0.01,0.0,10.2,886,4513,6207,01:28:44,5324,1720684033.0145836
2024-07-11 09:47:13,5.1,0.5,2.55,25.0,0.01,0.0,10.2,886,4513,6207,01:28:45,5325,1720684033.3557987
2024-07-11 09:47:13,5.1,0.501,2.555,25.0,0.01,0.0,10.1,886,4513,6207,01:28:45,5325,1720684033.6993613
2024-07-11 09:47:14,5.1,0.501,2.555,25.0,0.01,0.0,10.1,886,4513,6208,01:28:45,5325,1720684034.0382993
2024-07-11 09:47:14,5.1,0.504,2.57,25.0,0.01,0.0,10.1,886,4513,6208,01:28:46,5326,1720684034.3791378
2024-07-11 09:47:14,5.08,0.668,3.393,25.0,0.01,0.0,7.6,886,4513,6208,01:28:46,5326,1720684034.7231991
2024-07-11 09:47:15,5.08,0.668,3.393,25.0,0.01,0.0,7.6,886,4514,6209,01:28:46,5326,1720684035.0621119
2024-07-11 09:47:15,5.09,0.559,2.845,25.0,0.01,0.0,9.1,886,4514,6209,01:28:47,5327,1720684035.403163
2024-07-11 09:47:15,5.1,0.464,2.366,25.0,0.01,0.0,10.9,886,4514,6209,01:28:47,5327,1720684035.755611
2024-07-11 09:47:16,5.1,0.464,2.366,25.0,0.01,0.0,10.9,886,4515,6210,01:28:47,5327,1720684036.0858474
2024-07-11 09:47:16,5.1,0.477,2.432,25.0,0.01,0.0,10.6,886,4515,6210,01:28:48,5328,1720684036.4270513
2024-07-11 09:47:16,5.1,0.477,2.432,25.0,0.01,0.0,10.6,886,4515,6210,01:28:48,5328,1720684036.7670364
2024-07-11 09:47:17,5.1,0.502,2.56,25.0,0.01,0.0,10.1,887,4516,6211,01:28:49,5329,1720684037.1083395
2024-07-11 09:47:17,5.1,0.499,2.544,25.0,0.01,0.0,10.2,887,4516,6211,01:28:49,5329,1720684037.4496303
2024-07-11 09:47:17,5.1,0.499,2.544,25.0,0.01,0.0,10.2,887,4516,6211,01:28:49,5329,1720684037.7908714
2024-07-11 09:47:18,5.1,0.502,2.56,25.0,0.01,0.0,10.1,887,4516,6212,01:28:50,5330,1720684038.1319404
2024-07-11 09:47:18,5.1,0.503,2.565,25.0,0.01,0.0,10.1,887,4516,6212,01:28:50,5330,1720684038.4724574
2024-07-11 09:47:18,5.1,0.503,2.565,25.0,0.01,0.0,10.1,887,4517,6213,01:28:50,5330,1720684038.8145728
2024-07-11 09:47:19,5.08,0.609,3.093,25.0,0.01,0.0,8.3,887,4517,6213,01:28:51,5331,1720684039.1551523
2024-07-11 09:47:19,5.08,0.609,3.093,25.0,0.01,0.0,8.3,887,4517,6213,01:28:51,5331,1720684039.4955072
2024-07-11 09:47:19,5.08,0.623,3.164,25.0,0.01,0.0,8.1,887,4518,6214,01:28:51,5331,1720684039.8370712
2024-07-11 09:47:20,5.1,0.504,2.57,25.0,0.0,0.0,10.1,887,4518,6214,01:28:52,5332,1720684040.1807053
2024-07-11 09:47:20,5.1,0.504,2.57,25.0,0.0,0.0,10.1,887,4518,6214,01:28:52,5332,1720684040.5190196
2024-07-11 09:47:20,5.1,0.499,2.544,25.0,0.0,0.0,10.2,887,4519,6215,01:28:52,5332,1720684040.8758762
2024-07-11 09:47:21,5.1,0.497,2.534,25.0,0.0,0.0,10.2,887,4519,6215,01:28:53,5333,1720684041.2020242
2024-07-11 09:47:21,5.1,0.497,2.534,25.0,0.0,0.0,10.2,887,4519,6215,01:28:53,5333,1720684041.5433636
2024-07-11 09:47:21,5.1,0.501,2.555,25.0,0.0,0.0,10.1,887,4519,6216,01:28:53,5333,1720684041.8858447
2024-07-11 09:47:22,5.1,0.501,2.555,25.0,0.0,0.0,10.1,887,4519,6216,01:28:54,5334,1720684042.2257862
2024-07-11 09:47:22,5.1,0.518,2.641,25.0,0.0,0.0,9.8,887,4519,6216,01:28:54,5334,1720684042.5662408
2024-07-11 09:47:22,5.09,0.539,2.743,25.0,0.0,0.0,9.4,887,4520,6217,01:28:54,5334,1720684042.908347
2024-07-11 09:47:23,5.09,0.539,2.743,25.0,0.0,0.0,9.4,887,4520,6217,01:28:55,5335,1720684043.2483895
2024-07-11 09:47:23,5.09,0.569,2.896,25.0,0.0,0.0,8.9,887,4520,6217,01:28:55,5335,1720684043.5895307
2024-07-11 09:47:23,5.09,0.599,3.048,25.0,0.0,0.0,8.4,888,4521,6218,01:28:55,5335,1720684043.9315727
2024-07-11 09:47:24,5.09,0.599,3.048,25.0,0.0,0.0,8.4,888,4521,6218,01:28:56,5336,1720684044.271992
2024-07-11 09:47:24,5.1,0.505,2.575,25.0,0.0,0.0,10.0,888,4521,6218,01:28:56,5336,1720684044.613309
2024-07-11 09:47:24,5.1,0.505,2.575,25.0,0.0,0.0,10.0,888,4522,6219,01:28:56,5336,1720684044.9543293
2024-07-11 09:47:25,5.1,0.502,2.56,25.0,0.0,0.0,10.1,888,4522,6219,01:28:57,5337,1720684045.2958636
2024-07-11 09:47:25,5.09,0.549,2.794,25.0,0.0,0.0,9.2,888,4522,6219,01:28:57,5337,1720684045.637102
2024-07-11 09:47:25,5.09,0.549,2.794,25.0,0.0,0.0,9.2,888,4522,6220,01:28:57,5337,1720684045.9951155
2024-07-11 09:47:26,5.1,0.521,2.657,25.0,0.0,0.0,9.7,888,4522,6220,01:28:58,5338,1720684046.3196092
2024-07-11 09:47:26,5.09,0.54,2.748,25.0,0.0,0.0,9.4,888,4522,6220,01:28:58,5338,1720684046.660854
2024-07-11 09:47:27,5.09,0.54,2.748,25.0,0.0,0.0,9.4,888,4523,6221,01:28:58,5338,1720684047.0008843
2024-07-11 09:47:27,5.1,0.505,2.575,25.0,0.0,0.0,10.0,888,4523,6221,01:28:59,5339,1720684047.3419747
2024-07-11 09:47:27,5.1,0.505,2.575,25.0,0.0,0.0,10.0,888,4523,6221,01:28:59,5339,1720684047.68335
2024-07-11 09:47:28,5.1,0.513,2.616,25.0,0.0,0.0,9.9,888,4524,6222,01:28:59,5339,1720684048.0283842
2024-07-11 09:47:28,5.1,0.502,2.56,25.0,0.0,0.0,10.1,888,4524,6222,01:29:00,5340,1720684048.3658812
2024-07-11 09:47:28,5.1,0.502,2.56,25.0,0.0,0.0,10.1,888,4524,6222,01:29:00,5340,1720684048.706579
2024-07-11 09:47:29,5.09,0.564,2.87,25.0,0.0,0.0,9.0,888,4525,6223,01:29:00,5340,1720684049.049634
2024-07-11 09:47:29,5.09,0.611,3.109,25.0,0.0,0.0,8.3,888,4525,6223,01:29:01,5341,1720684049.3904798
2024-07-11 09:47:29,5.09,0.611,3.109,25.0,0.0,0.0,8.3,888,4525,6223,01:29:01,5341,1720684049.729661
2024-07-11 09:47:30,5.1,0.532,2.713,25.0,0.0,0.0,9.5,889,4525,6224,01:29:01,5341,1720684050.0758944
2024-07-11 09:47:30,5.1,0.532,2.713,25.0,0.0,0.0,9.5,889,4525,6224,01:29:02,5342,1720684050.4122443
2024-07-11 09:47:30,5.1,0.532,2.713,25.0,0.0,0.0,9.5,889,4525,6224,01:29:02,5342,1720684050.7533646
2024-07-11 09:47:31,5.1,0.503,2.565,25.0,0.0,0.0,10.1,889,4526,6225,01:29:03,5343,1720684051.1161966
2024-07-11 09:47:31,5.1,0.503,2.565,25.0,0.0,0.0,10.1,889,4526,6225,01:29:03,5343,1720684051.435902
2024-07-11 09:47:31,5.1,0.507,2.585,25.0,0.0,0.0,10.0,889,4526,6225,01:29:03,5343,1720684051.7771552
2024-07-11 09:47:32,5.1,0.497,2.534,25.0,0.0,0.0,10.2,889,4527,6226,01:29:04,5344,1720684052.1271448
2024-07-11 09:47:32,5.1,0.497,2.534,25.0,0.0,0.0,10.2,889,4527,6226,01:29:04,5344,1720684052.459645
2024-07-11 09:47:32,5.1,0.519,2.646,25.0,0.0,0.0,9.8,889,4528,6227,01:29:04,5344,1720684052.7998903
2024-07-11 09:47:33,5.1,0.519,2.646,25.0,0.0,0.0,9.8,889,4528,6227,01:29:05,5345,1720684053.142188
2024-07-11 09:47:33,5.1,0.518,2.641,25.0,0.0,0.0,9.8,889,4528,6227,01:29:05,5345,1720684053.4833827
2024-07-11 09:47:33,5.09,0.592,3.013,25.0,0.0,0.0,8.5,889,4528,6228,01:29:05,5345,1720684053.8246481
2024-07-11 09:47:34,5.09,0.592,3.013,25.0,0.0,0.0,8.5,889,4528,6228,01:29:06,5346,1720684054.164644
2024-07-11 09:47:34,5.09,0.562,2.86,25.0,0.01,0.0,9.0,889,4528,6228,01:29:06,5346,1720684054.5058918
2024-07-11 09:47:34,5.1,0.502,2.56,25.0,0.01,0.0,10.1,889,4529,6229,01:29:06,5346,1720684054.847087
2024-07-11 09:47:35,5.1,0.502,2.56,25.0,0.01,0.0,10.1,889,4529,6229,01:29:07,5347,1720684055.1958945
2024-07-11 09:47:35,5.09,0.532,2.707,25.0,0.01,0.0,9.5,889,4529,6229,01:29:07,5347,1720684055.5294743
2024-07-11 09:47:35,5.09,0.532,2.707,25.0,0.01,0.0,9.5,889,4530,6230,01:29:07,5347,1720684055.8707137
2024-07-11 09:47:36,5.1,0.531,2.708,25.0,0.01,0.0,9.6,889,4530,6230,01:29:08,5348,1720684056.2381725
2024-07-11 09:47:36,5.1,0.538,2.743,25.0,0.01,0.0,9.4,889,4530,6230,01:29:08,5348,1720684056.5532553
2024-07-11 09:47:36,5.1,0.538,2.743,25.0,0.01,0.0,9.4,890,4531,6231,01:29:08,5348,1720684056.894665
2024-07-11 09:47:37,5.1,0.527,2.687,25.0,0.01,0.0,9.6,890,4531,6231,01:29:09,5349,1720684057.245884
2024-07-11 09:47:37,5.1,0.503,2.565,25.0,0.01,0.0,10.1,890,4531,6231,01:29:09,5349,1720684057.5764859
2024-07-11 09:47:37,5.1,0.503,2.565,25.0,0.01,0.0,10.1,890,4531,6232,01:29:09,5349,1720684057.9182487
2024-07-11 09:47:38,5.09,0.559,2.845,25.0,0.01,0.0,9.1,890,4531,6232,01:29:10,5350,1720684058.2681246
2024-07-11 09:47:38,5.09,0.559,2.845,25.0,0.01,0.0,9.1,890,4531,6232,01:29:10,5350,1720684058.6007643
2024-07-11 09:47:38,5.08,0.608,3.088,25.0,0.01,0.0,8.3,890,4532,6233,01:29:10,5350,1720684058.9422057
2024-07-11 09:47:39,5.09,0.554,2.819,25.0,0.01,0.0,9.1,890,4532,6233,01:29:11,5351,1720684059.2846282
2024-07-11 09:47:39,5.09,0.554,2.819,25.0,0.01,0.0,9.1,890,4532,6233,01:29:11,5351,1720684059.6239436
2024-07-11 09:47:39,5.1,0.517,2.636,25.0,0.01,0.0,9.8,890,4533,6234,01:29:11,5351,1720684059.9659014
2024-07-11 09:47:40,5.1,0.502,2.56,25.0,0.01,0.0,10.1,890,4533,6234,01:29:12,5352,1720684060.3082435
2024-07-11 09:47:40,5.1,0.502,2.56,25.0,0.01,0.0,10.1,890,4533,6234,01:29:12,5352,1720684060.6471121
2024-07-11 09:47:40,5.1,0.503,2.565,25.0,0.01,0.0,10.1,890,4534,6235,01:29:12,5352,1720684060.9883356
2024-07-11 09:47:41,5.1,0.503,2.565,25.0,0.01,0.0,10.1,890,4534,6235,01:29:13,5353,1720684061.358377
2024-07-11 09:47:41,5.09,0.548,2.789,25.0,0.01,0.0,9.2,890,4534,6235,01:29:13,5353,1720684061.6707945
2024-07-11 09:47:42,5.09,0.59,3.003,25.0,0.01,0.0,8.6,890,4534,6236,01:29:13,5353,1720684062.0121374
2024-07-11 09:47:42,5.09,0.59,3.003,25.0,0.01,0.0,8.6,890,4534,6236,01:29:14,5354,1720684062.357148
2024-07-11 09:47:42,5.1,0.516,2.631,25.0,0.01,0.0,9.8,890,4534,6236,01:29:14,5354,1720684062.6946454
2024-07-11 09:47:43,5.1,0.521,2.657,25.0,0.01,0.0,9.7,890,4535,6237,01:29:14,5354,1720684063.0357814
2024-07-11 09:47:43,5.1,0.521,2.657,25.0,0.01,0.0,9.7,890,4535,6237,01:29:15,5355,1720684063.378378
2024-07-11 09:47:43,5.1,0.503,2.565,25.0,0.01,0.0,10.1,890,4535,6237,01:29:15,5355,1720684063.7183826
2024-07-11 09:47:44,5.1,0.503,2.565,25.0,0.01,0.0,10.1,891,4536,6238,01:29:15,5355,1720684064.0596719
2024-07-11 09:47:44,5.1,0.538,2.743,25.0,0.01,0.0,9.4,891,4536,6238,01:29:16,5356,1720684064.4021363
2024-07-11 09:47:44,5.09,0.587,2.987,25.0,0.01,0.0,8.6,891,4536,6238,01:29:16,5356,1720684064.742021
2024-07-11 09:47:45,5.09,0.587,2.987,25.0,0.01,0.0,8.6,891,4537,6239,01:29:16,5356,1720684065.083363
2024-07-11 09:47:45,5.09,0.558,2.84,25.0,0.01,0.0,9.1,891,4537,6239,01:29:17,5357,1720684065.4259338
2024-07-11 09:47:45,5.09,0.542,2.758,25.0,0.01,0.0,9.3,891,4538,6240,01:29:17,5357,1720684065.765883
2024-07-11 09:47:46,5.09,0.542,2.758,25.0,0.01,0.0,9.3,891,4538,6240,01:29:18,5358,1720684066.1065543
2024-07-11 09:47:46,5.1,0.505,2.575,25.0,0.01,0.0,10.0,891,4538,6240,01:29:18,5358,1720684066.4749641
2024-07-11 09:47:46,5.1,0.505,2.575,25.0,0.01,0.0,10.0,891,4538,6241,01:29:18,5358,1720684066.7896094
2024-07-11 09:47:47,5.1,0.503,2.565,25.0,0.0,0.0,10.1,891,4538,6241,01:29:19,5359,1720684067.1308906
2024-07-11 09:47:47,5.1,0.497,2.534,25.0,0.0,0.0,10.2,891,4538,6241,01:29:19,5359,1720684067.473398
2024-07-11 09:47:47,5.1,0.497,2.534,25.0,0.0,0.0,10.2,891,4539,6242,01:29:19,5359,1720684067.8135736
2024-07-11 09:47:48,5.1,0.527,2.687,25.0,0.0,0.0,9.6,891,4539,6242,01:29:20,5360,1720684068.1546698
2024-07-11 09:47:48,5.09,0.57,2.901,25.0,0.0,0.0,8.9,891,4539,6242,01:29:20,5360,1720684068.5022795
2024-07-11 09:47:48,5.09,0.57,2.901,25.0,0.0,0.0,8.9,891,4540,6243,01:29:20,5360,1720684068.8361704
2024-07-11 09:47:49,5.1,0.505,2.575,25.0,0.0,0.0,10.0,891,4540,6243,01:29:21,5361,1720684069.1783895
2024-07-11 09:47:49,5.1,0.505,2.575,25.0,0.0,0.0,10.0,891,4540,6243,01:29:21,5361,1720684069.5233617
2024-07-11 09:47:49,5.1,0.518,2.641,25.0,0.0,0.0,9.8,891,4540,6244,01:29:21,5361,1720684069.8601682
2024-07-11 09:47:50,5.09,0.569,2.896,25.0,0.0,0.0,8.9,891,4540,6244,01:29:22,5362,1720684070.202042
2024-07-11 09:47:50,5.09,0.569,2.896,25.0,0.0,0.0,8.9,891,4540,6244,01:29:22,5362,1720684070.544685
2024-07-11 09:47:50,5.09,0.539,2.743,25.0,0.0,0.0,9.4,892,4541,6245,01:29:22,5362,1720684070.8846254
2024-07-11 09:47:51,5.09,0.548,2.789,25.0,0.0,0.0,9.2,892,4541,6245,01:29:23,5363,1720684071.2259302
2024-07-11 09:47:51,5.09,0.548,2.789,25.0,0.0,0.0,9.2,892,4541,6245,01:29:23,5363,1720684071.5959349
2024-07-11 09:47:51,5.1,0.532,2.713,25.0,0.0,0.0,9.5,892,4542,6246,01:29:23,5363,1720684071.908389
2024-07-11 09:47:52,5.1,0.532,2.713,25.0,0.0,0.0,9.5,892,4542,6246,01:29:24,5364,1720684072.2496305
2024-07-11 09:47:52,5.1,0.53,2.703,25.0,0.0,0.0,9.6,892,4542,6246,01:29:24,5364,1720684072.5909078
2024-07-11 09:47:52,5.1,0.504,2.57,25.0,0.0,0.0,10.1,892,4543,6247,01:29:24,5364,1720684072.9321363
2024-07-11 09:47:53,5.1,0.504,2.57,25.0,0.0,0.0,10.1,892,4543,6247,01:29:25,5365,1720684073.2731364
2024-07-11 09:47:53,5.09,0.582,2.962,25.0,0.0,0.0,8.7,892,4543,6247,01:29:25,5365,1720684073.61473
2024-07-11 09:47:53,5.1,0.532,2.713,25.0,0.0,0.0,9.5,892,4544,6248,01:29:25,5365,1720684073.9538927
2024-07-11 09:47:54,5.1,0.532,2.713,25.0,0.0,0.0,9.5,892,4544,6248,01:29:26,5366,1720684074.2954144
2024-07-11 09:47:54,5.1,0.506,2.58,25.0,0.0,0.0,10.0,892,4544,6248,01:29:26,5366,1720684074.637114
2024-07-11 09:47:54,5.1,0.506,2.58,25.0,0.0,0.0,10.0,892,4544,6249,01:29:26,5366,1720684074.980931
2024-07-11 09:47:55,5.1,0.514,2.621,25.0,0.0,0.0,9.9,892,4544,6249,01:29:27,5367,1720684075.3196406
2024-07-11 09:47:55,5.09,0.572,2.911,25.0,0.0,0.0,8.8,892,4544,6249,01:29:27,5367,1720684075.6609364
2024-07-11 09:47:56,5.09,0.572,2.911,25.0,0.0,0.0,8.8,892,4545,6250,01:29:27,5367,1720684076.0022118
2024-07-11 09:47:56,5.09,0.561,2.855,25.0,0.0,0.0,9.0,892,4545,6250,01:29:28,5368,1720684076.3433812
2024-07-11 09:47:56,5.09,0.582,2.962,25.0,0.0,0.0,8.7,892,4545,6250,01:29:28,5368,1720684076.7141268
2024-07-11 09:47:57,5.09,0.582,2.962,25.0,0.0,0.0,8.7,893,4546,6251,01:29:28,5368,1720684077.0246973
2024-07-11 09:47:57,5.1,0.504,2.57,25.0,0.0,0.0,10.1,893,4546,6251,01:29:29,5369,1720684077.365936
2024-07-11 09:47:57,5.1,0.504,2.57,25.0,0.0,0.0,10.1,893,4546,6251,01:29:29,5369,1720684077.7096062
2024-07-11 09:47:58,5.1,0.507,2.585,25.0,0.0,0.0,10.0,893,4547,6252,01:29:29,5369,1720684078.048398
2024-07-11 09:47:58,5.1,0.508,2.59,25.0,0.0,0.0,10.0,893,4547,6252,01:29:30,5370,1720684078.389684
2024-07-11 09:47:58,5.1,0.508,2.59,25.0,0.0,0.0,10.0,893,4547,6253,01:29:30,5370,1720684078.7309885
2024-07-11 09:47:59,5.09,0.574,2.921,25.0,0.0,0.0,8.8,893,4547,6253,01:29:30,5370,1720684079.0720656
2024-07-11 09:47:59,5.09,0.539,2.743,25.0,0.0,0.0,9.4,893,4547,6253,01:29:31,5371,1720684079.4134445
2024-07-11 09:47:59,5.09,0.539,2.743,25.0,0.0,0.0,9.4,893,4548,6254,01:29:31,5371,1720684079.7547119
2024-07-11 09:48:00,5.09,0.569,2.896,25.0,0.0,0.0,8.9,893,4548,6254,01:29:31,5371,1720684080.094949
2024-07-11 09:48:00,5.09,0.569,2.896,25.0,0.0,0.0,8.9,893,4548,6254,01:29:32,5372,1720684080.43842
2024-07-11 09:48:00,5.09,0.552,2.809,25.0,0.01,0.0,9.2,893,4549,6255,01:29:32,5372,1720684080.7784164
2024-07-11 09:48:01,5.1,0.503,2.565,25.0,0.01,0.0,10.1,893,4549,6255,01:29:33,5373,1720684081.1192966
2024-07-11 09:48:01,5.1,0.503,2.565,25.0,0.01,0.0,10.1,893,4549,6255,01:29:33,5373,1720684081.4609606
2024-07-11 09:48:01,5.09,0.535,2.723,25.0,0.01,0.0,9.5,893,4550,6256,01:29:33,5373,1720684081.8324113
2024-07-11 09:48:02,5.09,0.583,2.967,25.0,0.01,0.0,8.7,893,4550,6256,01:29:34,5374,1720684082.143407
2024-07-11 09:48:02,5.09,0.583,2.967,25.0,0.01,0.0,8.7,893,4550,6256,01:29:34,5374,1720684082.4848197
2024-07-11 09:48:02,5.1,0.516,2.631,25.0,0.01,0.0,9.8,893,4551,6257,01:29:34,5374,1720684082.8254538
2024-07-11 09:48:03,5.1,0.516,2.631,25.0,0.01,0.0,9.8,893,4551,6257,01:29:35,5375,1720684083.1669004
2024-07-11 09:48:03,5.09,0.556,2.83,25.0,0.01,0.0,9.1,893,4551,6257,01:29:35,5375,1720684083.50823
2024-07-11 09:48:03,5.09,0.547,2.784,25.0,0.01,0.0,9.3,894,4551,6258,01:29:35,5375,1720684083.849454
2024-07-11 09:48:04,5.09,0.547,2.784,25.0,0.01,0.0,9.3,894,4551,6258,01:29:36,5376,1720684084.190014
2024-07-11 09:48:04,5.1,0.506,2.58,25.0,0.01,0.0,10.0,894,4551,6258,01:29:36,5376,1720684084.5318272
2024-07-11 09:48:04,5.1,0.506,2.58,25.0,0.01,0.0,10.0,894,4552,6259,01:29:36,5376,1720684084.8732429
2024-07-11 09:48:05,5.1,0.506,2.58,25.0,0.01,0.0,10.0,894,4552,6259,01:29:37,5377,1720684085.2143548
2024-07-11 09:48:05,5.09,0.584,2.972,25.0,0.01,0.0,8.7,894,4552,6259,01:29:37,5377,1720684085.555707
2024-07-11 09:48:05,5.09,0.584,2.972,25.0,0.01,0.0,8.7,894,4553,6260,01:29:37,5377,1720684085.8972325
2024-07-11 09:48:06,5.09,0.539,2.743,25.0,0.01,0.0,9.4,894,4553,6260,01:29:38,5378,1720684086.2384582
2024-07-11 09:48:06,5.09,0.558,2.84,25.0,0.01,0.0,9.1,894,4553,6260,01:29:38,5378,1720684086.5797234
2024-07-11 09:48:06,5.09,0.558,2.84,25.0,0.01,0.0,9.1,894,4554,6261,01:29:38,5378,1720684086.9210486
2024-07-11 09:48:07,5.09,0.556,2.83,25.0,0.01,0.0,9.1,894,4554,6261,01:29:39,5379,1720684087.2620769
2024-07-11 09:48:07,5.1,0.502,2.56,25.0,0.01,0.0,10.1,894,4554,6261,01:29:39,5379,1720684087.6034884
2024-07-11 09:48:07,5.1,0.502,2.56,25.0,0.01,0.0,10.1,894,4554,6262,01:29:39,5379,1720684087.9434588
2024-07-11 09:48:08,5.1,0.526,2.682,25.0,0.01,0.0,9.6,894,4554,6262,01:29:40,5380,1720684088.2847178
2024-07-11 09:48:08,5.1,0.526,2.682,25.0,0.01,0.0,9.6,894,4554,6262,01:29:40,5380,1720684088.6257613
2024-07-11 09:48:08,5.09,0.564,2.87,25.0,0.01,0.0,9.0,894,4555,6263,01:29:40,5380,1720684088.967118
2024-07-11 09:48:09,5.09,0.567,2.886,25.0,0.01,0.0,8.9,894,4555,6263,01:29:41,5381,1720684089.3082628
2024-07-11 09:48:09,5.09,0.567,2.886,25.0,0.01,0.0,8.9,894,4555,6263,01:29:41,5381,1720684089.649701
2024-07-11 09:48:09,5.1,0.512,2.611,25.0,0.01,0.0,9.9,895,4556,6264,01:29:41,5381,1720684089.9909537
2024-07-11 09:48:10,5.1,0.503,2.565,25.0,0.01,0.0,10.1,895,4556,6264,01:29:42,5382,1720684090.331722
2024-07-11 09:48:10,5.1,0.503,2.565,25.0,0.01,0.0,10.1,895,4556,6264,01:29:42,5382,1720684090.673625
2024-07-11 09:48:11,5.1,0.534,2.723,25.0,0.01,0.0,9.5,895,4557,6265,01:29:42,5382,1720684091.0147183
2024-07-11 09:48:11,5.1,0.534,2.723,25.0,0.01,0.0,9.5,895,4557,6265,01:29:43,5383,1720684091.3546925
2024-07-11 09:48:11,5.09,0.539,2.743,25.0,0.01,0.0,9.4,895,4557,6266,01:29:43,5383,1720684091.6972594
2024-07-11 09:48:12,5.09,0.579,2.947,25.0,0.01,0.0,8.7,895,4557,6266,01:29:43,5383,1720684092.0384872
2024-07-11 09:48:12,5.09,0.579,2.947,25.0,0.01,0.0,8.7,895,4557,6266,01:29:44,5384,1720684092.3784351
2024-07-11 09:48:12,5.09,0.553,2.814,25.0,0.01,0.0,9.2,895,4558,6267,01:29:44,5384,1720684092.7232285
2024-07-11 09:48:13,5.1,0.529,2.697,25.0,0.0,0.0,9.6,895,4558,6267,01:29:44,5384,1720684093.0609658
2024-07-11 09:48:13,5.1,0.529,2.697,25.0,0.0,0.0,9.6,895,4558,6267,01:29:45,5385,1720684093.4020941
2024-07-11 09:48:13,5.1,0.539,2.748,25.0,0.0,0.0,9.4,895,4559,6268,01:29:45,5385,1720684093.7432938
2024-07-11 09:48:14,5.1,0.539,2.748,25.0,0.0,0.0,9.4,895,4559,6268,01:29:45,5385,1720684094.0847716
2024-07-11 09:48:14,5.08,0.621,3.154,25.0,0.0,0.0,8.1,895,4559,6268,01:29:46,5386,1720684094.4260113
2024-07-11 09:48:14,5.1,0.522,2.662,25.0,0.0,0.0,9.7,895,4560,6269,01:29:46,5386,1720684094.7672484
2024-07-11 09:48:15,5.1,0.522,2.662,25.0,0.0,0.0,9.7,895,4560,6269,01:29:47,5387,1720684095.1082215
2024-07-11 09:48:15,5.1,0.5,2.55,25.0,0.0,0.0,10.2,895,4560,6269,01:29:47,5387,1720684095.4497402
2024-07-11 09:48:15,5.1,0.503,2.565,25.0,0.0,0.0,10.1,895,4561,6270,01:29:47,5387,1720684095.790943
2024-07-11 09:48:16,5.1,0.503,2.565,25.0,0.0,0.0,10.1,895,4561,6270,01:29:48,5388,1720684096.1302998
2024-07-11 09:48:16,5.09,0.549,2.794,25.0,0.0,0.0,9.2,895,4561,6270,01:29:48,5388,1720684096.4723947
2024-07-11 09:48:16,5.09,0.549,2.794,25.0,0.0,0.0,9.2,896,4561,6271,01:29:48,5388,1720684096.8133595
2024-07-11 09:48:17,5.1,0.547,2.789,25.0,0.0,0.0,9.3,896,4561,6271,01:29:49,5389,1720684097.154464
2024-07-11 09:48:17,5.08,0.609,3.093,25.0,0.0,0.0,8.3,896,4561,6271,01:29:49,5389,1720684097.4959862
2024-07-11 09:48:17,5.08,0.609,3.093,25.0,0.0,0.0,8.3,896,4562,6272,01:29:49,5389,1720684097.8385167
2024-07-11 09:48:18,5.1,0.533,2.718,25.0,0.0,0.0,9.5,896,4562,6272,01:29:50,5390,1720684098.178215
2024-07-11 09:48:18,5.1,0.503,2.565,25.0,0.0,0.0,10.1,896,4562,6272,01:29:50,5390,1720684098.5197802
2024-07-11 09:48:18,5.1,0.503,2.565,25.0,0.0,0.0,10.1,896,4563,6273,01:29:50,5390,1720684098.860976
2024-07-11 09:48:19,5.1,0.519,2.646,25.0,0.0,0.0,9.8,896,4563,6273,01:29:51,5391,1720684099.2020826
2024-07-11 09:48:19,5.1,0.519,2.646,25.0,0.0,0.0,9.8,896,4563,6273,01:29:51,5391,1720684099.5459275
2024-07-11 09:48:19,5.09,0.54,2.748,25.0,0.0,0.0,9.4,896,4564,6274,01:29:51,5391,1720684099.884676
2024-07-11 09:48:20,5.1,0.504,2.57,25.0,0.0,0.0,10.1,896,4564,6274,01:29:52,5392,1720684100.2259634
2024-07-11 09:48:20,5.1,0.504,2.57,25.0,0.0,0.0,10.1,896,4564,6274,01:29:52,5392,1720684100.5666642
2024-07-11 09:48:20,5.09,0.593,3.018,25.0,0.0,0.0,8.5,896,4564,6275,01:29:52,5392,1720684100.9070232
2024-07-11 09:48:21,5.09,0.556,2.83,25.0,0.0,0.0,9.1,896,4564,6275,01:29:53,5393,1720684101.2485273
2024-07-11 09:48:21,5.09,0.556,2.83,25.0,0.0,0.0,9.1,896,4564,6275,01:29:53,5393,1720684101.5897162
2024-07-11 09:48:21,5.1,0.526,2.682,25.0,0.0,0.0,9.6,896,4565,6276,01:29:53,5393,1720684101.931016
2024-07-11 09:48:22,5.1,0.526,2.682,25.0,0.0,0.0,9.6,896,4565,6276,01:29:54,5394,1720684102.2723339
2024-07-11 09:48:22,5.1,0.509,2.595,25.0,0.0,0.0,10.0,896,4565,6276,01:29:54,5394,1720684102.6135104
2024-07-11 09:48:22,5.1,0.537,2.738,25.0,0.0,0.0,9.4,896,4566,6277,01:29:54,5394,1720684102.9562614
2024-07-11 09:48:23,5.1,0.537,2.738,25.0,0.0,0.0,9.4,896,4566,6277,01:29:55,5395,1720684103.2946885
2024-07-11 09:48:23,5.09,0.56,2.85,25.0,0.0,0.0,9.0,896,4566,6277,01:29:55,5395,1720684103.636008
2024-07-11 09:48:23,5.09,0.57,2.901,25.0,0.0,0.0,8.9,897,4567,6278,01:29:55,5395,1720684103.9767518
2024-07-11 09:48:24,5.09,0.57,2.901,25.0,0.0,0.0,8.9,897,4567,6278,01:29:56,5396,1720684104.3185072
2024-07-11 09:48:24,5.1,0.536,2.733,25.0,0.0,0.0,9.5,897,4567,6278,01:29:56,5396,1720684104.6623695
2024-07-11 09:48:25,5.1,0.536,2.733,25.0,0.0,0.0,9.5,897,4567,6279,01:29:56,5396,1720684105.0009763
2024-07-11 09:48:25,5.1,0.529,2.697,25.0,0.0,0.0,9.6,897,4567,6279,01:29:57,5397,1720684105.3424265
2024-07-11 09:48:25,5.1,0.502,2.56,25.0,0.0,0.0,10.1,897,4568,6280,01:29:57,5397,1720684105.6831987
2024-07-11 09:48:26,5.1,0.502,2.56,25.0,0.0,0.0,10.1,897,4568,6280,01:29:57,5397,1720684106.0227754
2024-07-11 09:48:26,5.1,0.5,2.55,25.0,0.0,0.0,10.2,897,4568,6280,01:29:58,5398,1720684106.3657033
2024-07-11 09:48:26,5.09,0.544,2.768,25.0,0.0,0.0,9.3,897,4569,6281,01:29:58,5398,1720684106.706009
2024-07-11 09:48:27,5.09,0.544,2.768,25.0,0.0,0.0,9.3,897,4569,6281,01:29:58,5398,1720684107.0472224
2024-07-11 09:48:27,5.08,0.612,3.108,25.0,0.0,0.0,8.3,897,4569,6281,01:29:59,5399,1720684107.3877816
2024-07-11 09:48:27,5.08,0.612,3.108,25.0,0.0,0.0,8.3,897,4570,6282,01:29:59,5399,1720684107.732361
2024-07-11 09:48:28,5.09,0.559,2.845,25.0,0.0,0.0,9.1,897,4570,6282,01:29:59,5399,1720684108.0787458
2024-07-11 09:48:28,5.1,0.524,2.672,25.0,0.0,0.0,9.7,897,4570,6282,01:30:00,5400,1720684108.411729
2024-07-11 09:48:28,5.1,0.524,2.672,25.0,0.0,0.0,9.7,897,4570,6283,01:30:00,5400,1720684108.7535279
2024-07-11 09:48:29,5.1,0.521,2.657,25.0,0.0,0.0,9.7,897,4570,6283,01:30:00,5400,1720684109.0946121
2024-07-11 09:48:29,5.09,0.57,2.901,25.0,0.0,0.0,8.9,897,4570,6283,01:30:01,5401,1720684109.435806
2024-07-11 09:48:29,5.09,0.57,2.901,25.0,0.0,0.0,8.9,898,4571,6284,01:30:01,5401,1720684109.7772336
2024-07-11 09:48:30,5.08,0.615,3.124,25.0,0.0,0.0,8.2,898,4571,6284,01:30:02,5402,1720684110.1185298
2024-07-11 09:48:30,5.08,0.615,3.124,25.0,0.0,0.0,8.2,898,4571,6284,01:30:02,5402,1720684110.4596987
2024-07-11 09:48:30,5.1,0.529,2.697,25.0,0.0,0.0,9.6,898,4572,6285,01:30:02,5402,1720684110.800625
2024-07-11 09:48:31,5.1,0.504,2.57,25.0,0.0,0.0,10.1,898,4572,6285,01:30:03,5403,1720684111.1417053
2024-07-11 09:48:31,5.1,0.504,2.57,25.0,0.0,0.0,10.1,898,4572,6285,01:30:03,5403,1720684111.482353
2024-07-11 09:48:31,5.1,0.506,2.58,25.0,0.0,0.0,10.0,898,4573,6286,01:30:03,5403,1720684111.8234186
2024-07-11 09:48:32,5.1,0.521,2.657,25.0,0.0,0.0,9.7,898,4573,6286,01:30:04,5404,1720684112.1647525
2024-07-11 09:48:32,5.1,0.521,2.657,25.0,0.0,0.0,9.7,898,4573,6286,01:30:04,5404,1720684112.5060606
2024-07-11 09:48:32,5.08,0.607,3.083,25.0,0.0,0.0,8.3,898,4574,6287,01:30:04,5404,1720684112.8513672
2024-07-11 09:48:33,5.08,0.607,3.083,25.0,0.0,0.0,8.3,898,4574,6287,01:30:05,5405,1720684113.1987643
2024-07-11 09:48:33,5.09,0.589,2.998,25.0,0.0,0.0,8.6,898,4574,6287,01:30:05,5405,1720684113.5297515
2024-07-11 09:48:33,5.1,0.521,2.657,25.0,0.0,0.0,9.7,898,4574,6288,01:30:05,5405,1720684113.8710368
2024-07-11 09:48:34,5.1,0.521,2.657,25.0,0.0,0.0,9.7,898,4574,6288,01:30:06,5406,1720684114.2113154
2024-07-11 09:48:34,5.1,0.506,2.58,25.0,0.0,0.0,10.0,898,4574,6288,01:30:06,5406,1720684114.5559516
2024-07-11 09:48:34,5.1,0.539,2.748,25.0,0.0,0.0,9.4,898,4575,6289,01:30:06,5406,1720684114.894795
2024-07-11 09:48:35,5.1,0.539,2.748,25.0,0.0,0.0,9.4,898,4575,6289,01:30:07,5407,1720684115.234717
2024-07-11 09:48:35,5.09,0.556,2.83,25.0,0.0,0.0,9.1,898,4575,6289,01:30:07,5407,1720684115.5760438
2024-07-11 09:48:35,5.09,0.556,2.83,25.0,0.0,0.0,9.1,898,4576,6290,01:30:07,5407,1720684115.9200525
2024-07-11 09:48:36,5.1,0.524,2.672,25.0,0.0,0.0,9.7,898,4576,6290,01:30:08,5408,1720684116.2581766
2024-07-11 09:48:36,5.1,0.505,2.575,25.0,0.0,0.0,10.0,898,4576,6290,01:30:08,5408,1720684116.5998123
2024-07-11 09:48:36,5.1,0.505,2.575,25.0,0.0,0.0,10.0,899,4577,6291,01:30:08,5408,1720684116.943525
2024-07-11 09:48:37,5.09,0.596,3.033,25.0,0.0,0.0,8.5,899,4577,6291,01:30:09,5409,1720684117.2824733
2024-07-11 09:48:37,5.1,0.526,2.682,25.0,0.0,0.0,9.6,899,4577,6291,01:30:09,5409,1720684117.6233227
2024-07-11 09:48:37,5.1,0.526,2.682,25.0,0.0,0.0,9.6,899,4577,6292,01:30:09,5409,1720684117.9708645
2024-07-11 09:48:38,5.1,0.533,2.718,25.0,0.0,0.0,9.5,899,4577,6292,01:30:10,5410,1720684118.3164625
2024-07-11 09:48:38,5.1,0.533,2.718,25.0,0.0,0.0,9.5,899,4578,6293,01:30:10,5410,1720684118.6460268
2024-07-11 09:48:38,5.09,0.556,2.83,25.0,0.0,0.0,9.1,899,4578,6293,01:30:10,5410,1720684118.993554
2024-07-11 09:48:39,5.1,0.531,2.708,25.0,0.01,0.0,9.6,899,4578,6293,01:30:11,5411,1720684119.3280714
2024-07-11 09:48:39,5.1,0.531,2.708,25.0,0.01,0.0,9.6,899,4579,6294,01:30:11,5411,1720684119.6698077
2024-07-11 09:48:40,5.09,0.552,2.809,25.0,0.0,0.0,9.2,899,4579,6294,01:30:11,5411,1720684120.0135622
2024-07-11 09:48:40,5.09,0.578,2.942,25.0,0.0,0.0,8.8,899,4579,6294,01:30:12,5412,1720684120.352299
2024-07-11 09:48:40,5.09,0.578,2.942,25.0,0.0,0.0,8.8,899,4580,6295,01:30:12,5412,1720684120.6934817
2024-07-11 09:48:41,5.1,0.507,2.585,25.0,0.0,0.0,10.0,899,4580,6295,01:30:12,5412,1720684121.0397146
2024-07-11 09:48:41,5.1,0.507,2.585,25.0,0.0,0.0,10.0,899,4580,6295,01:30:13,5413,1720684121.3759286
2024-07-11 09:48:41,5.1,0.509,2.595,25.0,0.0,0.0,10.0,899,4580,6296,01:30:13,5413,1720684121.7173421
2024-07-11 09:48:42,5.09,0.558,2.84,25.0,0.0,0.0,9.1,899,4580,6296,01:30:13,5413,1720684122.063489
2024-07-11 09:48:42,5.09,0.558,2.84,25.0,0.0,0.0,9.1,899,4580,6296,01:30:14,5414,1720684122.3981621
2024-07-11 09:48:42,5.09,0.552,2.809,25.0,0.0,0.0,9.2,899,4581,6297,01:30:14,5414,1720684122.7409344
2024-07-11 09:48:43,5.1,0.5,2.55,25.0,0.0,0.0,10.2,899,4581,6297,01:30:14,5414,1720684123.0846984
2024-07-11 09:48:43,5.1,0.5,2.55,25.0,0.0,0.0,10.2,899,4581,6297,01:30:15,5415,1720684123.435934
2024-07-11 09:48:43,5.09,0.589,2.998,25.0,0.0,0.0,8.6,900,4582,6298,01:30:15,5415,1720684123.7635803
2024-07-11 09:48:44,5.09,0.589,2.998,25.0,0.0,0.0,8.6,900,4582,6298,01:30:16,5416,1720684124.1098473
2024-07-11 09:48:44,5.1,0.515,2.626,25.0,0.0,0.0,9.9,900,4582,6298,01:30:16,5416,1720684124.4452639
2024-07-11 09:48:44,5.1,0.503,2.565,25.0,0.0,0.0,10.1,900,4583,6299,01:30:16,5416,1720684124.7898374
2024-07-11 09:48:45,5.1,0.503,2.565,25.0,0.0,0.0,10.1,900,4583,6299,01:30:17,5417,1720684125.1285777
2024-07-11 09:48:45,5.09,0.551,2.804,25.0,0.0,0.0,9.2,900,4583,6299,01:30:17,5417,1720684125.4698153
2024-07-11 09:48:45,5.09,0.562,2.86,25.0,0.0,0.0,9.0,900,4583,6300,01:30:17,5417,1720684125.811004
2024-07-11 09:48:46,5.09,0.562,2.86,25.0,0.0,0.0,9.0,900,4583,6300,01:30:18,5418,1720684126.1598475
2024-07-11 09:48:46,5.1,0.509,2.595,25.0,0.0,0.0,10.0,900,4583,6300,01:30:18,5418,1720684126.4937658
2024-07-11 09:48:46,5.1,0.509,2.595,25.0,0.0,0.0,10.0,900,4584,6301,01:30:18,5418,1720684126.833568
2024-07-11 09:48:47,5.09,0.596,3.033,25.0,0.0,0.0,8.5,900,4584,6301,01:30:19,5419,1720684127.1760168
2024-07-11 09:48:47,5.1,0.516,2.631,25.0,0.0,0.0,9.8,900,4584,6301,01:30:19,5419,1720684127.5160565
2024-07-11 09:48:47,5.1,0.516,2.631,25.0,0.0,0.0,9.8,900,4585,6302,01:30:19,5419,1720684127.8566
2024-07-11 09:48:48,5.1,0.514,2.621,25.0,0.0,0.0,9.9,900,4585,6302,01:30:20,5420,1720684128.199839
2024-07-11 09:48:48,5.09,0.564,2.87,25.0,0.0,0.0,9.0,900,4585,6302,01:30:20,5420,1720684128.5586169
2024-07-11 09:48:48,5.09,0.564,2.87,25.0,0.0,0.0,9.0,900,4586,6303,01:30:20,5420,1720684128.8809655
2024-07-11 09:48:49,5.09,0.538,2.738,25.0,0.0,0.0,9.4,900,4586,6303,01:30:21,5421,1720684129.2223127
2024-07-11 09:48:49,5.09,0.538,2.738,25.0,0.0,0.0,9.4,900,4586,6303,01:30:21,5421,1720684129.5625558
2024-07-11 09:48:49,5.1,0.523,2.667,25.0,0.0,0.0,9.7,901,4586,6304,01:30:21,5421,1720684129.9035873
2024-07-11 09:48:50,5.09,0.571,2.906,25.0,0.0,0.0,8.9,901,4586,6304,01:30:22,5422,1720684130.2485876
2024-07-11 09:48:50,5.09,0.571,2.906,25.0,0.0,0.0,8.9,901,4586,6304,01:30:22,5422,1720684130.586053
2024-07-11 09:48:50,5.09,0.55,2.799,25.0,0.0,0.0,9.2,901,4587,6305,01:30:22,5422,1720684130.9273236
2024-07-11 09:48:51,5.09,0.539,2.743,25.0,0.0,0.0,9.4,901,4587,6305,01:30:23,5423,1720684131.2766223
2024-07-11 09:48:51,5.09,0.539,2.743,25.0,0.0,0.0,9.4,901,4588,6306,01:30:23,5423,1720684131.6124618
2024-07-11 09:48:51,5.09,0.541,2.753,25.0,0.0,0.0,9.4,901,4588,6306,01:30:23,5423,1720684131.9510307
2024-07-11 09:48:52,5.09,0.541,2.753,25.0,0.0,0.0,9.4,901,4588,6306,01:30:24,5424,1720684132.2973518
2024-07-11 09:48:52,5.09,0.522,2.656,25.0,0.01,0.0,9.7,901,4589,6307,01:30:24,5424,1720684132.6324449
2024-07-11 09:48:52,5.1,0.505,2.575,25.0,0.01,0.0,10.0,901,4589,6307,01:30:24,5424,1720684132.9735754
2024-07-11 09:48:53,5.1,0.505,2.575,25.0,0.01,0.0,10.0,901,4589,6307,01:30:25,5425,1720684133.321077
2024-07-11 09:48:53,5.08,0.606,3.078,25.0,0.01,0.0,8.3,901,4589,6308,01:30:25,5425,1720684133.6760283
2024-07-11 09:48:53,5.09,0.532,2.707,25.0,0.01,0.0,9.5,901,4589,6308,01:30:25,5425,1720684133.9973507
2024-07-11 09:48:54,5.09,0.532,2.707,25.0,0.01,0.0,9.5,901,4589,6308,01:30:26,5426,1720684134.345956
2024-07-11 09:48:54,5.09,0.553,2.814,25.0,0.01,0.0,9.2,901,4590,6309,01:30:26,5426,1720684134.6794815
2024-07-11 09:48:55,5.09,0.553,2.814,25.0,0.01,0.0,9.2,901,4590,6309,01:30:26,5426,1720684135.021027
2024-07-11 09:48:55,5.09,0.548,2.789,25.0,0.01,0.0,9.2,901,4590,6309,01:30:27,5427,1720684135.361495
2024-07-11 09:48:55,5.1,0.5,2.55,25.0,0.01,0.0,10.2,901,4591,6310,01:30:27,5427,1720684135.702602
2024-07-11 09:48:56,5.1,0.5,2.55,25.0,0.01,0.0,10.2,901,4591,6310,01:30:27,5427,1720684136.04291
2024-07-11 09:48:56,5.09,0.53,2.697,25.0,0.01,0.0,9.6,901,4591,6310,01:30:28,5428,1720684136.3843892
2024-07-11 09:48:56,5.09,0.59,3.003,25.0,0.01,0.0,8.6,902,4592,6311,01:30:28,5428,1720684136.7273135
2024-07-11 09:48:57,5.09,0.59,3.003,25.0,0.01,0.0,8.6,902,4592,6311,01:30:28,5428,1720684137.069717
2024-07-11 09:48:57,5.09,0.54,2.748,25.0,0.01,0.0,9.4,902,4592,6311,01:30:29,5429,1720684137.4085443
2024-07-11 09:48:57,5.09,0.54,2.748,25.0,0.01,0.0,9.4,902,4592,6312,01:30:29,5429,1720684137.7496552
2024-07-11 09:48:58,5.09,0.533,2.712,25.0,0.01,0.0,9.5,902,4592,6312,01:30:29,5429,1720684138.0905957
2024-07-11 09:48:58,5.09,0.536,2.728,25.0,0.01,0.0,9.4,902,4592,6312,01:30:30,5430,1720684138.432296
2024-07-11 09:48:58,5.09,0.536,2.728,25.0,0.01,0.0,9.4,902,4593,6313,01:30:30,5430,1720684138.7964451
2024-07-11 09:48:59,5.1,0.52,2.652,25.0,0.01,0.0,9.8,902,4593,6313,01:30:31,5431,1720684139.1144128
2024-07-11 09:48:59,5.1,0.496,2.529,25.0,0.01,0.0,10.2,902,4593,6313,01:30:31,5431,1720684139.4560695
2024-07-11 09:48:59,5.1,0.496,2.529,25.0,0.01,0.0,10.2,902,4594,6314,01:30:31,5431,1720684139.7990856
2024-07-11 09:49:00,5.1,0.506,2.58,25.0,0.01,0.0,10.0,902,4594,6314,01:30:32,5432,1720684140.138475
2024-07-11 09:49:00,5.1,0.506,2.58,25.0,0.01,0.0,10.0,902,4594,6314,01:30:32,5432,1720684140.4795964
2024-07-11 09:49:00,5.1,0.503,2.565,25.0,0.01,0.0,10.1,902,4595,6315,01:30:32,5432,1720684140.819871
2024-07-11 09:49:01,5.09,0.547,2.784,25.0,0.01,0.0,9.3,902,4595,6315,01:30:33,5433,1720684141.1609244
2024-07-11 09:49:01,5.09,0.547,2.784,25.0,0.01,0.0,9.3,902,4595,6315,01:30:33,5433,1720684141.5016744
2024-07-11 09:49:01,5.09,0.575,2.926,25.0,0.01,0.0,8.8,902,4595,6316,01:30:33,5433,1720684141.843599
2024-07-11 09:49:02,5.09,0.549,2.794,25.0,0.01,0.0,9.2,902,4595,6316,01:30:34,5434,1720684142.1848302
2024-07-11 09:49:02,5.09,0.549,2.794,25.0,0.01,0.0,9.2,902,4595,6316,01:30:34,5434,1720684142.5260787
2024-07-11 09:49:02,5.09,0.537,2.733,25.0,0.01,0.0,9.4,902,4596,6317,01:30:34,5434,1720684142.8673594
2024-07-11 09:49:03,5.09,0.537,2.733,25.0,0.01,0.0,9.4,902,4596,6317,01:30:35,5435,1720684143.2085898
2024-07-11 09:49:03,5.1,0.526,2.682,25.0,0.01,0.0,9.6,902,4596,6317,01:30:35,5435,1720684143.5498378
2024-07-11 09:49:03,5.1,0.504,2.57,25.0,0.01,0.0,10.1,903,4597,6318,01:30:35,5435,1720684143.9156969
2024-07-11 09:49:04,5.1,0.504,2.57,25.0,0.01,0.0,10.1,903,4597,6318,01:30:36,5436,1720684144.231065
2024-07-11 09:49:04,5.1,0.515,2.626,25.0,0.01,0.0,9.9,903,4597,6318,01:30:36,5436,1720684144.5721476
2024-07-11 09:49:04,5.09,0.553,2.814,25.0,0.01,0.0,9.2,903,4598,6319,01:30:36,5436,1720684144.9131424
2024-07-11 09:49:05,5.09,0.553,2.814,25.0,0.01,0.0,9.2,903,4598,6319,01:30:37,5437,1720684145.2547696
2024-07-11 09:49:05,5.08,0.608,3.088,25.0,0.01,0.0,8.3,903,4598,6320,01:30:37,5437,1720684145.5957077
2024-07-11 09:49:05,5.08,0.608,3.088,25.0,0.01,0.0,8.3,903,4598,6320,01:30:37,5437,1720684145.936605
2024-07-11 09:49:06,5.09,0.563,2.865,25.0,0.0,0.0,9.0,903,4598,6320,01:30:38,5438,1720684146.2785292
2024-07-11 09:49:06,5.1,0.501,2.555,25.0,0.0,0.0,10.1,903,4599,6321,01:30:38,5438,1720684146.6198616
2024-07-11 09:49:06,5.1,0.501,2.555,25.0,0.0,0.0,10.1,903,4599,6321,01:30:38,5438,1720684146.961066
2024-07-11 09:49:07,5.1,0.505,2.575,25.0,0.0,0.0,10.0,903,4599,6321,01:30:39,5439,1720684147.302605
2024-07-11 09:49:07,5.1,0.509,2.595,25.0,0.0,0.0,10.0,903,4600,6322,01:30:39,5439,1720684147.643591
2024-07-11 09:49:07,5.1,0.509,2.595,25.0,0.0,0.0,10.0,903,4600,6322,01:30:39,5439,1720684147.9835908
2024-07-11 09:49:08,5.09,0.596,3.033,25.0,0.0,0.0,8.5,903,4600,6322,01:30:40,5440,1720684148.3240955
2024-07-11 09:49:08,5.09,0.596,3.033,25.0,0.0,0.0,8.5,903,4601,6323,01:30:40,5440,1720684148.6661475
2024-07-11 09:49:09,5.09,0.584,2.972,25.0,0.0,0.0,8.7,903,4601,6323,01:30:40,5440,1720684149.0360804
2024-07-11 09:49:09,5.1,0.536,2.733,25.0,0.0,0.0,9.5,903,4601,6323,01:30:41,5441,1720684149.348567
2024-07-11 09:49:09,5.1,0.536,2.733,25.0,0.0,0.0,9.5,903,4602,6324,01:30:41,5441,1720684149.6898885
2024-07-11 09:49:10,5.1,0.517,2.636,25.0,0.0,0.0,9.8,903,4602,6324,01:30:41,5441,1720684150.0311537
2024-07-11 09:49:10,5.1,0.5,2.55,25.0,0.0,0.0,10.2,903,4602,6324,01:30:42,5442,1720684150.3721964
2024-07-11 09:49:10,5.1,0.5,2.55,25.0,0.0,0.0,10.2,904,4602,6325,01:30:42,5442,1720684150.7134204
2024-07-11 09:49:11,5.1,0.52,2.652,25.0,0.0,0.0,9.8,904,4602,6325,01:30:42,5442,1720684151.054874
2024-07-11 09:49:11,5.1,0.52,2.652,25.0,0.0,0.0,9.8,904,4602,6325,01:30:43,5443,1720684151.3961446
2024-07-11 09:49:11,5.09,0.563,2.865,25.0,0.0,0.0,9.0,904,4603,6326,01:30:43,5443,1720684151.7368817
2024-07-11 09:49:12,5.09,0.579,2.947,25.0,0.0,0.0,8.7,904,4603,6326,01:30:43,5443,1720684152.078637
2024-07-11 09:49:12,5.09,0.579,2.947,25.0,0.0,0.0,8.7,904,4603,6326,01:30:44,5444,1720684152.4198902
2024-07-11 09:49:12,5.09,0.574,2.921,25.0,0.0,0.0,8.8,904,4604,6327,01:30:44,5444,1720684152.7598834
2024-07-11 09:49:13,5.1,0.506,2.58,25.0,0.0,0.0,10.0,904,4604,6327,01:30:44,5444,1720684153.1009796
2024-07-11 09:49:13,5.1,0.506,2.58,25.0,0.0,0.0,10.0,904,4604,6327,01:30:45,5445,1720684153.4424334
2024-07-11 09:49:13,5.1,0.508,2.59,25.0,0.0,0.0,10.0,904,4605,6328,01:30:45,5445,1720684153.783613
2024-07-11 09:49:14,5.1,0.508,2.59,25.0,0.0,0.0,10.0,904,4605,6328,01:30:46,5446,1720684154.1571062
2024-07-11 09:49:14,5.1,0.51,2.601,25.0,0.0,0.0,10.0,904,4605,6328,01:30:46,5446,1720684154.466131
2024-07-11 09:49:14,5.09,0.576,2.931,25.0,0.0,0.0,8.8,904,4605,6329,01:30:46,5446,1720684154.8073852
2024-07-11 09:49:15,5.09,0.576,2.931,25.0,0.0,0.0,8.8,904,4605,6329,01:30:47,5447,1720684155.1466503
2024-07-11 09:49:15,5.09,0.557,2.835,25.0,0.0,0.0,9.1,904,4605,6329,01:30:47,5447,1720684155.4885614
2024-07-11 09:49:15,5.1,0.5,2.55,25.0,0.0,0.0,10.2,904,4606,6330,01:30:47,5447,1720684155.8296523
2024-07-11 09:49:16,5.1,0.5,2.55,25.0,0.0,0.0,10.2,904,4606,6330,01:30:48,5448,1720684156.1702306
2024-07-11 09:49:16,5.1,0.526,2.682,25.0,0.0,0.0,9.6,904,4606,6330,01:30:48,5448,1720684156.5121047
2024-07-11 09:49:16,5.1,0.526,2.682,25.0,0.0,0.0,9.6,905,4607,6331,01:30:48,5448,1720684156.853611
2024-07-11 09:49:17,5.08,0.621,3.154,25.0,0.0,0.0,8.1,905,4607,6331,01:30:49,5449,1720684157.1942482
2024-07-11 09:49:17,5.09,0.584,2.972,25.0,0.0,0.0,8.7,905,4607,6331,01:30:49,5449,1720684157.5561416
2024-07-11 09:49:17,5.09,0.584,2.972,25.0,0.0,0.0,8.7,905,4608,6332,01:30:49,5449,1720684157.8761313
2024-07-11 09:49:18,5.1,0.515,2.626,25.0,0.0,0.0,9.9,905,4608,6332,01:30:50,5450,1720684158.217399
2024-07-11 09:49:18,5.1,0.505,2.575,25.0,0.0,0.0,10.0,905,4608,6333,01:30:50,5450,1720684158.5596118
2024-07-11 09:49:18,5.1,0.505,2.575,25.0,0.0,0.0,10.0,905,4608,6333,01:30:50,5450,1720684158.899914
2024-07-11 09:49:19,5.1,0.503,2.565,25.0,0.01,0.0,10.1,905,4608,6333,01:30:51,5451,1720684159.2411208
2024-07-11 09:49:19,5.1,0.503,2.565,25.0,0.01,0.0,10.1,905,4609,6334,01:30:51,5451,1720684159.5826178
2024-07-11 09:49:19,5.1,0.529,2.697,25.0,0.01,0.0,9.6,905,4609,6334,01:30:51,5451,1720684159.9236772
2024-07-11 09:49:20,5.09,0.581,2.957,25.0,0.01,0.0,8.7,905,4609,6334,01:30:52,5452,1720684160.2661192
2024-07-11 09:49:20,5.09,0.581,2.957,25.0,0.01,0.0,8.7,905,4610,6335,01:30:52,5452,1720684160.6061184
2024-07-11 09:49:20,5.09,0.54,2.748,25.0,0.01,0.0,9.4,905,4610,6335,01:30:52,5452,1720684160.9473848
2024-07-11 09:49:21,5.09,0.548,2.789,25.0,0.01,0.0,9.2,905,4610,6335,01:30:53,5453,1720684161.2886477
2024-07-11 09:49:21,5.09,0.548,2.789,25.0,0.01,0.0,9.2,905,4611,6336,01:30:53,5453,1720684161.6298862
2024-07-11 09:49:21,5.09,0.547,2.784,25.0,0.01,0.0,9.3,905,4611,6336,01:30:53,5453,1720684161.970348
2024-07-11 09:49:22,5.09,0.547,2.784,25.0,0.01,0.0,9.3,905,4611,6336,01:30:54,5454,1720684162.3120878
2024-07-11 09:49:22,5.1,0.503,2.565,25.0,0.01,0.0,10.1,905,4611,6337,01:30:54,5454,1720684162.6536484
2024-07-11 09:49:22,5.1,0.503,2.565,25.0,0.01,0.0,10.1,905,4611,6337,01:30:54,5454,1720684162.9948957
2024-07-11 09:49:23,5.1,0.503,2.565,25.0,0.01,0.0,10.1,905,4611,6337,01:30:55,5455,1720684163.3386624
2024-07-11 09:49:23,5.09,0.541,2.753,25.0,0.01,0.0,9.4,906,4612,6338,01:30:55,5455,1720684163.677345
2024-07-11 09:49:24,5.09,0.59,3.003,25.0,0.01,0.0,8.6,906,4612,6338,01:30:55,5455,1720684164.018652
2024-07-11 09:49:24,5.09,0.59,3.003,25.0,0.01,0.0,8.6,906,4612,6338,01:30:56,5456,1720684164.359936
2024-07-11 09:49:24,5.09,0.578,2.942,25.0,0.01,0.0,8.8,906,4613,6339,01:30:56,5456,1720684164.7011087
2024-07-11 09:49:25,5.09,0.578,2.942,25.0,0.01,0.0,8.8,906,4613,6339,01:30:56,5456,1720684165.042415
2024-07-11 09:49:25,5.1,0.519,2.646,25.0,0.01,0.0,9.8,906,4613,6339,01:30:57,5457,1720684165.3828142
2024-07-11 09:49:25,5.1,0.486,2.478,25.0,0.01,0.0,10.4,906,4614,6340,01:30:57,5457,1720684165.724915
2024-07-11 09:49:26,5.1,0.486,2.478,25.0,0.01,0.0,10.4,906,4614,6340,01:30:57,5457,1720684166.0648966
2024-07-11 09:49:26,5.1,0.505,2.575,25.0,0.01,0.0,10.0,906,4614,6340,01:30:58,5458,1720684166.4060655
2024-07-11 09:49:26,5.09,0.547,2.784,25.0,0.01,0.0,9.3,906,4614,6341,01:30:58,5458,1720684166.7473865
2024-07-11 09:49:27,5.09,0.547,2.784,25.0,0.01,0.0,9.3,906,4614,6341,01:30:58,5458,1720684167.088405
2024-07-11 09:49:27,5.09,0.573,2.916,25.0,0.01,0.0,8.8,906,4614,6341,01:30:59,5459,1720684167.429793
2024-07-11 09:49:27,5.09,0.573,2.916,25.0,0.01,0.0,8.8,906,4615,6342,01:30:59,5459,1720684167.7711284
2024-07-11 09:49:28,5.09,0.547,2.784,25.0,0.01,0.0,9.3,906,4615,6342,01:31:00,5460,1720684168.1122499
2024-07-11 09:49:28,5.09,0.561,2.855,25.0,0.01,0.0,9.0,906,4615,6342,01:31:00,5460,1720684168.4560628
2024-07-11 09:49:28,5.09,0.561,2.855,25.0,0.01,0.0,9.0,906,4616,6343,01:31:00,5460,1720684168.7947397
2024-07-11 09:49:29,5.1,0.515,2.626,25.0,0.01,0.0,9.9,906,4616,6343,01:31:01,5461,1720684169.1361144
2024-07-11 09:49:29,5.1,0.513,2.616,25.0,0.01,0.0,9.9,906,4616,6343,01:31:01,5461,1720684169.4799194
2024-07-11 09:49:29,5.1,0.513,2.616,25.0,0.01,0.0,9.9,906,4617,6344,01:31:01,5461,1720684169.818557
2024-07-11 09:49:30,5.09,0.568,2.891,25.0,0.01,0.0,8.9,906,4617,6344,01:31:02,5462,1720684170.161119
2024-07-11 09:49:30,5.09,0.568,2.891,25.0,0.01,0.0,8.9,906,4617,6344,01:31:02,5462,1720684170.5011008
2024-07-11 09:49:30,5.09,0.548,2.789,25.0,0.01,0.0,9.2,907,4618,6345,01:31:02,5462,1720684170.8424602
2024-07-11 09:49:31,5.1,0.514,2.621,25.0,0.01,0.0,9.9,907,4618,6345,01:31:03,5463,1720684171.1833222
2024-07-11 09:49:31,5.1,0.514,2.621,25.0,0.01,0.0,9.9,907,4618,6346,01:31:03,5463,1720684171.523659
2024-07-11 09:49:31,5.09,0.546,2.779,25.0,0.0,0.0,9.3,907,4618,6346,01:31:03,5463,1720684171.864954
2024-07-11 09:49:32,5.08,0.624,3.169,25.0,0.0,0.0,8.1,907,4618,6346,01:31:04,5464,1720684172.2058952
2024-07-11 09:49:32,5.08,0.624,3.169,25.0,0.0,0.0,8.1,907,4619,6347,01:31:04,5464,1720684172.5473077
2024-07-11 09:49:32,5.1,0.508,2.59,25.0,0.0,0.0,10.0,907,4619,6347,01:31:04,5464,1720684172.8882322
2024-07-11 09:49:33,5.1,0.508,2.59,25.0,0.0,0.0,10.0,907,4619,6347,01:31:05,5465,1720684173.229933
2024-07-11 09:49:33,5.1,0.511,2.606,25.0,0.01,0.0,9.9,907,4620,6348,01:31:05,5465,1720684173.5711598
2024-07-11 09:49:33,5.09,0.547,2.784,25.0,0.01,0.0,9.3,907,4620,6348,01:31:05,5465,1720684173.9119363
2024-07-11 09:49:34,5.09,0.547,2.784,25.0,0.01,0.0,9.3,907,4620,6348,01:31:06,5466,1720684174.2536733
2024-07-11 09:49:34,5.1,0.505,2.575,25.0,0.01,0.0,10.0,907,4621,6349,01:31:06,5466,1720684174.5974123
2024-07-11 09:49:34,5.09,0.585,2.977,25.0,0.01,0.0,8.7,907,4621,6349,01:31:06,5466,1720684174.9361541
2024-07-11 09:49:35,5.09,0.585,2.977,25.0,0.01,0.0,8.7,907,4621,6349,01:31:07,5467,1720684175.278694
2024-07-11 09:49:35,5.09,0.572,2.911,25.0,0.01,0.0,8.8,907,4622,6350,01:31:07,5467,1720684175.6207712
2024-07-11 09:49:35,5.09,0.572,2.911,25.0,0.01,0.0,8.8,907,4622,6350,01:31:07,5467,1720684175.9625866
2024-07-11 09:49:36,5.1,0.506,2.58,25.0,0.01,0.0,10.0,907,4622,6350,01:31:08,5468,1720684176.3012285
2024-07-11 09:49:36,5.09,0.568,2.891,25.0,0.01,0.0,8.9,908,4622,6351,01:31:08,5468,1720684176.642641
2024-07-11 09:49:36,5.09,0.568,2.891,25.0,0.01,0.0,8.9,908,4622,6351,01:31:08,5468,1720684176.9836712
2024-07-11 09:49:37,5.08,0.616,3.129,25.0,0.01,0.0,8.2,908,4622,6351,01:31:09,5469,1720684177.324838
2024-07-11 09:49:37,5.1,0.52,2.652,25.0,0.01,0.0,9.8,908,4623,6352,01:31:09,5469,1720684177.6676686
2024-07-11 09:49:38,5.1,0.52,2.652,25.0,0.01,0.0,9.8,908,4623,6352,01:31:09,5469,1720684178.0074294
2024-07-11 09:49:38,5.09,0.54,2.748,25.0,0.01,0.0,9.4,908,4623,6352,01:31:10,5470,1720684178.348559
2024-07-11 09:49:38,5.09,0.54,2.748,25.0,0.01,0.0,9.4,908,4624,6353,01:31:10,5470,1720684178.6914907
2024-07-11 09:49:39,5.1,0.504,2.57,25.0,0.01,0.0,10.1,908,4624,6353,01:31:10,5470,1720684179.0302868
2024-07-11 09:49:39,5.1,0.503,2.565,25.0,0.01,0.0,10.1,908,4624,6353,01:31:11,5471,1720684179.3724968
2024-07-11 09:49:39,5.1,0.503,2.565,25.0,0.01,0.0,10.1,908,4625,6354,01:31:11,5471,1720684179.7160754
2024-07-11 09:49:40,5.09,0.565,2.875,25.0,0.01,0.0,9.0,908,4625,6354,01:31:11,5471,1720684180.057399
2024-07-11 09:49:40,5.08,0.606,3.078,25.0,0.01,0.0,8.3,908,4625,6354,01:31:12,5472,1720684180.3977833
2024-07-11 09:49:40,5.08,0.606,3.078,25.0,0.01,0.0,8.3,908,4625,6355,01:31:12,5472,1720684180.7374105
2024-07-11 09:49:41,5.09,0.544,2.768,25.0,0.01,0.0,9.3,908,4625,6355,01:31:12,5472,1720684181.0787077
2024-07-11 09:49:41,5.09,0.544,2.768,25.0,0.01,0.0,9.3,908,4625,6355,01:31:13,5473,1720684181.4198372
2024-07-11 09:49:41,5.1,0.53,2.703,25.0,0.01,0.0,9.6,908,4626,6356,01:31:13,5473,1720684181.7612393
2024-07-11 09:49:42,5.1,0.501,2.555,25.0,0.01,0.0,10.1,908,4626,6356,01:31:13,5473,1720684182.101878
2024-07-11 09:49:42,5.1,0.501,2.555,25.0,0.01,0.0,10.1,908,4626,6356,01:31:14,5474,1720684182.4429252
2024-07-11 09:49:42,5.1,0.503,2.565,25.0,0.01,0.0,10.1,908,4627,6357,01:31:14,5474,1720684182.7849524
2024-07-11 09:49:43,5.1,0.504,2.57,25.0,0.01,0.0,10.1,908,4627,6357,01:31:15,5475,1720684183.1262429
2024-07-11 09:49:43,5.1,0.504,2.57,25.0,0.01,0.0,10.1,908,4627,6357,01:31:15,5475,1720684183.4674118
2024-07-11 09:49:43,5.1,0.51,2.601,25.0,0.01,0.0,10.0,909,4628,6358,01:31:15,5475,1720684183.811203
2024-07-11 09:49:44,5.1,0.51,2.601,25.0,0.01,0.0,10.0,909,4628,6358,01:31:16,5476,1720684184.1487286
2024-07-11 09:49:44,5.08,0.626,3.18,25.0,0.01,0.0,8.1,909,4628,6359,01:31:16,5476,1720684184.4912374
2024-07-11 09:49:44,5.08,0.611,3.103,25.0,0.0,0.0,8.3,909,4628,6359,01:31:16,5476,1720684184.8320694
2024-07-11 09:49:45,5.08,0.611,3.103,25.0,0.0,0.0,8.3,909,4628,6359,01:31:17,5477,1720684185.1723526
2024-07-11 09:49:45,5.1,0.5,2.55,25.0,0.0,0.0,10.2,909,4629,6360,01:31:17,5477,1720684185.5164738
2024-07-11 09:49:45,5.1,0.504,2.57,25.0,0.0,0.0,10.1,909,4629,6360,01:31:17,5477,1720684185.8597903
2024-07-11 09:49:46,5.1,0.504,2.57,25.0,0.0,0.0,10.1,909,4629,6360,01:31:18,5478,1720684186.1961613
2024-07-11 09:49:46,5.1,0.508,2.59,25.0,0.0,0.0,10.0,909,4630,6361,01:31:18,5478,1720684186.5374732
2024-07-11 09:49:46,5.1,0.508,2.59,25.0,0.0,0.0,10.0,909,4630,6361,01:31:18,5478,1720684186.8787205
2024-07-11 09:49:47,5.1,0.51,2.601,25.0,0.0,0.0,10.0,909,4630,6361,01:31:19,5479,1720684187.2199311
2024-07-11 09:49:47,5.08,0.607,3.083,25.0,0.0,0.0,8.3,909,4631,6362,01:31:19,5479,1720684187.5611112
2024-07-11 09:49:47,5.08,0.607,3.083,25.0,0.0,0.0,8.3,909,4631,6362,01:31:19,5479,1720684187.901424
2024-07-11 09:49:48,5.1,0.517,2.636,25.0,0.0,0.0,9.8,909,4631,6362,01:31:20,5480,1720684188.2435405
2024-07-11 09:49:48,5.1,0.504,2.57,25.0,0.0,0.0,10.1,909,4631,6363,01:31:20,5480,1720684188.584448
2024-07-11 09:49:48,5.1,0.504,2.57,25.0,0.0,0.0,10.1,909,4631,6363,01:31:20,5480,1720684188.9321618
2024-07-11 09:49:49,5.1,0.502,2.56,25.0,0.0,0.0,10.1,909,4631,6363,01:31:21,5481,1720684189.2667148
2024-07-11 09:49:49,5.1,0.502,2.56,25.0,0.0,0.0,10.1,909,4632,6364,01:31:21,5481,1720684189.6074855
2024-07-11 09:49:49,5.1,0.529,2.697,25.0,0.0,0.0,9.6,909,4632,6364,01:31:21,5481,1720684189.9517384
2024-07-11 09:49:50,5.08,0.643,3.266,25.0,0.0,0.0,7.9,909,4632,6364,01:31:22,5482,1720684190.2930923
2024-07-11 09:49:50,5.08,0.643,3.266,25.0,0.0,0.0,7.9,910,4633,6365,01:31:22,5482,1720684190.6362317
2024-07-11 09:49:50,5.09,0.567,2.886,25.0,0.0,0.0,8.9,910,4633,6365,01:31:22,5482,1720684190.972255
2024-07-11 09:49:51,5.1,0.503,2.565,25.0,0.0,0.0,10.1,910,4633,6365,01:31:23,5483,1720684191.3137388
2024-07-11 09:49:51,5.1,0.503,2.565,25.0,0.0,0.0,10.1,910,4634,6366,01:31:23,5483,1720684191.6549487
2024-07-11 09:49:52,5.1,0.506,2.58,25.0,0.0,0.0,10.0,910,4634,6366,01:31:23,5483,1720684192.0036128
2024-07-11 09:49:52,5.1,0.506,2.58,25.0,0.0,0.0,10.0,910,4634,6366,01:31:24,5484,1720684192.3374887
2024-07-11 09:49:52,5.1,0.501,2.555,25.0,0.0,0.0,10.1,910,4634,6367,01:31:24,5484,1720684192.6786022
2024-07-11 09:49:53,5.1,0.504,2.57,25.0,0.0,0.0,10.1,910,4634,6367,01:31:24,5484,1720684193.0199535
2024-07-11 09:49:53,5.1,0.504,2.57,25.0,0.0,0.0,10.1,910,4634,6367,01:31:25,5485,1720684193.361239
2024-07-11 09:49:53,5.08,0.613,3.114,25.0,0.0,0.0,8.2,910,4635,6368,01:31:25,5485,1720684193.7020288
2024-07-11 09:49:54,5.08,0.628,3.19,25.0,0.0,0.0,8.0,910,4635,6368,01:31:25,5485,1720684194.0437078
2024-07-11 09:49:54,5.08,0.628,3.19,25.0,0.0,0.0,8.0,910,4635,6368,01:31:26,5486,1720684194.3837729
2024-07-11 09:49:54,5.1,0.504,2.57,25.0,0.0,0.0,10.1,910,4636,6369,01:31:26,5486,1720684194.7249272
2024-07-11 09:49:55,5.1,0.504,2.57,25.0,0.0,0.0,10.1,910,4636,6369,01:31:26,5486,1720684195.0685534
2024-07-11 09:49:55,5.1,0.503,2.565,25.0,0.0,0.0,10.1,910,4636,6369,01:31:27,5487,1720684195.4074585
2024-07-11 09:49:55,5.1,0.504,2.57,25.0,0.0,0.0,10.1,910,4637,6370,01:31:27,5487,1720684195.756497
2024-07-11 09:49:56,5.1,0.504,2.57,25.0,0.0,0.0,10.1,910,4637,6370,01:31:27,5487,1720684196.0978749
2024-07-11 09:49:56,5.1,0.522,2.662,25.0,0.0,0.0,9.7,910,4637,6370,01:31:28,5488,1720684196.4312606
2024-07-11 09:49:56,5.09,0.56,2.85,25.0,0.0,0.0,9.0,911,4637,6371,01:31:28,5488,1720684196.772266
2024-07-11 09:49:57,5.09,0.56,2.85,25.0,0.0,0.0,9.0,911,4637,6371,01:31:29,5489,1720684197.119943
2024-07-11 09:49:57,5.1,0.524,2.672,25.0,0.0,0.0,9.7,911,4637,6371,01:31:29,5489,1720684197.4537172
2024-07-11 09:49:57,5.1,0.524,2.672,25.0,0.0,0.0,9.7,911,4638,6372,01:31:29,5489,1720684197.794959
2024-07-11 09:49:58,5.1,0.526,2.682,25.0,0.0,0.0,9.6,911,4638,6372,01:31:30,5490,1720684198.1449647
2024-07-11 09:49:58,5.1,0.503,2.565,25.0,0.0,0.0,10.1,911,4639,6373,01:31:30,5490,1720684198.4769838
2024-07-11 09:49:58,5.1,0.503,2.565,25.0,0.0,0.0,10.1,911,4639,6373,01:31:30,5490,1720684198.8187463
2024-07-11 09:49:59,5.1,0.527,2.687,25.0,0.0,0.0,9.6,911,4639,6373,01:31:31,5491,1720684199.1662793
2024-07-11 09:49:59,5.09,0.545,2.774,25.0,0.0,0.0,9.3,911,4640,6374,01:31:31,5491,1720684199.500681
2024-07-11 09:49:59,5.09,0.545,2.774,25.0,0.0,0.0,9.3,911,4640,6374,01:31:31,5491,1720684199.8424664
2024-07-11 09:50:00,5.09,0.584,2.972,25.0,0.01,0.0,8.7,911,4640,6374,01:31:32,5492,1720684200.1862414
2024-07-11 09:50:00,5.09,0.584,2.972,25.0,0.01,0.0,8.7,911,4641,6375,01:31:32,5492,1720684200.5250468
2024-07-11 09:50:00,5.09,0.561,2.855,25.0,0.01,0.0,9.0,911,4641,6375,01:31:32,5492,1720684200.876614
2024-07-11 09:50:01,5.1,0.525,2.677,25.0,0.01,0.0,9.7,911,4641,6375,01:31:33,5493,1720684201.2162836
2024-07-11 09:50:01,5.1,0.525,2.677,25.0,0.01,0.0,9.7,911,4641,6376,01:31:33,5493,1720684201.547453
2024-07-11 09:50:01,5.1,0.503,2.565,25.0,0.01,0.0,10.1,911,4641,6376,01:31:33,5493,1720684201.8886876
2024-07-11 09:50:02,5.1,0.495,2.524,25.0,0.01,0.0,10.3,911,4641,6376,01:31:34,5494,1720684202.230041
2024-07-11 09:50:02,5.1,0.495,2.524,25.0,0.01,0.0,10.3,911,4642,6377,01:31:34,5494,1720684202.5712514
2024-07-11 09:50:02,5.09,0.574,2.921,25.0,0.01,0.0,8.8,911,4642,6377,01:31:34,5494,1720684202.9124181
2024-07-11 09:50:03,5.09,0.574,2.921,25.0,0.01,0.0,8.8,911,4642,6377,01:31:35,5495,1720684203.2536922
2024-07-11 09:50:03,5.09,0.55,2.799,25.0,0.01,0.0,9.2,912,4643,6378,01:31:35,5495,1720684203.5948224
2024-07-11 09:50:03,5.09,0.577,2.936,25.0,0.01,0.0,8.8,912,4643,6378,01:31:35,5495,1720684203.9362872
2024-07-11 09:50:04,5.09,0.577,2.936,25.0,0.01,0.0,8.8,912,4643,6378,01:31:36,5496,1720684204.277536
2024-07-11 09:50:04,5.1,0.515,2.626,25.0,0.01,0.0,9.9,912,4644,6379,01:31:36,5496,1720684204.6187391
2024-07-11 09:50:04,5.1,0.503,2.565,25.0,0.01,0.0,10.1,912,4644,6379,01:31:36,5496,1720684204.9600441
2024-07-11 09:50:05,5.1,0.503,2.565,25.0,0.01,0.0,10.1,912,4644,6379,01:31:37,5497,1720684205.301193
2024-07-11 09:50:05,5.09,0.538,2.738,25.0,0.01,0.0,9.4,912,4644,6380,01:31:37,5497,1720684205.6424377
2024-07-11 09:50:05,5.09,0.538,2.738,25.0,0.01,0.0,9.4,912,4644,6380,01:31:37,5497,1720684205.9963093
2024-07-11 09:50:06,5.09,0.534,2.718,25.0,0.01,0.0,9.5,912,4644,6380,01:31:38,5498,1720684206.323315
2024-07-11 09:50:06,5.09,0.588,2.992,25.0,0.01,0.0,8.6,912,4645,6381,01:31:38,5498,1720684206.66503
2024-07-11 09:50:07,5.09,0.588,2.992,25.0,0.01,0.0,8.6,912,4645,6381,01:31:38,5498,1720684207.0062795
2024-07-11 09:50:07,5.1,0.521,2.657,25.0,0.01,0.0,9.7,912,4645,6381,01:31:39,5499,1720684207.347481
2024-07-11 09:50:07,5.1,0.519,2.646,25.0,0.01,0.0,9.8,912,4646,6382,01:31:39,5499,1720684207.6887507
2024-07-11 09:50:08,5.1,0.519,2.646,25.0,0.01,0.0,9.8,912,4646,6382,01:31:39,5499,1720684208.030117
2024-07-11 09:50:08,5.08,0.594,3.017,25.0,0.01,0.0,8.5,912,4646,6382,01:31:40,5500,1720684208.3712761
2024-07-11 09:50:08,5.08,0.594,3.017,25.0,0.01,0.0,8.5,912,4647,6383,01:31:40,5500,1720684208.7113085
2024-07-11 09:50:09,5.1,0.52,2.652,25.0,0.01,0.0,9.8,912,4647,6383,01:31:40,5500,1720684209.0524354
2024-07-11 09:50:09,5.09,0.577,2.936,25.0,0.01,0.0,8.8,912,4647,6383,01:31:41,5501,1720684209.3936794
2024-07-11 09:50:09,5.09,0.577,2.936,25.0,0.01,0.0,8.8,912,4647,6384,01:31:41,5501,1720684209.734806
2024-07-11 09:50:10,5.1,0.53,2.703,25.0,0.01,0.0,9.6,912,4647,6384,01:31:41,5501,1720684210.0761678
2024-07-11 09:50:10,5.1,0.503,2.565,25.0,0.01,0.0,10.1,912,4647,6384,01:31:42,5502,1720684210.4175575
2024-07-11 09:50:10,5.1,0.503,2.565,25.0,0.01,0.0,10.1,913,4648,6385,01:31:42,5502,1720684210.7579272
2024-07-11 09:50:11,5.1,0.508,2.59,25.0,0.01,0.0,10.0,913,4648,6385,01:31:43,5503,1720684211.1163008
2024-07-11 09:50:11,5.1,0.508,2.59,25.0,0.01,0.0,10.0,913,4649,6386,01:31:43,5503,1720684211.4400184
2024-07-11 09:50:11,5.1,0.503,2.565,25.0,0.01,0.0,10.1,913,4649,6386,01:31:43,5503,1720684211.7822156
2024-07-11 09:50:12,5.1,0.486,2.478,25.0,0.01,0.0,10.4,913,4649,6386,01:31:44,5504,1720684212.1222272
2024-07-11 09:50:12,5.1,0.486,2.478,25.0,0.01,0.0,10.4,913,4650,6387,01:31:44,5504,1720684212.4637537
2024-07-11 09:50:12,5.1,0.464,2.366,25.0,0.01,0.0,10.9,913,4650,6387,01:31:44,5504,1720684212.8050058
2024-07-11 09:50:13,5.1,0.466,2.376,25.0,0.01,0.0,10.9,913,4650,6387,01:31:45,5505,1720684213.1466012
2024-07-11 09:50:13,5.1,0.466,2.376,25.0,0.01,0.0,10.9,913,4650,6388,01:31:45,5505,1720684213.4875407
2024-07-11 09:50:13,5.1,0.47,2.397,25.0,0.01,0.0,10.8,913,4650,6388,01:31:45,5505,1720684213.8287487
2024-07-11 09:50:14,5.1,0.47,2.397,25.0,0.01,0.0,10.8,913,4650,6388,01:31:46,5506,1720684214.1687634
2024-07-11 09:50:14,5.1,0.464,2.366,25.0,0.01,0.0,10.9,913,4651,6389,01:31:46,5506,1720684214.5100093
2024-07-11 09:50:14,5.1,0.467,2.381,25.0,0.01,0.0,10.9,913,4651,6389,01:31:46,5506,1720684214.8513258
2024-07-11 09:50:15,5.1,0.467,2.381,25.0,0.01,0.0,10.9,913,4651,6389,01:31:47,5507,1720684215.1923494
2024-07-11 09:50:15,5.1,0.466,2.376,25.0,0.01,0.0,10.9,913,4652,6390,01:31:47,5507,1720684215.5338433
2024-07-11 09:50:15,5.1,0.469,2.391,25.0,0.01,0.0,10.8,913,4652,6390,01:31:47,5507,1720684215.8752217
2024-07-11 09:50:16,5.1,0.469,2.391,25.0,0.01,0.0,10.8,913,4652,6390,01:31:48,5508,1720684216.2364929
2024-07-11 09:50:16,5.1,0.464,2.366,25.0,0.01,0.0,10.9,913,4652,6391,01:31:48,5508,1720684216.556862
2024-07-11 09:50:16,5.1,0.464,2.366,25.0,0.01,0.0,10.9,913,4652,6391,01:31:48,5508,1720684216.897515
2024-07-11 09:50:17,5.1,0.466,2.376,25.0,0.01,0.0,10.9,913,4652,6391,01:31:49,5509,1720684217.2388053
2024-07-11 09:50:17,5.1,0.465,2.371,25.0,0.01,0.0,10.9,914,4653,6392,01:31:49,5509,1720684217.5800023
2024-07-11 09:50:17,5.1,0.465,2.371,25.0,0.01,0.0,10.9,914,4653,6392,01:31:49,5509,1720684217.9213207
2024-07-11 09:50:18,5.1,0.463,2.361,25.0,0.01,0.0,11.0,914,4653,6392,01:31:50,5510,1720684218.2638578
2024-07-11 09:50:18,5.1,0.465,2.371,25.0,0.01,0.0,10.9,914,4654,6393,01:31:50,5510,1720684218.6037414
2024-07-11 09:50:18,5.1,0.465,2.371,25.0,0.01,0.0,10.9,914,4654,6393,01:31:50,5510,1720684218.9450078
2024-07-11 09:50:19,5.1,0.466,2.376,25.0,0.01,0.0,10.9,914,4654,6393,01:31:51,5511,1720684219.2862995
2024-07-11 09:50:19,5.1,0.466,2.376,25.0,0.01,0.0,10.9,914,4654,6394,01:31:51,5511,1720684219.6254997
2024-07-11 09:50:19,5.1,0.462,2.356,25.0,0.01,0.0,11.0,914,4654,6394,01:31:51,5511,1720684219.966802
2024-07-11 09:50:20,5.1,0.465,2.371,25.0,0.01,0.0,10.9,914,4654,6394,01:31:52,5512,1720684220.3085873
2024-07-11 09:50:20,5.1,0.465,2.371,25.0,0.01,0.0,10.9,914,4655,6395,01:31:52,5512,1720684220.6499996
2024-07-11 09:50:20,5.1,0.466,2.376,25.0,0.01,0.0,10.9,914,4655,6395,01:31:52,5512,1720684220.9913163
2024-07-11 09:50:21,5.1,0.464,2.366,25.0,0.01,0.0,10.9,914,4655,6395,01:31:53,5513,1720684221.3563495
2024-07-11 09:50:21,5.1,0.464,2.366,25.0,0.01,0.0,10.9,914,4656,6396,01:31:53,5513,1720684221.6738107
2024-07-11 09:50:22,5.1,0.462,2.356,25.0,0.01,0.0,11.0,914,4656,6396,01:31:53,5513,1720684222.0150015
2024-07-11 09:50:22,5.1,0.462,2.356,25.0,0.01,0.0,11.0,914,4656,6396,01:31:54,5514,1720684222.3550203
2024-07-11 09:50:22,5.1,0.466,2.376,25.0,0.01,0.0,10.9,914,4656,6397,01:31:54,5514,1720684222.6988034
2024-07-11 09:50:23,5.1,0.464,2.366,25.0,0.01,0.0,10.9,914,4656,6397,01:31:54,5514,1720684223.037521
2024-07-11 09:50:23,5.1,0.464,2.366,25.0,0.01,0.0,10.9,914,4656,6397,01:31:55,5515,1720684223.3784058
2024-07-11 09:50:23,5.1,0.462,2.356,25.0,0.01,0.0,11.0,914,4657,6398,01:31:55,5515,1720684223.720012
2024-07-11 09:50:24,5.1,0.465,2.371,25.0,0.01,0.0,10.9,914,4657,6398,01:31:55,5515,1720684224.0613337
2024-07-11 09:50:24,5.1,0.465,2.371,25.0,0.01,0.0,10.9,914,4658,6399,01:31:56,5516,1720684224.4018373
2024-07-11 09:50:24,5.1,0.465,2.371,25.0,0.0,0.0,10.9,914,4658,6399,01:31:56,5516,1720684224.7424214
2024-07-11 09:50:25,5.1,0.465,2.371,25.0,0.0,0.0,10.9,914,4658,6399,01:31:56,5516,1720684225.0858486
2024-07-11 09:50:25,5.1,0.468,2.386,25.0,0.0,0.0,10.8,915,4658,6400,01:31:57,5517,1720684225.4250283
2024-07-11 09:50:25,5.1,0.462,2.356,25.0,0.0,0.0,11.0,915,4658,6400,01:31:57,5517,1720684225.7659583
2024-07-11 09:50:26,5.1,0.462,2.356,25.0,0.0,0.0,11.0,915,4658,6400,01:31:58,5518,1720684226.107569
2024-07-11 09:50:26,5.11,0.464,2.371,25.0,0.0,0.0,11.0,915,4659,6401,01:31:58,5518,1720684226.4763107
2024-07-11 09:50:26,5.1,0.465,2.371,25.0,0.0,0.0,10.9,915,4659,6401,01:31:58,5518,1720684226.7894526
2024-07-11 09:50:27,5.1,0.465,2.371,25.0,0.0,0.0,10.9,915,4659,6401,01:31:59,5519,1720684227.1312082
2024-07-11 09:50:27,5.1,0.463,2.361,25.0,0.0,0.0,11.0,915,4659,6402,01:31:59,5519,1720684227.4723637
2024-07-11 09:50:27,5.1,0.463,2.361,25.0,0.0,0.0,11.0,915,4659,6402,01:31:59,5519,1720684227.8138115
2024-07-11 09:50:28,5.1,0.464,2.366,25.0,0.0,0.0,10.9,915,4659,6402,01:32:00,5520,1720684228.1550994
2024-07-11 09:50:28,5.1,0.466,2.376,25.0,0.0,0.0,10.9,915,4660,6403,01:32:00,5520,1720684228.4963589
2024-07-11 09:50:28,5.1,0.466,2.376,25.0,0.0,0.0,10.9,915,4660,6403,01:32:00,5520,1720684228.8375807
2024-07-11 09:50:29,5.1,0.465,2.371,25.0,0.0,0.0,10.9,915,4660,6403,01:32:01,5521,1720684229.1788428
2024-07-11 09:50:29,5.11,0.463,2.365,25.0,0.0,0.0,11.0,915,4661,6404,01:32:01,5521,1720684229.5200803
2024-07-11 09:50:29,5.11,0.463,2.365,25.0,0.0,0.0,11.0,915,4661,6404,01:32:01,5521,1720684229.8613138
2024-07-11 09:50:30,5.1,0.465,2.371,25.0,0.0,0.0,10.9,915,4661,6404,01:32:02,5522,1720684230.2020705
2024-07-11 09:50:30,5.1,0.465,2.371,25.0,0.0,0.0,10.9,915,4661,6405,01:32:02,5522,1720684230.543766
2024-07-11 09:50:30,5.1,0.465,2.371,25.0,0.0,0.0,10.9,915,4661,6405,01:32:02,5522,1720684230.8849378
2024-07-11 09:50:31,5.1,0.462,2.356,25.0,0.0,0.0,11.0,915,4661,6405,01:32:03,5523,1720684231.226285
2024-07-11 09:50:31,5.1,0.462,2.356,25.0,0.0,0.0,11.0,915,4662,6406,01:32:03,5523,1720684231.5962253
2024-07-11 09:50:31,5.1,0.467,2.381,25.0,0.0,0.0,10.9,915,4662,6406,01:32:03,5523,1720684231.908364
2024-07-11 09:50:32,5.1,0.464,2.366,25.0,0.0,0.0,10.9,915,4662,6406,01:32:04,5524,1720684232.2493412
2024-07-11 09:50:32,5.1,0.464,2.366,25.0,0.0,0.0,10.9,915,4663,6407,01:32:04,5524,1720684232.5913577
2024-07-11 09:50:32,5.1,0.464,2.366,25.0,0.0,0.0,10.9,915,4663,6407,01:32:04,5524,1720684232.9324462
2024-07-11 09:50:33,5.1,0.464,2.366,25.0,0.0,0.0,10.9,915,4663,6407,01:32:05,5525,1720684233.2738035
2024-07-11 09:50:33,5.1,0.463,2.361,25.0,0.0,0.0,11.0,916,4663,6408,01:32:05,5525,1720684233.6147363
2024-07-11 09:50:33,5.1,0.464,2.366,25.0,0.0,0.0,10.9,916,4663,6408,01:32:05,5525,1720684233.9560895
2024-07-11 09:50:34,5.1,0.464,2.366,25.0,0.0,0.0,10.9,916,4663,6408,01:32:06,5526,1720684234.2976007
2024-07-11 09:50:34,5.1,0.465,2.371,25.0,0.0,0.0,10.9,916,4664,6409,01:32:06,5526,1720684234.6388128
2024-07-11 09:50:34,5.1,0.463,2.361,25.0,0.0,0.0,11.0,916,4664,6409,01:32:06,5526,1720684234.9800441
2024-07-11 09:50:35,5.1,0.463,2.361,25.0,0.0,0.0,11.0,916,4664,6409,01:32:07,5527,1720684235.321237
2024-07-11 09:50:35,5.1,0.463,2.361,25.0,0.0,0.0,11.0,916,4665,6410,01:32:07,5527,1720684235.6625228
2024-07-11 09:50:36,5.1,0.463,2.361,25.0,0.0,0.0,11.0,916,4665,6410,01:32:07,5527,1720684236.0037644
2024-07-11 09:50:36,5.1,0.464,2.366,25.0,0.0,0.0,10.9,916,4665,6410,01:32:08,5528,1720684236.3463647
2024-07-11 09:50:36,5.1,0.462,2.356,25.0,0.0,0.0,11.0,916,4665,6411,01:32:08,5528,1720684236.716353
2024-07-11 09:50:37,5.1,0.462,2.356,25.0,0.0,0.0,11.0,916,4665,6411,01:32:08,5528,1720684237.0271447
2024-07-11 09:50:37,5.1,0.464,2.366,25.0,0.0,0.0,10.9,916,4665,6411,01:32:09,5529,1720684237.3688047
2024-07-11 09:50:37,5.1,0.464,2.366,25.0,0.0,0.0,10.9,916,4666,6412,01:32:09,5529,1720684237.709635
2024-07-11 09:50:38,5.1,0.464,2.366,25.0,0.0,0.0,10.9,916,4666,6412,01:32:09,5529,1720684238.0513434
2024-07-11 09:50:38,5.1,0.465,2.371,25.0,0.0,0.0,10.9,916,4667,6413,01:32:10,5530,1720684238.3927395
2024-07-11 09:50:38,5.1,0.465,2.371,25.0,0.0,0.0,10.9,916,4667,6413,01:32:10,5530,1720684238.733829
2024-07-11 09:50:39,5.1,0.462,2.356,25.0,0.01,0.0,11.0,916,4667,6413,01:32:10,5530,1720684239.0750434
2024-07-11 09:50:39,5.1,0.465,2.371,25.0,0.0,0.0,10.9,916,4667,6414,01:32:11,5531,1720684239.4161458
2024-07-11 09:50:39,5.1,0.465,2.371,25.0,0.0,0.0,10.9,916,4667,6414,01:32:11,5531,1720684239.7571783
2024-07-11 09:50:40,5.11,0.464,2.371,25.0,0.0,0.0,11.0,916,4667,6414,01:32:11,5531,1720684240.1000319
2024-07-11 09:50:40,5.11,0.462,2.36,25.0,0.0,0.0,11.0,917,4668,6415,01:32:12,5532,1720684240.4411042
2024-07-11 09:50:40,5.11,0.462,2.36,25.0,0.0,0.0,11.0,917,4668,6415,01:32:12,5532,1720684240.78045
2024-07-11 09:50:41,5.1,0.464,2.366,25.0,0.0,0.0,10.9,917,4668,6415,01:32:13,5533,1720684241.122588
2024-07-11 09:50:41,5.1,0.464,2.366,25.0,0.0,0.0,10.9,917,4669,6416,01:32:13,5533,1720684241.463137
2024-07-11 09:50:41,5.1,0.463,2.361,25.0,0.0,0.0,11.0,917,4669,6416,01:32:13,5533,1720684241.8350463
2024-07-11 09:50:42,5.11,0.464,2.371,25.0,0.0,0.0,11.0,917,4669,6416,01:32:14,5534,1720684242.1476114
2024-07-11 09:50:42,5.11,0.464,2.371,25.0,0.0,0.0,11.0,917,4669,6417,01:32:14,5534,1720684242.488825
2024-07-11 09:50:42,5.11,0.462,2.36,25.0,0.0,0.0,11.0,917,4669,6417,01:32:14,5534,1720684242.8299246
2024-07-11 09:50:43,5.1,0.464,2.366,25.0,0.0,0.0,10.9,917,4669,6417,01:32:15,5535,1720684243.171343
2024-07-11 09:50:43,5.1,0.464,2.366,25.0,0.0,0.0,10.9,917,4670,6418,01:32:15,5535,1720684243.5126197
2024-07-11 09:50:43,5.1,0.464,2.366,25.0,0.0,0.0,10.9,917,4670,6418,01:32:15,5535,1720684243.8556798
2024-07-11 09:50:44,5.1,0.464,2.366,25.0,0.0,0.0,10.9,917,4670,6418,01:32:16,5536,1720684244.1950393
2024-07-11 09:50:44,5.11,0.462,2.36,25.0,0.0,0.0,11.0,917,4671,6419,01:32:16,5536,1720684244.5388782
2024-07-11 09:50:44,5.11,0.463,2.365,25.0,0.0,0.0,11.0,917,4671,6419,01:32:16,5536,1720684244.8774405
2024-07-11 09:50:45,5.11,0.463,2.365,25.0,0.0,0.0,11.0,917,4671,6419,01:32:17,5537,1720684245.2188601
2024-07-11 09:50:45,5.1,0.465,2.371,25.0,0.0,0.0,10.9,917,4671,6420,01:32:17,5537,1720684245.5600905
2024-07-11 09:50:45,5.1,0.463,2.361,25.0,0.0,0.0,11.0,917,4671,6420,01:32:17,5537,1720684245.901392
2024-07-11 09:50:46,5.1,0.463,2.361,25.0,0.0,0.0,11.0,917,4671,6420,01:32:18,5538,1720684246.242591
2024-07-11 09:50:46,5.11,0.462,2.36,25.0,0.0,0.0,11.0,917,4672,6421,01:32:18,5538,1720684246.5846968
2024-07-11 09:50:46,5.11,0.462,2.36,25.0,0.0,0.0,11.0,917,4672,6421,01:32:18,5538,1720684246.9563756
2024-07-11 09:50:47,5.1,0.464,2.366,25.0,0.0,0.0,10.9,917,4672,6421,01:32:19,5539,1720684247.2666228
2024-07-11 09:50:47,5.11,0.464,2.371,25.0,0.0,0.0,11.0,917,4673,6422,01:32:19,5539,1720684247.609915
2024-07-11 09:50:47,5.11,0.464,2.371,25.0,0.0,0.0,11.0,917,4673,6422,01:32:19,5539,1720684247.9500906
2024-07-11 09:50:48,5.1,0.462,2.356,25.0,0.0,0.0,11.0,917,4673,6422,01:32:20,5540,1720684248.2906425
2024-07-11 09:50:48,5.11,0.465,2.376,25.0,0.0,0.0,10.9,918,4673,6423,01:32:20,5540,1720684248.631932
2024-07-11 09:50:48,5.11,0.465,2.376,25.0,0.0,0.0,10.9,918,4673,6423,01:32:20,5540,1720684248.9751968
2024-07-11 09:50:49,5.1,0.464,2.366,25.0,0.0,0.0,10.9,918,4673,6423,01:32:21,5541,1720684249.3151016
2024-07-11 09:50:49,5.1,0.464,2.366,25.0,0.0,0.0,10.9,918,4674,6424,01:32:21,5541,1720684249.6563866
2024-07-11 09:50:49,5.1,0.464,2.366,25.0,0.0,0.0,10.9,918,4674,6424,01:32:21,5541,1720684249.998835
2024-07-11 09:50:50,5.1,0.462,2.356,25.0,0.0,0.0,11.0,918,4674,6424,01:32:22,5542,1720684250.339923
2024-07-11 09:50:50,5.1,0.462,2.356,25.0,0.0,0.0,11.0,918,4675,6425,01:32:22,5542,1720684250.6817794
2024-07-11 09:50:51,5.11,0.464,2.371,25.0,0.0,0.0,11.0,918,4675,6425,01:32:22,5542,1720684251.022865
2024-07-11 09:50:51,5.11,0.464,2.371,25.0,0.0,0.0,11.0,918,4675,6426,01:32:23,5543,1720684251.3638492
2024-07-11 09:50:51,5.11,0.464,2.371,25.0,0.0,0.0,11.0,918,4675,6426,01:32:23,5543,1720684251.7051141
2024-07-11 09:50:52,5.11,0.462,2.36,25.0,0.0,0.0,11.0,918,4675,6426,01:32:23,5543,1720684252.0763085
2024-07-11 09:50:52,5.11,0.462,2.36,25.0,0.0,0.0,11.0,918,4676,6427,01:32:24,5544,1720684252.3876262
2024-07-11 09:50:52,5.1,0.465,2.371,25.0,0.0,0.0,10.9,918,4676,6427,01:32:24,5544,1720684252.72886
2024-07-11 09:50:53,5.1,0.466,2.376,25.0,0.0,0.0,10.9,918,4676,6427,01:32:24,5544,1720684253.0727146
2024-07-11 09:50:53,5.1,0.466,2.376,25.0,0.0,0.0,10.9,918,4677,6428,01:32:25,5545,1720684253.4113696
2024-07-11 09:50:53,5.1,0.465,2.371,25.0,0.0,0.0,10.9,918,4677,6428,01:32:25,5545,1720684253.7549093
2024-07-11 09:50:54,5.1,0.462,2.356,25.0,0.0,0.0,11.0,918,4677,6428,01:32:25,5545,1720684254.092862
2024-07-11 09:50:54,5.1,0.462,2.356,25.0,0.0,0.0,11.0,918,4677,6429,01:32:26,5546,1720684254.435156
2024-07-11 09:50:54,5.11,0.464,2.371,25.0,0.0,0.0,11.0,918,4677,6429,01:32:26,5546,1720684254.7776592
2024-07-11 09:50:55,5.11,0.464,2.371,25.0,0.0,0.0,11.0,918,4677,6429,01:32:27,5547,1720684255.1176388
2024-07-11 09:50:55,5.1,0.464,2.366,25.0,0.0,0.0,10.9,918,4678,6430,01:32:27,5547,1720684255.4589632
2024-07-11 09:50:55,5.1,0.468,2.386,25.0,0.0,0.0,10.8,918,4678,6430,01:32:27,5547,1720684255.8013823
2024-07-11 09:50:56,5.1,0.468,2.386,25.0,0.0,0.0,10.8,918,4678,6430,01:32:28,5548,1720684256.1407156
2024-07-11 09:50:56,5.1,0.465,2.371,25.0,0.0,0.0,10.9,919,4679,6431,01:32:28,5548,1720684256.4825118
2024-07-11 09:50:56,5.1,0.464,2.366,25.0,0.0,0.0,10.9,919,4679,6431,01:32:28,5548,1720684256.8238604
2024-07-11 09:50:57,5.1,0.464,2.366,25.0,0.0,0.0,10.9,919,4679,6431,01:32:29,5549,1720684257.1938663
2024-07-11 09:50:57,5.1,0.461,2.351,25.0,0.0,0.0,11.0,919,4679,6432,01:32:29,5549,1720684257.5050268
2024-07-11 09:50:57,5.1,0.461,2.351,25.0,0.0,0.0,11.0,919,4679,6432,01:32:29,5549,1720684257.8492324
2024-07-11 09:50:58,5.1,0.464,2.366,25.0,0.0,0.0,10.9,919,4679,6432,01:32:30,5550,1720684258.1876497
2024-07-11 09:50:58,5.11,0.464,2.371,25.0,0.0,0.0,11.0,919,4680,6433,01:32:30,5550,1720684258.528945
2024-07-11 09:50:58,5.11,0.464,2.371,25.0,0.0,0.0,11.0,919,4680,6433,01:32:30,5550,1720684258.8717115
2024-07-11 09:50:59,5.1,0.463,2.361,25.0,0.0,0.0,11.0,919,4680,6433,01:32:31,5551,1720684259.2114544
2024-07-11 09:50:59,5.1,0.461,2.351,25.0,0.0,0.0,11.0,919,4681,6434,01:32:31,5551,1720684259.5514212
2024-07-11 09:50:59,5.1,0.461,2.351,25.0,0.0,0.0,11.0,919,4681,6434,01:32:31,5551,1720684259.8949223
2024-07-11 09:51:00,5.1,0.464,2.366,25.0,0.0,0.0,10.9,919,4681,6434,01:32:32,5552,1720684260.2325492
2024-07-11 09:51:00,5.1,0.464,2.366,25.0,0.0,0.0,10.9,919,4681,6435,01:32:32,5552,1720684260.5739067
2024-07-11 09:51:00,5.1,0.466,2.376,25.0,0.0,0.0,10.9,919,4681,6435,01:32:32,5552,1720684260.9157062
2024-07-11 09:51:01,5.11,0.462,2.36,25.0,0.0,0.0,11.0,919,4681,6435,01:32:33,5553,1720684261.2564266
2024-07-11 09:51:01,5.11,0.462,2.36,25.0,0.0,0.0,11.0,919,4682,6436,01:32:33,5553,1720684261.5963733
2024-07-11 09:51:01,5.1,0.466,2.376,25.0,0.0,0.0,10.9,919,4682,6436,01:32:33,5553,1720684261.942708
2024-07-11 09:51:02,5.1,0.468,2.386,25.0,0.0,0.0,10.8,919,4682,6436,01:32:34,5554,1720684262.2789211
2024-07-11 09:51:02,5.1,0.468,2.386,25.0,0.0,0.0,10.8,919,4682,6437,01:32:34,5554,1720684262.61973
2024-07-11 09:51:02,5.1,0.464,2.366,25.0,0.0,0.0,10.9,919,4682,6437,01:32:34,5554,1720684262.961138
2024-07-11 09:51:03,5.1,0.464,2.366,25.0,0.0,0.0,10.9,919,4682,6437,01:32:35,5555,1720684263.3012395
2024-07-11 09:51:03,5.11,0.462,2.36,25.0,0.0,0.0,11.0,919,4683,6438,01:32:35,5555,1720684263.642692
2024-07-11 09:51:03,5.11,0.464,2.371,25.0,0.0,0.0,11.0,919,4683,6438,01:32:35,5555,1720684263.9910705
2024-07-11 09:51:04,5.11,0.464,2.371,25.0,0.0,0.0,11.0,920,4684,6439,01:32:36,5556,1720684264.324282
2024-07-11 09:51:04,5.1,0.466,2.376,25.0,0.0,0.0,10.9,920,4684,6439,01:32:36,5556,1720684264.6657984
2024-07-11 09:51:05,5.11,0.461,2.355,25.0,0.0,0.0,11.0,920,4684,6439,01:32:36,5556,1720684265.016869
2024-07-11 09:51:05,5.11,0.461,2.355,25.0,0.0,0.0,11.0,920,4684,6440,01:32:37,5557,1720684265.3472004
2024-07-11 09:51:05,5.1,0.464,2.366,25.0,0.0,0.0,10.9,920,4684,6440,01:32:37,5557,1720684265.6876118
2024-07-11 09:51:06,5.1,0.464,2.366,25.0,0.0,0.0,10.9,920,4684,6440,01:32:37,5557,1720684266.0312421
2024-07-11 09:51:06,5.1,0.464,2.366,25.0,0.01,0.0,10.9,920,4685,6441,01:32:38,5558,1720684266.3725932
2024-07-11 09:51:06,5.1,0.461,2.351,25.0,0.01,0.0,11.0,920,4685,6441,01:32:38,5558,1720684266.71176
2024-07-11 09:51:07,5.1,0.461,2.351,25.0,0.01,0.0,11.0,920,4685,6441,01:32:38,5558,1720684267.0534775
2024-07-11 09:51:07,5.1,0.463,2.361,25.0,0.01,0.0,11.0,920,4686,6442,01:32:39,5559,1720684267.393916
2024-07-11 09:51:07,5.1,0.463,2.361,25.0,0.01,0.0,11.0,920,4686,6442,01:32:39,5559,1720684267.7347658
2024-07-11 09:51:08,5.1,0.463,2.361,25.0,0.01,0.0,11.0,920,4686,6442,01:32:39,5559,1720684268.0792332
2024-07-11 09:51:08,5.1,0.464,2.366,25.0,0.01,0.0,10.9,920,4686,6443,01:32:40,5560,1720684268.4176812
2024-07-11 09:51:08,5.1,0.464,2.366,25.0,0.01,0.0,10.9,920,4686,6443,01:32:40,5560,1720684268.7576666
2024-07-11 09:51:09,5.1,0.462,2.356,25.0,0.01,0.0,11.0,920,4686,6443,01:32:41,5561,1720684269.1077254
2024-07-11 09:51:09,5.1,0.463,2.361,25.0,0.01,0.0,11.0,920,4687,6444,01:32:41,5561,1720684269.440212
2024-07-11 09:51:09,5.1,0.463,2.361,25.0,0.01,0.0,11.0,920,4687,6444,01:32:41,5561,1720684269.7808666
2024-07-11 09:51:10,5.1,0.464,2.366,25.0,0.01,0.0,10.9,920,4687,6444,01:32:42,5562,1720684270.1271987
2024-07-11 09:51:10,5.1,0.484,2.468,25.0,0.01,0.0,10.5,920,4688,6445,01:32:42,5562,1720684270.4619212
2024-07-11 09:51:10,5.1,0.484,2.468,25.0,0.01,0.0,10.5,920,4688,6445,01:32:42,5562,1720684270.8039327
2024-07-11 09:51:11,5.1,0.512,2.611,25.0,0.01,0.0,9.9,920,4688,6445,01:32:43,5563,1720684271.1449847
2024-07-11 09:51:11,5.1,0.512,2.611,25.0,0.01,0.0,9.9,921,4688,6446,01:32:43,5563,1720684271.4863768
2024-07-11 09:51:11,5.07,0.695,3.523,25.0,0.01,0.0,7.2,921,4688,6446,01:32:43,5563,1720684271.8289042
2024-07-11 09:51:12,5.1,0.523,2.667,25.0,0.01,0.0,9.7,921,4688,6446,01:32:44,5564,1720684272.1701908
2024-07-11 09:51:12,5.1,0.523,2.667,25.0,0.01,0.0,9.7,921,4689,6447,01:32:44,5564,1720684272.5102108
2024-07-11 09:51:12,5.09,0.559,2.845,25.0,0.01,0.0,9.1,921,4689,6447,01:32:44,5564,1720684272.8508916
2024-07-11 09:51:13,5.07,0.678,3.437,25.0,0.01,0.0,7.4,921,4689,6447,01:32:45,5565,1720684273.2078714
2024-07-11 09:51:13,5.07,0.678,3.437,25.0,0.01,0.0,7.4,921,4690,6448,01:32:45,5565,1720684273.5339077
2024-07-11 09:51:13,5.1,0.506,2.58,25.0,0.01,0.0,10.0,921,4690,6448,01:32:45,5565,1720684273.875193
2024-07-11 09:51:14,5.1,0.506,2.58,25.0,0.01,0.0,10.0,921,4690,6448,01:32:46,5566,1720684274.2164233
2024-07-11 09:51:14,5.09,0.543,2.763,25.0,0.01,0.0,9.3,921,4691,6449,01:32:46,5566,1720684274.5576887
2024-07-11 09:51:14,5.08,0.642,3.261,25.0,0.01,0.0,7.9,921,4691,6449,01:32:46,5566,1720684274.898889
2024-07-11 09:51:15,5.08,0.642,3.261,25.0,0.01,0.0,7.9,921,4691,6449,01:32:47,5567,1720684275.240024
2024-07-11 09:51:15,5.09,0.556,2.83,25.0,0.01,0.0,9.1,921,4692,6450,01:32:47,5567,1720684275.5805154
2024-07-11 09:51:15,5.1,0.502,2.56,25.0,0.01,0.0,10.1,921,4692,6450,01:32:47,5567,1720684275.9223232
2024-07-11 09:51:16,5.1,0.502,2.56,25.0,0.01,0.0,10.1,921,4692,6450,01:32:48,5568,1720684276.2640502
2024-07-11 09:51:16,5.08,0.615,3.124,25.0,0.01,0.0,8.2,921,4692,6451,01:32:48,5568,1720684276.6045742
2024-07-11 09:51:16,5.08,0.615,3.124,25.0,0.01,0.0,8.2,921,4692,6451,01:32:48,5568,1720684276.9452171
2024-07-11 09:51:17,5.08,0.63,3.2,25.0,0.01,0.0,8.0,921,4693,6452,01:32:49,5569,1720684277.2876914
2024-07-11 09:51:17,5.1,0.5,2.55,25.0,0.01,0.0,10.2,921,4693,6452,01:32:49,5569,1720684277.6313546
2024-07-11 09:51:17,5.1,0.5,2.55,25.0,0.01,0.0,10.2,921,4693,6452,01:32:49,5569,1720684277.9687128
2024-07-11 09:51:18,5.09,0.594,3.023,25.0,0.01,0.0,8.5,922,4694,6453,01:32:50,5570,1720684278.3218536
2024-07-11 09:51:18,5.08,0.645,3.276,25.0,0.01,0.0,7.8,922,4694,6453,01:32:50,5570,1720684278.6513891
2024-07-11 09:51:18,5.08,0.645,3.276,25.0,0.01,0.0,7.8,922,4694,6453,01:32:50,5570,1720684278.9952104
2024-07-11 09:51:19,5.1,0.505,2.575,25.0,0.01,0.0,10.0,922,4695,6454,01:32:51,5571,1720684279.333878
2024-07-11 09:51:19,5.1,0.505,2.575,25.0,0.01,0.0,10.0,922,4695,6454,01:32:51,5571,1720684279.675079
2024-07-11 09:51:20,5.09,0.561,2.855,25.0,0.01,0.0,9.0,922,4695,6454,01:32:51,5571,1720684280.0155075
2024-07-11 09:51:20,5.08,0.646,3.281,25.0,0.01,0.0,7.8,922,4696,6455,01:32:52,5572,1720684280.3576932
2024-07-11 09:51:20,5.08,0.646,3.281,25.0,0.01,0.0,7.8,922,4696,6455,01:32:52,5572,1720684280.6989255
2024-07-11 09:51:21,5.1,0.516,2.631,25.0,0.01,0.0,9.8,922,4696,6455,01:32:52,5572,1720684281.0401988
2024-07-11 09:51:21,5.09,0.551,2.804,25.0,0.01,0.0,9.2,922,4696,6456,01:32:53,5573,1720684281.3804607
2024-07-11 09:51:21,5.09,0.551,2.804,25.0,0.01,0.0,9.2,922,4696,6456,01:32:53,5573,1720684281.7252173
2024-07-11 09:51:22,5.09,0.553,2.814,25.0,0.01,0.0,9.2,922,4696,6456,01:32:53,5573,1720684282.0639753
2024-07-11 09:51:22,5.09,0.553,2.814,25.0,0.01,0.0,9.2,922,4697,6457,01:32:54,5574,1720684282.4052622
2024-07-11 09:51:22,5.09,0.574,2.921,25.0,0.01,0.0,8.8,922,4697,6457,01:32:54,5574,1720684282.7464597
2024-07-11 09:51:23,5.09,0.596,3.033,25.0,0.01,0.0,8.5,922,4697,6457,01:32:54,5574,1720684283.089828
2024-07-11 09:51:23,5.09,0.596,3.033,25.0,0.01,0.0,8.5,922,4698,6458,01:32:55,5575,1720684283.4454432
2024-07-11 09:51:23,5.09,0.577,2.936,25.0,0.01,0.0,8.8,922,4698,6458,01:32:55,5575,1720684283.7697203
2024-07-11 09:51:24,5.09,0.569,2.896,25.0,0.01,0.0,8.9,922,4698,6458,01:32:56,5576,1720684284.1114187
2024-07-11 09:51:24,5.09,0.569,2.896,25.0,0.01,0.0,8.9,923,4699,6459,01:32:56,5576,1720684284.452224
2024-07-11 09:51:24,5.09,0.599,3.048,25.0,0.01,0.0,8.4,923,4699,6459,01:32:56,5576,1720684284.7937899
2024-07-11 09:51:25,5.09,0.599,3.048,25.0,0.01,0.0,8.4,923,4699,6459,01:32:57,5577,1720684285.1339748
2024-07-11 09:51:25,5.09,0.568,2.891,25.0,0.01,0.0,8.9,923,4700,6460,01:32:57,5577,1720684285.4789865
2024-07-11 09:51:25,5.09,0.578,2.942,25.0,0.01,0.0,8.8,923,4700,6460,01:32:57,5577,1720684285.8177161
2024-07-11 09:51:26,5.09,0.578,2.942,25.0,0.01,0.0,8.8,923,4700,6460,01:32:58,5578,1720684286.1577165
2024-07-11 09:51:26,5.09,0.585,2.977,25.0,0.01,0.0,8.7,923,4701,6461,01:32:58,5578,1720684286.4989197
2024-07-11 09:51:26,5.08,0.647,3.286,25.0,0.01,0.0,7.8,923,4701,6461,01:32:58,5578,1720684286.8428235
2024-07-11 09:51:27,5.08,0.647,3.286,25.0,0.01,0.0,7.8,923,4701,6461,01:32:59,5579,1720684287.181463
2024-07-11 09:51:27,5.1,0.511,2.606,25.0,0.01,0.0,9.9,923,4701,6462,01:32:59,5579,1720684287.5224535
2024-07-11 09:51:27,5.1,0.511,2.606,25.0,0.01,0.0,9.9,923,4701,6462,01:32:59,5579,1720684287.8652189
2024-07-11 09:51:28,5.09,0.55,2.799,25.0,0.01,0.0,9.2,923,4701,6462,01:33:00,5580,1720684288.2050946
2024-07-11 09:51:28,5.08,0.664,3.373,25.0,0.01,0.0,7.6,923,4702,6463,01:33:00,5580,1720684288.5618029
2024-07-11 09:51:28,5.08,0.664,3.373,25.0,0.01,0.0,7.6,923,4702,6463,01:33:00,5580,1720684288.8876493
2024-07-11 09:51:29,5.1,0.522,2.662,25.0,0.01,0.0,9.7,923,4702,6463,01:33:01,5581,1720684289.228995
2024-07-11 09:51:29,5.09,0.574,2.921,25.0,0.01,0.0,8.8,923,4703,6464,01:33:01,5581,1720684289.570238
2024-07-11 09:51:29,5.09,0.574,2.921,25.0,0.01,0.0,8.8,923,4703,6464,01:33:01,5581,1720684289.9114761
2024-07-11 09:51:30,5.08,0.642,3.261,25.0,0.01,0.0,7.9,923,4703,6464,01:33:02,5582,1720684290.2528243
2024-07-11 09:51:30,5.08,0.642,3.261,25.0,0.01,0.0,7.9,924,4704,6465,01:33:02,5582,1720684290.5934162
2024-07-11 09:51:30,5.1,0.529,2.697,25.0,0.01,0.0,9.6,924,4704,6465,01:33:02,5582,1720684290.935256
2024-07-11 09:51:31,5.1,0.505,2.575,25.0,0.01,0.0,10.0,924,4705,6466,01:33:03,5583,1720684291.2761
2024-07-11 09:51:31,5.1,0.505,2.575,25.0,0.01,0.0,10.0,924,4705,6466,01:33:03,5583,1720684291.6173868
2024-07-11 09:51:31,5.09,0.589,2.998,25.0,0.01,0.0,8.6,924,4705,6466,01:33:03,5583,1720684291.9589825
2024-07-11 09:51:32,5.08,0.613,3.114,25.0,0.01,0.0,8.2,924,4706,6467,01:33:04,5584,1720684292.3002515
2024-07-11 09:51:32,5.08,0.613,3.114,25.0,0.01,0.0,8.2,924,4706,6467,01:33:04,5584,1720684292.6415
2024-07-11 09:51:32,5.09,0.546,2.779,25.0,0.01,0.0,9.3,924,4706,6467,01:33:04,5584,1720684292.9825375
2024-07-11 09:51:33,5.09,0.546,2.779,25.0,0.01,0.0,9.3,924,4706,6468,01:33:05,5585,1720684293.3250966
2024-07-11 09:51:33,5.08,0.615,3.124,25.0,0.01,0.0,8.2,924,4706,6468,01:33:05,5585,1720684293.6853058
2024-07-11 09:51:34,5.09,0.591,3.008,25.0,0.01,0.0,8.6,924,4706,6468,01:33:05,5585,1720684294.0064702
2024-07-11 09:51:34,5.09,0.591,3.008,25.0,0.01,0.0,8.6,924,4707,6469,01:33:06,5586,1720684294.3476558
2024-07-11 09:51:34,5.09,0.542,2.758,25.0,0.01,0.0,9.3,924,4707,6469,01:33:06,5586,1720684294.6890032
2024-07-11 09:51:35,5.08,0.641,3.256,25.0,0.01,0.0,7.9,924,4707,6469,01:33:06,5586,1720684295.0299385
2024-07-11 09:51:35,5.08,0.641,3.256,25.0,0.01,0.0,7.9,924,4708,6470,01:33:07,5587,1720684295.3714862
2024-07-11 09:51:35,5.09,0.569,2.896,25.0,0.01,0.0,8.9,924,4708,6470,01:33:07,5587,1720684295.7126014
2024-07-11 09:51:36,5.09,0.569,2.896,25.0,0.01,0.0,8.9,924,4708,6470,01:33:07,5587,1720684296.0540073
2024-07-11 09:51:36,5.09,0.526,2.677,25.0,0.01,0.0,9.6,925,4709,6471,01:33:08,5588,1720684296.3951168
2024-07-11 09:51:36,5.1,0.506,2.58,25.0,0.01,0.0,10.0,925,4709,6471,01:33:08,5588,1720684296.736474
2024-07-11 09:51:37,5.1,0.506,2.58,25.0,0.01,0.0,10.0,925,4709,6471,01:33:08,5588,1720684297.0789995
2024-07-11 09:51:37,5.09,0.591,3.008,25.0,0.01,0.0,8.6,925,4710,6472,01:33:09,5589,1720684297.4189959
2024-07-11 09:51:37,5.08,0.641,3.256,25.0,0.01,0.0,7.9,925,4710,6472,01:33:09,5589,1720684297.7602494
2024-07-11 09:51:38,5.08,0.641,3.256,25.0,0.01,0.0,7.9,925,4710,6472,01:33:09,5589,1720684298.1014066
2024-07-11 09:51:38,5.1,0.507,2.585,25.0,0.01,0.0,10.0,925,4710,6473,01:33:10,5590,1720684298.4422684
2024-07-11 09:51:38,5.1,0.507,2.585,25.0,0.01,0.0,10.0,925,4710,6473,01:33:10,5590,1720684298.8050933
2024-07-11 09:51:39,5.09,0.572,2.911,25.0,0.01,0.0,8.8,925,4710,6473,01:33:11,5591,1720684299.125238
2024-07-11 09:51:39,5.08,0.637,3.235,25.0,0.01,0.0,7.9,925,4711,6474,01:33:11,5591,1720684299.4664938
2024-07-11 09:51:39,5.08,0.637,3.235,25.0,0.01,0.0,7.9,925,4711,6474,01:33:11,5591,1720684299.8077407
2024-07-11 09:51:40,5.1,0.531,2.708,25.0,0.01,0.0,9.6,925,4711,6474,01:33:12,5592,1720684300.1489546
2024-07-11 09:51:40,5.09,0.581,2.957,25.0,0.01,0.0,8.7,925,4712,6475,01:33:12,5592,1720684300.4923718
2024-07-11 09:51:40,5.09,0.581,2.957,25.0,0.01,0.0,8.7,925,4712,6475,01:33:12,5592,1720684300.8315036
2024-07-11 09:51:41,5.08,0.627,3.185,25.0,0.01,0.0,8.1,925,4712,6475,01:33:13,5593,1720684301.1728106
2024-07-11 09:51:41,5.08,0.627,3.185,25.0,0.01,0.0,8.1,925,4713,6476,01:33:13,5593,1720684301.5128968
2024-07-11 09:51:41,5.09,0.543,2.763,25.0,0.01,0.0,9.3,925,4713,6476,01:33:13,5593,1720684301.8535671
2024-07-11 09:51:42,5.09,0.547,2.784,25.0,0.01,0.0,9.3,925,4713,6476,01:33:14,5594,1720684302.1964421
2024-07-11 09:51:42,5.09,0.547,2.784,25.0,0.01,0.0,9.3,925,4714,6477,01:33:14,5594,1720684302.5364816
2024-07-11 09:51:42,5.09,0.575,2.926,25.0,0.01,0.0,8.8,925,4714,6477,01:33:14,5594,1720684302.8777142
2024-07-11 09:51:43,5.08,0.634,3.22,25.0,0.01,0.0,8.0,925,4714,6477,01:33:15,5595,1720684303.2202516
2024-07-11 09:51:43,5.08,0.634,3.22,25.0,0.01,0.0,8.0,926,4715,6478,01:33:15,5595,1720684303.5602777
2024-07-11 09:51:43,5.09,0.546,2.779,25.0,0.01,0.0,9.3,926,4715,6478,01:33:15,5595,1720684303.9228578
2024-07-11 09:51:44,5.09,0.546,2.779,25.0,0.01,0.0,9.3,926,4715,6479,01:33:16,5596,1720684304.2428255
2024-07-11 09:51:44,5.09,0.571,2.906,25.0,0.01,0.0,8.9,926,4715,6479,01:33:16,5596,1720684304.5840373
2024-07-11 09:51:44,5.09,0.602,3.064,25.0,0.01,0.0,8.4,926,4715,6479,01:33:16,5596,1720684304.9252787
2024-07-11 09:51:45,5.09,0.602,3.064,25.0,0.01,0.0,8.4,926,4716,6480,01:33:17,5597,1720684305.2655902
2024-07-11 09:51:45,5.09,0.567,2.886,25.0,0.01,0.0,8.9,926,4716,6480,01:33:17,5597,1720684305.6102474
2024-07-11 09:51:45,5.09,0.54,2.748,25.0,0.01,0.0,9.4,926,4716,6480,01:33:17,5597,1720684305.949033
2024-07-11 09:51:46,5.09,0.54,2.748,25.0,0.01,0.0,9.4,926,4717,6481,01:33:18,5598,1720684306.2893553
2024-07-11 09:51:46,5.09,0.605,3.079,25.0,0.01,0.0,8.4,926,4717,6481,01:33:18,5598,1720684306.6315298
2024-07-11 09:51:46,5.09,0.605,3.079,25.0,0.01,0.0,8.4,926,4717,6481,01:33:18,5598,1720684306.9726272
2024-07-11 09:51:47,5.07,0.662,3.356,25.0,0.01,0.0,7.6,926,4718,6482,01:33:19,5599,1720684307.314036
2024-07-11 09:51:47,5.1,0.524,2.672,25.0,0.01,0.0,9.7,926,4718,6482,01:33:19,5599,1720684307.6550841
2024-07-11 09:51:47,5.1,0.524,2.672,25.0,0.01,0.0,9.7,926,4718,6482,01:33:19,5599,1720684307.996438
2024-07-11 09:51:48,5.09,0.567,2.886,25.0,0.01,0.0,8.9,926,4719,6483,01:33:20,5600,1720684308.3377402
2024-07-11 09:51:48,5.08,0.655,3.327,25.0,0.01,0.0,7.7,926,4719,6483,01:33:20,5600,1720684308.6781306
2024-07-11 09:51:49,5.08,0.655,3.327,25.0,0.01,0.0,7.7,926,4719,6483,01:33:20,5600,1720684309.0465436
2024-07-11 09:51:49,5.1,0.517,2.636,25.0,0.01,0.0,9.8,927,4719,6484,01:33:21,5601,1720684309.361562
2024-07-11 09:51:49,5.1,0.517,2.636,25.0,0.01,0.0,9.8,927,4719,6484,01:33:21,5601,1720684309.7028165
2024-07-11 09:51:50,5.09,0.553,2.814,25.0,0.01,0.0,9.2,927,4719,6484,01:33:21,5601,1720684310.0437944
2024-07-11 09:51:50,5.08,0.646,3.281,25.0,0.01,0.0,7.8,927,4720,6485,01:33:22,5602,1720684310.3852794
2024-07-11 09:51:50,5.08,0.646,3.281,25.0,0.01,0.0,7.8,927,4720,6485,01:33:22,5602,1720684310.7265077
2024-07-11 09:51:51,5.09,0.546,2.779,25.0,0.01,0.0,9.3,927,4720,6485,01:33:22,5602,1720684311.067722
2024-07-11 09:51:51,5.09,0.535,2.723,25.0,0.01,0.0,9.5,927,4721,6486,01:33:23,5603,1720684311.4102724
2024-07-11 09:51:51,5.09,0.535,2.723,25.0,0.01,0.0,9.5,927,4721,6486,01:33:23,5603,1720684311.7502737
2024-07-11 09:51:52,5.08,0.618,3.139,25.0,0.01,0.0,8.2,927,4721,6486,01:33:23,5603,1720684312.0915048
2024-07-11 09:51:52,5.08,0.618,3.139,25.0,0.01,0.0,8.2,927,4722,6487,01:33:24,5604,1720684312.4328403
2024-07-11 09:51:52,5.08,0.624,3.169,25.0,0.01,0.0,8.1,927,4722,6487,01:33:24,5604,1720684312.773782
2024-07-11 09:51:53,5.08,0.6,3.048,25.0,0.01,0.0,8.4,927,4722,6487,01:33:25,5605,1720684313.115271
2024-07-11 09:51:53,5.08,0.6,3.048,25.0,0.01,0.0,8.4,927,4723,6488,01:33:25,5605,1720684313.456539
2024-07-11 09:51:53,5.1,0.528,2.692,25.0,0.01,0.0,9.6,927,4723,6488,01:33:25,5605,1720684313.7978137
2024-07-11 09:51:54,5.08,0.654,3.322,25.0,0.01,0.0,7.7,927,4723,6488,01:33:26,5606,1720684314.159052
2024-07-11 09:51:54,5.08,0.654,3.322,25.0,0.01,0.0,7.7,927,4724,6489,01:33:26,5606,1720684314.4815402
2024-07-11 09:51:54,5.09,0.566,2.88,25.0,0.01,0.0,8.9,927,4724,6489,01:33:26,5606,1720684314.820313
2024-07-11 09:51:55,5.09,0.566,2.88,25.0,0.01,0.0,8.9,927,4724,6489,01:33:27,5607,1720684315.1615658
2024-07-11 09:51:55,5.1,0.527,2.687,25.0,0.01,0.0,9.6,928,4724,6490,01:33:27,5607,1720684315.5022335
2024-07-11 09:51:55,5.08,0.664,3.373,25.0,0.01,0.0,7.6,928,4724,6490,01:33:27,5607,1720684315.8440537
2024-07-11 09:51:56,5.08,0.664,3.373,25.0,0.01,0.0,7.6,928,4724,6490,01:33:28,5608,1720684316.1853025
2024-07-11 09:51:56,5.09,0.553,2.814,25.0,0.01,0.0,9.2,928,4725,6491,01:33:28,5608,1720684316.529108
2024-07-11 09:51:56,5.1,0.521,2.657,25.0,0.01,0.0,9.7,928,4725,6491,01:33:28,5608,1720684316.8678162
2024-07-11 09:51:57,5.1,0.521,2.657,25.0,0.01,0.0,9.7,928,4726,6492,01:33:29,5609,1720684317.2090623
2024-07-11 09:51:57,5.09,0.568,2.891,25.0,0.01,0.0,8.9,928,4726,6492,01:33:29,5609,1720684317.5515592
2024-07-11 09:51:57,5.09,0.568,2.891,25.0,0.01,0.0,8.9,928,4726,6492,01:33:29,5609,1720684317.8915484
2024-07-11 09:51:58,5.09,0.58,2.952,25.0,0.01,0.0,8.7,928,4727,6493,01:33:30,5610,1720684318.2321677
2024-07-11 09:51:58,5.08,0.616,3.129,25.0,0.01,0.0,8.2,928,4727,6493,01:33:30,5610,1720684318.576579
2024-07-11 09:51:58,5.08,0.616,3.129,25.0,0.01,0.0,8.2,928,4727,6493,01:33:30,5610,1720684318.9150422
2024-07-11 09:51:59,5.09,0.555,2.824,25.0,0.01,0.0,9.1,928,4728,6494,01:33:31,5611,1720684319.2853181
2024-07-11 09:51:59,5.09,0.555,2.824,25.0,0.01,0.0,9.1,928,4728,6494,01:33:31,5611,1720684319.5978076
2024-07-11 09:51:59,5.09,0.555,2.824,25.0,0.01,0.0,9.1,928,4728,6494,01:33:31,5611,1720684319.9386535
2024-07-11 09:52:00,5.08,0.612,3.108,25.0,0.01,0.0,8.3,928,4729,6495,01:33:32,5612,1720684320.2803123
2024-07-11 09:52:00,5.08,0.612,3.108,25.0,0.01,0.0,8.3,928,4729,6495,01:33:32,5612,1720684320.620163
2024-07-11 09:52:00,5.09,0.567,2.886,25.0,0.01,0.0,8.9,928,4729,6495,01:33:32,5612,1720684320.9615757
2024-07-11 09:52:01,5.09,0.561,2.855,25.0,0.01,0.0,9.0,929,4729,6496,01:33:33,5613,1720684321.3040712
2024-07-11 09:52:01,5.09,0.561,2.855,25.0,0.01,0.0,9.0,929,4729,6496,01:33:33,5613,1720684321.6440184
2024-07-11 09:52:01,5.08,0.624,3.169,25.0,0.01,0.0,8.1,929,4729,6496,01:33:33,5613,1720684321.9853067
2024-07-11 09:52:02,5.09,0.546,2.779,25.0,0.01,0.0,9.3,929,4730,6497,01:33:34,5614,1720684322.3260937
2024-07-11 09:52:02,5.09,0.546,2.779,25.0,0.01,0.0,9.3,929,4730,6497,01:33:34,5614,1720684322.6677835
2024-07-11 09:52:03,5.09,0.55,2.799,25.0,0.01,0.0,9.2,929,4730,6497,01:33:34,5614,1720684323.0089478
2024-07-11 09:52:03,5.09,0.55,2.799,25.0,0.01,0.0,9.2,929,4731,6498,01:33:35,5615,1720684323.3503165
2024-07-11 09:52:03,5.08,0.629,3.195,25.0,0.01,0.0,8.0,929,4731,6498,01:33:35,5615,1720684323.6915689
2024-07-11 09:52:04,5.09,0.56,2.85,25.0,0.01,0.0,9.0,929,4731,6498,01:33:35,5615,1720684324.0326848
2024-07-11 09:52:04,5.09,0.56,2.85,25.0,0.01,0.0,9.0,929,4732,6499,01:33:36,5616,1720684324.4056447
2024-07-11 09:52:04,5.09,0.562,2.86,25.0,0.01,0.0,9.0,929,4732,6499,01:33:36,5616,1720684324.7156487
2024-07-11 09:52:05,5.08,0.626,3.18,25.0,0.01,0.0,8.1,929,4732,6499,01:33:36,5616,1720684325.056154
2024-07-11 09:52:05,5.08,0.626,3.18,25.0,0.01,0.0,8.1,929,4733,6500,01:33:37,5617,1720684325.3977795
2024-07-11 09:52:05,5.09,0.541,2.753,25.0,0.01,0.0,9.4,929,4733,6500,01:33:37,5617,1720684325.738672
2024-07-11 09:52:06,5.09,0.541,2.753,25.0,0.01,0.0,9.4,929,4733,6500,01:33:37,5617,1720684326.0802662
2024-07-11 09:52:06,5.09,0.559,2.845,25.0,0.01,0.0,9.1,929,4733,6501,01:33:38,5618,1720684326.421589
2024-07-11 09:52:06,5.08,0.616,3.129,25.0,0.01,0.0,8.2,929,4733,6501,01:33:38,5618,1720684326.7626536
2024-07-11 09:52:07,5.08,0.616,3.129,25.0,0.01,0.0,8.2,929,4733,6501,01:33:38,5618,1720684327.1028433
2024-07-11 09:52:07,5.09,0.552,2.809,25.0,0.01,0.0,9.2,930,4734,6502,01:33:39,5619,1720684327.444091
2024-07-11 09:52:07,5.09,0.557,2.835,25.0,0.01,0.0,9.1,930,4734,6502,01:33:39,5619,1720684327.787801
2024-07-11 09:52:08,5.09,0.557,2.835,25.0,0.01,0.0,9.1,930,4734,6502,01:33:40,5620,1720684328.1291165
2024-07-11 09:52:08,5.1,0.523,2.667,25.0,0.01,0.0,9.7,930,4735,6503,01:33:40,5620,1720684328.467791
2024-07-11 09:52:08,5.1,0.523,2.667,25.0,0.01,0.0,9.7,930,4735,6503,01:33:40,5620,1720684328.809118
2024-07-11 09:52:09,5.08,0.621,3.154,25.0,0.01,0.0,8.1,930,4735,6503,01:33:41,5621,1720684329.1501815
2024-07-11 09:52:09,5.09,0.587,2.987,25.0,0.01,0.0,8.6,930,4736,6504,01:33:41,5621,1720684329.5278661
2024-07-11 09:52:09,5.09,0.587,2.987,25.0,0.01,0.0,8.6,930,4736,6504,01:33:41,5621,1720684329.8324099
2024-07-11 09:52:10,5.09,0.554,2.819,25.0,0.01,0.0,9.1,930,4737,6505,01:33:42,5622,1720684330.1741083
2024-07-11 09:52:10,5.08,0.619,3.144,25.0,0.01,0.0,8.2,930,4737,6505,01:33:42,5622,1720684330.5153549
2024-07-11 09:52:10,5.08,0.619,3.144,25.0,0.01,0.0,8.2,930,4737,6505,01:33:42,5622,1720684330.856607
2024-07-11 09:52:11,5.09,0.573,2.916,25.0,0.01,0.0,8.8,930,4738,6506,01:33:43,5623,1720684331.1977744
2024-07-11 09:52:11,5.09,0.573,2.916,25.0,0.01,0.0,8.8,930,4738,6506,01:33:43,5623,1720684331.5387483
2024-07-11 09:52:11,5.09,0.535,2.723,25.0,0.01,0.0,9.5,930,4738,6506,01:33:43,5623,1720684331.88415
2024-07-11 09:52:12,5.08,0.636,3.23,25.0,0.01,0.0,7.9,930,4738,6507,01:33:44,5624,1720684332.221584
2024-07-11 09:52:12,5.08,0.636,3.23,25.0,0.01,0.0,7.9,930,4738,6507,01:33:44,5624,1720684332.5622394
2024-07-11 09:52:12,5.09,0.56,2.85,25.0,0.01,0.0,9.0,930,4738,6507,01:33:44,5624,1720684332.90902
2024-07-11 09:52:13,5.09,0.577,2.936,25.0,0.01,0.0,8.8,931,4739,6508,01:33:45,5625,1720684333.2453833
2024-07-11 09:52:13,5.09,0.577,2.936,25.0,0.01,0.0,8.8,931,4739,6508,01:33:45,5625,1720684333.5865927
2024-07-11 09:52:13,5.09,0.573,2.916,25.0,0.01,0.0,8.8,931,4739,6508,01:33:45,5625,1720684333.927876
2024-07-11 09:52:14,5.09,0.573,2.916,25.0,0.01,0.0,8.8,931,4740,6509,01:33:46,5626,1720684334.2690547
2024-07-11 09:52:14,5.09,0.596,3.033,25.0,0.01,0.0,8.5,931,4740,6509,01:33:46,5626,1720684334.645348
2024-07-11 09:52:14,5.09,0.576,2.931,25.0,0.01,0.0,8.8,931,4740,6509,01:33:46,5626,1720684334.9511476
2024-07-11 09:52:15,5.09,0.576,2.931,25.0,0.01,0.0,8.8,931,4741,6510,01:33:47,5627,1720684335.2927053
2024-07-11 09:52:15,5.09,0.539,2.743,25.0,0.01,0.0,9.4,931,4741,6510,01:33:47,5627,1720684335.6341302
2024-07-11 09:52:15,5.08,0.638,3.241,25.0,0.01,0.0,7.9,931,4741,6510,01:33:47,5627,1720684335.9765987
2024-07-11 09:52:16,5.08,0.638,3.241,25.0,0.01,0.0,7.9,931,4742,6511,01:33:48,5628,1720684336.31662
2024-07-11 09:52:16,5.09,0.56,2.85,25.0,0.01,0.0,9.0,931,4742,6511,01:33:48,5628,1720684336.6578522
2024-07-11 09:52:17,5.09,0.56,2.85,25.0,0.01,0.0,9.0,931,4742,6511,01:33:48,5628,1720684337.0016131
2024-07-11 09:52:17,5.09,0.557,2.835,25.0,0.01,0.0,9.1,931,4743,6512,01:33:49,5629,1720684337.3403418
2024-07-11 09:52:17,5.08,0.606,3.078,25.0,0.01,0.0,8.3,931,4743,6512,01:33:49,5629,1720684337.6816106
2024-07-11 09:52:18,5.08,0.606,3.078,25.0,0.01,0.0,8.3,931,4743,6512,01:33:49,5629,1720684338.0229192
2024-07-11 09:52:18,5.09,0.579,2.947,25.0,0.01,0.0,8.7,931,4743,6513,01:33:50,5630,1720684338.3637838
2024-07-11 09:52:18,5.08,0.633,3.215,25.0,0.01,0.0,8.0,931,4743,6513,01:33:50,5630,1720684338.7053576
2024-07-11 09:52:19,5.08,0.633,3.215,25.0,0.01,0.0,8.0,931,4743,6513,01:33:50,5630,1720684339.0478654
2024-07-11 09:52:19,5.09,0.532,2.707,25.0,0.01,0.0,9.5,932,4744,6514,01:33:51,5631,1720684339.3883758
2024-07-11 09:52:19,5.09,0.532,2.707,25.0,0.01,0.0,9.5,932,4744,6514,01:33:51,5631,1720684339.7616072
2024-07-11 09:52:20,5.09,0.591,3.008,25.0,0.01,0.0,8.6,932,4744,6514,01:33:51,5631,1720684340.0715826
2024-07-11 09:52:20,5.08,0.632,3.21,25.0,0.01,0.0,8.0,932,4745,6515,01:33:52,5632,1720684340.411583
2024-07-11 09:52:20,5.08,0.632,3.21,25.0,0.01,0.0,8.0,932,4745,6515,01:33:52,5632,1720684340.7523901
2024-07-11 09:52:21,5.1,0.524,2.672,25.0,0.01,0.0,9.7,932,4745,6515,01:33:52,5632,1720684341.0952654
2024-07-11 09:52:21,5.08,0.621,3.154,25.0,0.01,0.0,8.1,932,4746,6516,01:33:53,5633,1720684341.435356
2024-07-11 09:52:21,5.08,0.621,3.154,25.0,0.01,0.0,8.1,932,4746,6516,01:33:53,5633,1720684341.7765865
2024-07-11 09:52:22,5.09,0.588,2.992,25.0,0.01,0.0,8.6,932,4746,6516,01:33:54,5634,1720684342.120346
2024-07-11 09:52:22,5.09,0.588,2.992,25.0,0.01,0.0,8.6,932,4747,6517,01:33:54,5634,1720684342.4590774
2024-07-11 09:52:22,5.09,0.532,2.707,25.0,0.01,0.0,9.5,932,4747,6517,01:33:54,5634,1720684342.8002148
2024-07-11 09:52:23,5.09,0.549,2.794,25.0,0.01,0.0,9.2,932,4747,6517,01:33:55,5635,1720684343.1434479
2024-07-11 09:52:23,5.09,0.549,2.794,25.0,0.01,0.0,9.2,932,4747,6518,01:33:55,5635,1720684343.4827147
2024-07-11 09:52:23,5.09,0.561,2.855,25.0,0.01,0.0,9.0,932,4747,6518,01:33:55,5635,1720684343.8240912
2024-07-11 09:52:24,5.08,0.606,3.078,25.0,0.0,0.0,8.3,932,4748,6519,01:33:56,5636,1720684344.1740963
2024-07-11 09:52:24,5.08,0.606,3.078,25.0,0.0,0.0,8.3,932,4748,6519,01:33:56,5636,1720684344.5090997
2024-07-11 09:52:24,5.09,0.565,2.875,25.0,0.0,0.0,9.0,932,4748,6519,01:33:56,5636,1720684344.8815806
2024-07-11 09:52:25,5.09,0.565,2.875,25.0,0.0,0.0,9.0,932,4749,6520,01:33:57,5637,1720684345.189068
2024-07-11 09:52:25,5.09,0.549,2.794,25.0,0.0,0.0,9.2,932,4749,6520,01:33:57,5637,1720684345.5303717
2024-07-11 09:52:25,5.08,0.62,3.149,25.0,0.0,0.0,8.1,932,4749,6520,01:33:57,5637,1720684345.8715925
2024-07-11 09:52:26,5.08,0.62,3.149,25.0,0.0,0.0,8.1,933,4750,6521,01:33:58,5638,1720684346.2189426
2024-07-11 09:52:26,5.09,0.571,2.906,25.0,0.0,0.0,8.9,933,4750,6521,01:33:58,5638,1720684346.554071
2024-07-11 09:52:26,5.09,0.544,2.768,25.0,0.0,0.0,9.3,933,4750,6521,01:33:58,5638,1720684346.8947532
2024-07-11 09:52:27,5.09,0.544,2.768,25.0,0.0,0.0,9.3,933,4751,6522,01:33:59,5639,1720684347.2460105
2024-07-11 09:52:27,5.08,0.622,3.159,25.0,0.0,0.0,8.1,933,4751,6522,01:33:59,5639,1720684347.5772457
2024-07-11 09:52:27,5.08,0.622,3.159,25.0,0.0,0.0,8.1,933,4751,6522,01:33:59,5639,1720684347.918335
2024-07-11 09:52:28,5.09,0.589,2.998,25.0,0.0,0.0,8.6,933,4752,6523,01:34:00,5640,1720684348.2615457
2024-07-11 09:52:28,5.09,0.542,2.758,25.0,0.0,0.0,9.3,933,4752,6523,01:34:00,5640,1720684348.601536
2024-07-11 09:52:28,5.09,0.542,2.758,25.0,0.0,0.0,9.3,933,4752,6523,01:34:00,5640,1720684348.9421055
2024-07-11 09:52:29,5.09,0.581,2.957,25.0,0.0,0.0,8.7,933,4752,6524,01:34:01,5641,1720684349.287712
2024-07-11 09:52:29,5.08,0.642,3.261,25.0,0.0,0.0,7.9,933,4752,6524,01:34:01,5641,1720684349.6247785
2024-07-11 09:52:30,5.08,0.642,3.261,25.0,0.0,0.0,7.9,933,4752,6524,01:34:01,5641,1720684350.0053818
2024-07-11 09:52:30,5.1,0.529,2.697,25.0,0.0,0.0,9.6,933,4753,6525,01:34:02,5642,1720684350.3112783
2024-07-11 09:52:30,5.1,0.529,2.697,25.0,0.0,0.0,9.6,933,4753,6525,01:34:02,5642,1720684350.6491044
2024-07-11 09:52:30,5.09,0.572,2.911,25.0,0.0,0.0,8.8,933,4753,6525,01:34:02,5642,1720684350.9903831
2024-07-11 09:52:31,5.08,0.611,3.103,25.0,0.0,0.0,8.3,933,4754,6526,01:34:03,5643,1720684351.3316138
2024-07-11 09:52:31,5.08,0.611,3.103,25.0,0.0,0.0,8.3,933,4754,6526,01:34:03,5643,1720684351.6729403
2024-07-11 09:52:32,5.09,0.566,2.88,25.0,0.0,0.0,8.9,933,4754,6526,01:34:03,5643,1720684352.014168
2024-07-11 09:52:32,5.09,0.54,2.748,25.0,0.0,0.0,9.4,934,4755,6527,01:34:04,5644,1720684352.3566382
2024-07-11 09:52:32,5.09,0.54,2.748,25.0,0.0,0.0,9.4,934,4755,6527,01:34:04,5644,1720684352.696636
2024-07-11 09:52:33,5.08,0.626,3.18,25.0,0.0,0.0,8.1,934,4755,6527,01:34:04,5644,1720684353.037839
2024-07-11 09:52:33,5.08,0.626,3.18,25.0,0.0,0.0,8.1,934,4756,6528,01:34:05,5645,1720684353.3859453
2024-07-11 09:52:33,5.08,0.607,3.083,25.0,0.0,0.0,8.3,934,4756,6528,01:34:05,5645,1720684353.7191186
2024-07-11 09:52:34,5.08,0.62,3.149,25.0,0.0,0.0,8.1,934,4756,6528,01:34:05,5645,1720684354.0598722
2024-07-11 09:52:34,5.08,0.62,3.149,25.0,0.0,0.0,8.1,934,4757,6529,01:34:06,5646,1720684354.4040763
2024-07-11 09:52:34,5.09,0.564,2.87,25.0,0.0,0.0,9.0,934,4757,6529,01:34:06,5646,1720684354.7427928
2024-07-11 09:52:35,5.09,0.545,2.774,25.0,0.0,0.0,9.3,934,4757,6529,01:34:07,5647,1720684355.116634
2024-07-11 09:52:35,5.09,0.545,2.774,25.0,0.0,0.0,9.3,934,4757,6530,01:34:07,5647,1720684355.4341238
2024-07-11 09:52:35,5.08,0.626,3.18,25.0,0.0,0.0,8.1,934,4757,6530,01:34:07,5647,1720684355.7666194
2024-07-11 09:52:36,5.08,0.626,3.18,25.0,0.0,0.0,8.1,934,4757,6530,01:34:08,5648,1720684356.1079144
2024-07-11 09:52:36,5.09,0.564,2.87,25.0,0.0,0.0,9.0,934,4758,6531,01:34:08,5648,1720684356.4522855
2024-07-11 09:52:36,5.09,0.572,2.911,25.0,0.0,0.0,8.8,934,4758,6531,01:34:08,5648,1720684356.7903795
2024-07-11 09:52:37,5.09,0.572,2.911,25.0,0.0,0.0,8.8,934,4759,6532,01:34:09,5649,1720684357.1318667
2024-07-11 09:52:37,5.08,0.63,3.2,25.0,0.0,0.0,8.0,934,4759,6532,01:34:09,5649,1720684357.4766314
2024-07-11 09:52:37,5.09,0.553,2.814,25.0,0.0,0.0,9.2,934,4759,6532,01:34:09,5649,1720684357.8154013
2024-07-11 09:52:38,5.09,0.553,2.814,25.0,0.0,0.0,9.2,935,4760,6533,01:34:10,5650,1720684358.1566052
2024-07-11 09:52:38,5.1,0.525,2.677,25.0,0.0,0.0,9.7,935,4760,6533,01:34:10,5650,1720684358.5066252
2024-07-11 09:52:38,5.1,0.525,2.677,25.0,0.0,0.0,9.7,935,4760,6533,01:34:10,5650,1720684358.8391373
2024-07-11 09:52:39,5.09,0.54,2.748,25.0,0.01,0.0,9.4,935,4761,6534,01:34:11,5651,1720684359.1804214
2024-07-11 09:52:39,5.08,0.618,3.139,25.0,0.01,0.0,8.2,935,4761,6534,01:34:11,5651,1720684359.5262773
2024-07-11 09:52:39,5.08,0.618,3.139,25.0,0.01,0.0,8.2,935,4761,6534,01:34:11,5651,1720684359.862669
2024-07-11 09:52:40,5.09,0.56,2.85,25.0,0.01,0.0,9.0,935,4761,6535,01:34:12,5652,1720684360.2341623
2024-07-11 09:52:40,5.09,0.536,2.728,25.0,0.01,0.0,9.4,935,4761,6535,01:34:12,5652,1720684360.5504446
2024-07-11 09:52:40,5.09,0.536,2.728,25.0,0.01,0.0,9.4,935,4761,6535,01:34:12,5652,1720684360.8864472
2024-07-11 09:52:41,5.09,0.603,3.069,25.0,0.01,0.0,8.4,935,4762,6536,01:34:13,5653,1720684361.227954
2024-07-11 09:52:41,5.09,0.603,3.069,25.0,0.01,0.0,8.4,935,4762,6536,01:34:13,5653,1720684361.574334
2024-07-11 09:52:41,5.09,0.598,3.043,25.0,0.01,0.0,8.5,935,4762,6536,01:34:13,5653,1720684361.9104056
2024-07-11 09:52:42,5.09,0.547,2.784,25.0,0.01,0.0,9.3,935,4763,6537,01:34:14,5654,1720684362.251761
2024-07-11 09:52:42,5.09,0.547,2.784,25.0,0.01,0.0,9.3,935,4763,6537,01:34:14,5654,1720684362.5992045
2024-07-11 09:52:42,5.08,0.612,3.108,25.0,0.01,0.0,8.3,935,4763,6537,01:34:14,5654,1720684362.9341724
2024-07-11 09:52:43,5.08,0.596,3.027,25.0,0.01,0.0,8.5,935,4764,6538,01:34:15,5655,1720684363.275284
2024-07-11 09:52:43,5.08,0.596,3.027,25.0,0.01,0.0,8.5,935,4764,6538,01:34:15,5655,1720684363.6241634
2024-07-11 09:52:43,5.09,0.529,2.692,25.0,0.01,0.0,9.6,935,4764,6538,01:34:15,5655,1720684363.957782
2024-07-11 09:52:44,5.09,0.529,2.692,25.0,0.01,0.0,9.6,936,4765,6539,01:34:16,5656,1720684364.299267
2024-07-11 09:52:44,5.1,0.506,2.58,25.0,0.01,0.0,10.0,936,4765,6539,01:34:16,5656,1720684364.6485455
2024-07-11 09:52:44,5.07,0.673,3.412,25.0,0.01,0.0,7.5,936,4765,6539,01:34:16,5656,1720684364.981628
2024-07-11 09:52:45,5.07,0.673,3.412,25.0,0.01,0.0,7.5,936,4766,6540,01:34:17,5657,1720684365.347954
2024-07-11 09:52:45,5.09,0.574,2.921,25.0,0.01,0.0,8.8,936,4766,6540,01:34:17,5657,1720684365.6716235
2024-07-11 09:52:46,5.1,0.503,2.565,25.0,0.01,0.0,10.1,936,4766,6540,01:34:17,5657,1720684366.0046644
2024-07-11 09:52:46,5.1,0.503,2.565,25.0,0.01,0.0,10.1,936,4766,6541,01:34:18,5658,1720684366.3464582
2024-07-11 09:52:46,5.08,0.643,3.266,25.0,0.01,0.0,7.9,936,4766,6541,01:34:18,5658,1720684366.6901083
2024-07-11 09:52:47,5.08,0.643,3.266,25.0,0.01,0.0,7.9,936,4766,6541,01:34:18,5658,1720684367.0317502
2024-07-11 09:52:47,5.09,0.604,3.074,25.0,0.01,0.0,8.4,936,4767,6542,01:34:19,5659,1720684367.3704152
2024-07-11 09:52:47,5.1,0.503,2.565,25.0,0.01,0.0,10.1,936,4767,6542,01:34:19,5659,1720684367.7179618
2024-07-11 09:52:48,5.1,0.503,2.565,25.0,0.01,0.0,10.1,936,4767,6542,01:34:19,5659,1720684368.0527837
2024-07-11 09:52:48,5.09,0.596,3.033,25.0,0.01,0.0,8.5,936,4768,6543,01:34:20,5660,1720684368.3941646
2024-07-11 09:52:48,5.08,0.632,3.21,25.0,0.01,0.0,8.0,936,4768,6543,01:34:20,5660,1720684368.742915
2024-07-11 09:52:49,5.08,0.632,3.21,25.0,0.01,0.0,8.0,936,4768,6543,01:34:20,5660,1720684369.0766943
2024-07-11 09:52:49,5.09,0.544,2.768,25.0,0.01,0.0,9.3,936,4769,6544,01:34:21,5661,1720684369.417953
2024-07-11 09:52:49,5.09,0.544,2.768,25.0,0.01,0.0,9.3,936,4769,6544,01:34:21,5661,1720684369.7679384
2024-07-11 09:52:50,5.09,0.557,2.835,25.0,0.01,0.0,9.1,936,4770,6545,01:34:21,5661,1720684370.1003177
2024-07-11 09:52:50,5.08,0.641,3.256,25.0,0.01,0.0,7.9,936,4770,6545,01:34:22,5662,1720684370.4416943
2024-07-11 09:52:50,5.08,0.641,3.256,25.0,0.01,0.0,7.9,936,4770,6545,01:34:22,5662,1720684370.787987
2024-07-11 09:52:51,5.09,0.545,2.774,25.0,0.01,0.0,9.3,937,4771,6546,01:34:23,5663,1720684371.1241815
2024-07-11 09:52:51,5.09,0.581,2.957,25.0,0.01,0.0,8.7,937,4771,6546,01:34:23,5663,1720684371.4653585
2024-07-11 09:52:51,5.09,0.581,2.957,25.0,0.01,0.0,8.7,937,4771,6546,01:34:23,5663,1720684371.8154118
2024-07-11 09:52:52,5.08,0.623,3.164,25.0,0.01,0.0,8.1,937,4771,6547,01:34:24,5664,1720684372.1476078
2024-07-11 09:52:52,5.08,0.623,3.164,25.0,0.01,0.0,8.1,937,4771,6547,01:34:24,5664,1720684372.4892
2024-07-11 09:52:52,5.09,0.545,2.774,25.0,0.01,0.0,9.3,937,4771,6547,01:34:24,5664,1720684372.8367045
2024-07-11 09:52:53,5.09,0.59,3.003,25.0,0.01,0.0,8.6,937,4772,6548,01:34:25,5665,1720684373.1716795
2024-07-11 09:52:53,5.09,0.59,3.003,25.0,0.01,0.0,8.6,937,4772,6548,01:34:25,5665,1720684373.512638
2024-07-11 09:52:53,5.09,0.596,3.033,25.0,0.01,0.0,8.5,937,4772,6548,01:34:25,5665,1720684373.8642094
2024-07-11 09:52:54,5.08,0.604,3.068,25.0,0.01,0.0,8.4,937,4773,6549,01:34:26,5666,1720684374.1967037
2024-07-11 09:52:54,5.08,0.604,3.068,25.0,0.01,0.0,8.4,937,4773,6549,01:34:26,5666,1720684374.53672
2024-07-11 09:52:54,5.09,0.587,2.987,25.0,0.01,0.0,8.6,937,4773,6549,01:34:26,5666,1720684374.8779614
2024-07-11 09:52:55,5.09,0.587,2.987,25.0,0.01,0.0,8.6,937,4774,6550,01:34:27,5667,1720684375.2191954
2024-07-11 09:52:55,5.09,0.538,2.738,25.0,0.01,0.0,9.4,937,4774,6550,01:34:27,5667,1720684375.5604086
2024-07-11 09:52:55,5.08,0.626,3.18,25.0,0.01,0.0,8.1,937,4774,6550,01:34:27,5667,1720684375.9079833
2024-07-11 09:52:56,5.08,0.626,3.18,25.0,0.01,0.0,8.1,937,4775,6551,01:34:28,5668,1720684376.2441518
2024-07-11 09:52:56,5.09,0.589,2.998,25.0,0.01,0.0,8.6,937,4775,6551,01:34:28,5668,1720684376.5853374
2024-07-11 09:52:56,5.1,0.517,2.636,25.0,0.01,0.0,9.8,937,4775,6551,01:34:28,5668,1720684376.9352016
2024-07-11 09:52:57,5.1,0.517,2.636,25.0,0.01,0.0,9.8,938,4775,6552,01:34:29,5669,1720684377.2679548
2024-07-11 09:52:57,5.08,0.64,3.251,25.0,0.01,0.0,7.9,938,4775,6552,01:34:29,5669,1720684377.6117027
2024-07-11 09:52:57,5.08,0.64,3.251,25.0,0.01,0.0,7.9,938,4775,6552,01:34:29,5669,1720684377.9601068
2024-07-11 09:52:58,5.08,0.591,3.002,25.0,0.01,0.0,8.5,938,4776,6553,01:34:30,5670,1720684378.2916868
2024-07-11 09:52:58,5.1,0.523,2.667,25.0,0.01,0.0,9.7,938,4776,6553,01:34:30,5670,1720684378.6329784
2024-07-11 09:52:58,5.1,0.523,2.667,25.0,0.01,0.0,9.7,938,4776,6553,01:34:30,5670,1720684378.9863627
2024-07-11 09:52:59,5.09,0.592,3.013,25.0,0.01,0.0,8.5,938,4777,6554,01:34:31,5671,1720684379.3153398
2024-07-11 09:52:59,5.08,0.617,3.134,25.0,0.01,0.0,8.2,938,4777,6554,01:34:31,5671,1720684379.6566901
2024-07-11 09:52:59,5.08,0.617,3.134,25.0,0.01,0.0,8.2,938,4777,6554,01:34:31,5671,1720684379.9976969
2024-07-11 09:53:00,5.09,0.538,2.738,25.0,0.01,0.0,9.4,938,4778,6555,01:34:32,5672,1720684380.3409455
2024-07-11 09:53:00,5.09,0.538,2.738,25.0,0.01,0.0,9.4,938,4778,6555,01:34:32,5672,1720684380.6803849
2024-07-11 09:53:01,5.09,0.58,2.952,25.0,0.01,0.0,8.7,938,4778,6555,01:34:32,5672,1720684381.0215437
2024-07-11 09:53:01,5.08,0.599,3.042,25.0,0.01,0.0,8.4,938,4779,6556,01:34:33,5673,1720684381.3629935
2024-07-11 09:53:01,5.08,0.599,3.042,25.0,0.01,0.0,8.4,938,4779,6556,01:34:33,5673,1720684381.703466
2024-07-11 09:53:02,5.09,0.557,2.835,25.0,0.01,0.0,9.1,938,4779,6556,01:34:33,5673,1720684382.0451498
2024-07-11 09:53:02,5.09,0.584,2.972,25.0,0.01,0.0,8.7,938,4780,6557,01:34:34,5674,1720684382.386322
2024-07-11 09:53:02,5.09,0.584,2.972,25.0,0.01,0.0,8.7,938,4780,6557,01:34:34,5674,1720684382.7266705
2024-07-11 09:53:03,5.08,0.601,3.053,25.0,0.01,0.0,8.4,939,4780,6558,01:34:34,5674,1720684383.069178
2024-07-11 09:53:03,5.08,0.601,3.053,25.0,0.01,0.0,8.4,939,4780,6558,01:34:35,5675,1720684383.4086773
2024-07-11 09:53:03,5.09,0.578,2.942,25.0,0.0,0.0,8.8,939,4780,6558,01:34:35,5675,1720684383.7512748
2024-07-11 09:53:04,5.09,0.54,2.748,25.0,0.0,0.0,9.4,939,4781,6559,01:34:35,5675,1720684384.093023
2024-07-11 09:53:04,5.09,0.54,2.748,25.0,0.0,0.0,9.4,939,4781,6559,01:34:36,5676,1720684384.4340045
2024-07-11 09:53:04,5.08,0.612,3.108,25.0,0.0,0.0,8.3,939,4781,6559,01:34:36,5676,1720684384.7754679
2024-07-11 09:53:05,5.09,0.558,2.84,25.0,0.0,0.0,9.1,939,4782,6560,01:34:37,5677,1720684385.1166937
2024-07-11 09:53:05,5.09,0.558,2.84,25.0,0.0,0.0,9.1,939,4782,6560,01:34:37,5677,1720684385.4579952
2024-07-11 09:53:05,5.09,0.589,2.998,25.0,0.0,0.0,8.6,939,4782,6560,01:34:37,5677,1720684385.7991924
2024-07-11 09:53:06,5.09,0.589,2.998,25.0,0.0,0.0,8.6,939,4783,6561,01:34:38,5678,1720684386.1403916
2024-07-11 09:53:06,5.09,0.597,3.038,25.0,0.0,0.0,8.5,939,4783,6561,01:34:38,5678,1720684386.4830616
2024-07-11 09:53:06,5.09,0.564,2.87,25.0,0.0,0.0,9.0,939,4783,6561,01:34:38,5678,1720684386.8228576
2024-07-11 09:53:07,5.09,0.564,2.87,25.0,0.0,0.0,9.0,939,4784,6562,01:34:39,5679,1720684387.1641314
2024-07-11 09:53:07,5.09,0.588,2.992,25.0,0.0,0.0,8.6,939,4784,6562,01:34:39,5679,1720684387.5079908
2024-07-11 09:53:07,5.09,0.609,3.099,25.0,0.0,0.0,8.3,939,4784,6562,01:34:39,5679,1720684387.8466947
2024-07-11 09:53:08,5.09,0.609,3.099,25.0,0.0,0.0,8.3,939,4785,6563,01:34:40,5680,1720684388.1879895
2024-07-11 09:53:08,5.09,0.559,2.845,25.0,0.0,0.0,9.1,939,4785,6563,01:34:40,5680,1720684388.5292315
2024-07-11 09:53:08,5.09,0.559,2.845,25.0,0.0,0.0,9.1,939,4785,6563,01:34:40,5680,1720684388.8704813
2024-07-11 09:53:09,5.09,0.544,2.768,25.0,0.0,0.0,9.3,940,4785,6564,01:34:41,5681,1720684389.2119513
2024-07-11 09:53:09,5.08,0.626,3.18,25.0,0.0,0.0,8.1,940,4785,6564,01:34:41,5681,1720684389.5529985
2024-07-11 09:53:09,5.08,0.626,3.18,25.0,0.0,0.0,8.1,940,4785,6564,01:34:41,5681,1720684389.8938363
2024-07-11 09:53:10,5.08,0.616,3.129,25.0,0.0,0.0,8.2,940,4786,6565,01:34:42,5682,1720684390.2380106
2024-07-11 09:53:10,5.09,0.557,2.835,25.0,0.0,0.0,9.1,940,4786,6565,01:34:42,5682,1720684390.5762155
2024-07-11 09:53:10,5.09,0.557,2.835,25.0,0.0,0.0,9.1,940,4786,6565,01:34:42,5682,1720684390.91806
2024-07-11 09:53:11,5.09,0.57,2.901,25.0,0.0,0.0,8.9,940,4787,6566,01:34:43,5683,1720684391.2592611
2024-07-11 09:53:11,5.09,0.57,2.901,25.0,0.0,0.0,8.9,940,4787,6566,01:34:43,5683,1720684391.6013901
2024-07-11 09:53:11,5.08,0.636,3.23,25.0,0.0,0.0,7.9,940,4787,6566,01:34:43,5683,1720684391.9417102
2024-07-11 09:53:12,5.09,0.541,2.753,25.0,0.0,0.0,9.4,940,4788,6567,01:34:44,5684,1720684392.2829945
2024-07-11 09:53:12,5.09,0.541,2.753,25.0,0.0,0.0,9.4,940,4788,6567,01:34:44,5684,1720684392.6242304
2024-07-11 09:53:12,5.09,0.552,2.809,25.0,0.0,0.0,9.2,940,4788,6567,01:34:44,5684,1720684392.9653947
2024-07-11 09:53:13,5.07,0.67,3.396,25.0,0.0,0.0,7.5,940,4789,6568,01:34:45,5685,1720684393.3064163
2024-07-11 09:53:13,5.07,0.67,3.396,25.0,0.0,0.0,7.5,940,4789,6568,01:34:45,5685,1720684393.6474338
2024-07-11 09:53:13,5.1,0.517,2.636,25.0,0.0,0.0,9.8,940,4789,6568,01:34:45,5685,1720684393.990097
2024-07-11 09:53:14,5.1,0.517,2.636,25.0,0.0,0.0,9.8,940,4789,6569,01:34:46,5686,1720684394.3304708
2024-07-11 09:53:14,5.1,0.537,2.738,25.0,0.0,0.0,9.4,940,4789,6569,01:34:46,5686,1720684394.6713471
2024-07-11 09:53:15,5.09,0.592,3.013,25.0,0.0,0.0,8.5,940,4789,6569,01:34:46,5686,1720684395.013075
2024-07-11 09:53:15,5.09,0.592,3.013,25.0,0.0,0.0,8.5,941,4790,6570,01:34:47,5687,1720684395.3565857
2024-07-11 09:53:15,5.09,0.593,3.018,25.0,0.0,0.0,8.5,941,4790,6570,01:34:47,5687,1720684395.6954782
2024-07-11 09:53:16,5.09,0.574,2.921,25.0,0.0,0.0,8.8,941,4790,6570,01:34:47,5687,1720684396.036746
2024-07-11 09:53:16,5.09,0.574,2.921,25.0,0.0,0.0,8.8,941,4791,6571,01:34:48,5688,1720684396.377907
2024-07-11 09:53:16,5.09,0.594,3.023,25.0,0.0,0.0,8.5,941,4791,6571,01:34:48,5688,1720684396.7242973
2024-07-11 09:53:17,5.09,0.594,3.023,25.0,0.0,0.0,8.5,941,4792,6572,01:34:48,5688,1720684397.0601215
2024-07-11 09:53:17,5.09,0.584,2.972,25.0,0.0,0.0,8.7,941,4792,6572,01:34:49,5689,1720684397.4012265
2024-07-11 09:53:17,5.09,0.57,2.901,25.0,0.0,0.0,8.9,941,4792,6572,01:34:49,5689,1720684397.742869
2024-07-11 09:53:18,5.09,0.57,2.901,25.0,0.0,0.0,8.9,941,4793,6573,01:34:49,5689,1720684398.0842483
2024-07-11 09:53:18,5.09,0.59,3.003,25.0,0.0,0.0,8.6,941,4793,6573,01:34:50,5690,1720684398.4254725
2024-07-11 09:53:18,5.09,0.572,2.911,25.0,0.01,0.0,8.8,941,4793,6573,01:34:50,5690,1720684398.7667723
2024-07-11 09:53:19,5.09,0.572,2.911,25.0,0.01,0.0,8.8,941,4794,6574,01:34:51,5691,1720684399.1080067
2024-07-11 09:53:19,5.09,0.546,2.779,25.0,0.01,0.0,9.3,941,4794,6574,01:34:51,5691,1720684399.4486465
2024-07-11 09:53:19,5.09,0.546,2.779,25.0,0.01,0.0,9.3,941,4794,6574,01:34:51,5691,1720684399.7903721
2024-07-11 09:53:20,5.08,0.596,3.027,25.0,0.01,0.0,8.5,941,4794,6575,01:34:52,5692,1720684400.131258
2024-07-11 09:53:20,5.08,0.606,3.078,25.0,0.01,0.0,8.3,941,4794,6575,01:34:52,5692,1720684400.4737258
2024-07-11 09:53:20,5.08,0.606,3.078,25.0,0.01,0.0,8.3,941,4794,6575,01:34:52,5692,1720684400.8141978
2024-07-11 09:53:21,5.09,0.565,2.875,25.0,0.01,0.0,9.0,942,4795,6576,01:34:53,5693,1720684401.1552079
2024-07-11 09:53:21,5.09,0.574,2.921,25.0,0.01,0.0,8.8,942,4795,6576,01:34:53,5693,1720684401.496602
2024-07-11 09:53:21,5.09,0.574,2.921,25.0,0.01,0.0,8.8,942,4795,6576,01:34:53,5693,1720684401.8430157
2024-07-11 09:53:22,5.09,0.595,3.028,25.0,0.01,0.0,8.5,942,4796,6577,01:34:54,5694,1720684402.1804626
2024-07-11 09:53:22,5.09,0.595,3.028,25.0,0.01,0.0,8.5,942,4796,6577,01:34:54,5694,1720684402.520502
2024-07-11 09:53:22,5.09,0.558,2.84,25.0,0.01,0.0,9.1,942,4796,6577,01:34:54,5694,1720684402.8617375
2024-07-11 09:53:23,5.09,0.589,2.998,25.0,0.01,0.0,8.6,942,4797,6578,01:34:55,5695,1720684403.204267
2024-07-11 09:53:23,5.09,0.589,2.998,25.0,0.01,0.0,8.6,942,4797,6578,01:34:55,5695,1720684403.5454917
2024-07-11 09:53:23,5.09,0.572,2.911,25.0,0.01,0.0,8.8,942,4797,6578,01:34:55,5695,1720684403.8867004
2024-07-11 09:53:24,5.09,0.581,2.957,25.0,0.01,0.0,8.7,942,4798,6579,01:34:56,5696,1720684404.2271266
2024-07-11 09:53:24,5.09,0.581,2.957,25.0,0.01,0.0,8.7,942,4798,6579,01:34:56,5696,1720684404.5692217
2024-07-11 09:53:24,5.09,0.564,2.87,25.0,0.01,0.0,9.0,942,4798,6579,01:34:56,5696,1720684404.9104776
2024-07-11 09:53:25,5.09,0.564,2.87,25.0,0.01,0.0,9.0,942,4798,6580,01:34:57,5697,1720684405.25171
2024-07-11 09:53:25,5.09,0.576,2.931,25.0,0.01,0.0,8.8,942,4798,6580,01:34:57,5697,1720684405.5931587
2024-07-11 09:53:25,5.08,0.601,3.053,25.0,0.01,0.0,8.4,942,4798,6580,01:34:57,5697,1720684405.9335496
2024-07-11 09:53:26,5.08,0.601,3.053,25.0,0.01,0.0,8.4,942,4799,6581,01:34:58,5698,1720684406.275256
2024-07-11 09:53:26,5.09,0.568,2.891,25.0,0.01,0.0,8.9,942,4799,6581,01:34:58,5698,1720684406.6167257
2024-07-11 09:53:26,5.09,0.574,2.921,25.0,0.01,0.0,8.8,942,4799,6581,01:34:58,5698,1720684406.95925
2024-07-11 09:53:27,5.09,0.574,2.921,25.0,0.01,0.0,8.8,942,4800,6582,01:34:59,5699,1720684407.2992783
2024-07-11 09:53:27,5.09,0.595,3.028,25.0,0.01,0.0,8.5,942,4800,6582,01:34:59,5699,1720684407.6403346
2024-07-11 09:53:27,5.09,0.595,3.028,25.0,0.01,0.0,8.5,942,4800,6582,01:34:59,5699,1720684407.9816186
2024-07-11 09:53:28,5.09,0.589,2.998,25.0,0.01,0.0,8.6,943,4801,6583,01:35:00,5700,1720684408.3230193
2024-07-11 09:53:28,5.09,0.563,2.865,25.0,0.01,0.0,9.0,943,4801,6583,01:35:00,5700,1720684408.6642601
2024-07-11 09:53:29,5.09,0.563,2.865,25.0,0.01,0.0,9.0,943,4801,6583,01:35:00,5700,1720684409.0050302
2024-07-11 09:53:29,5.09,0.591,3.008,25.0,0.01,0.0,8.6,943,4802,6584,01:35:01,5701,1720684409.3467622
2024-07-11 09:53:29,5.09,0.582,2.962,25.0,0.01,0.0,8.7,943,4802,6584,01:35:01,5701,1720684409.6880338
2024-07-11 09:53:30,5.09,0.582,2.962,25.0,0.01,0.0,8.7,943,4802,6585,01:35:01,5701,1720684410.0292764
2024-07-11 09:53:30,5.1,0.516,2.631,25.0,0.0,0.0,9.8,943,4802,6585,01:35:02,5702,1720684410.3705103
2024-07-11 09:53:30,5.1,0.516,2.631,25.0,0.0,0.0,9.8,943,4802,6585,01:35:02,5702,1720684410.711765
2024-07-11 09:53:31,5.09,0.569,2.896,25.0,0.0,0.0,8.9,943,4803,6586,01:35:02,5702,1720684411.0523
2024-07-11 09:53:31,5.08,0.649,3.296,25.0,0.01,0.0,7.8,943,4803,6586,01:35:03,5703,1720684411.3943248
2024-07-11 09:53:31,5.08,0.649,3.296,25.0,0.01,0.0,7.8,943,4803,6586,01:35:03,5703,1720684411.7354467
2024-07-11 09:53:32,5.09,0.528,2.687,25.0,0.01,0.0,9.6,943,4804,6587,01:35:03,5703,1720684412.0772395
2024-07-11 09:53:32,5.09,0.57,2.901,25.0,0.01,0.0,8.9,943,4804,6587,01:35:04,5704,1720684412.418022
2024-07-11 09:53:32,5.09,0.57,2.901,25.0,0.01,0.0,8.9,943,4804,6587,01:35:04,5704,1720684412.7617946
2024-07-11 09:53:33,5.08,0.624,3.169,25.0,0.01,0.0,8.1,943,4805,6588,01:35:04,5704,1720684413.1004138
2024-07-11 09:53:33,5.08,0.624,3.169,25.0,0.01,0.0,8.1,943,4805,6588,01:35:05,5705,1720684413.4419389
2024-07-11 09:53:33,5.09,0.554,2.819,25.0,0.01,0.0,9.1,943,4805,6588,01:35:05,5705,1720684413.7828772
2024-07-11 09:53:34,5.09,0.585,2.977,25.0,0.01,0.0,8.7,944,4806,6589,01:35:06,5706,1720684414.124295
2024-07-11 09:53:34,5.09,0.585,2.977,25.0,0.01,0.0,8.7,944,4806,6589,01:35:06,5706,1720684414.4654677
2024-07-11 09:53:34,5.08,0.614,3.119,25.0,0.01,0.0,8.2,944,4806,6589,01:35:06,5706,1720684414.806778
2024-07-11 09:53:35,5.09,0.595,3.028,25.0,0.01,0.0,8.5,944,4807,6590,01:35:07,5707,1720684415.1479867
2024-07-11 09:53:35,5.09,0.595,3.028,25.0,0.01,0.0,8.5,944,4807,6590,01:35:07,5707,1720684415.489286
2024-07-11 09:53:35,5.1,0.536,2.733,25.0,0.01,0.0,9.5,944,4807,6590,01:35:07,5707,1720684415.830525
2024-07-11 09:53:36,5.1,0.536,2.733,25.0,0.01,0.0,9.5,944,4807,6591,01:35:08,5708,1720684416.1717663
2024-07-11 09:53:36,5.08,0.6,3.048,25.0,0.01,0.0,8.4,944,4807,6591,01:35:08,5708,1720684416.5128636
2024-07-11 09:53:36,5.08,0.61,3.098,25.0,0.01,0.0,8.3,944,4807,6591,01:35:08,5708,1720684416.8543074
2024-07-11 09:53:37,5.08,0.61,3.098,25.0,0.01,0.0,8.3,944,4808,6592,01:35:09,5709,1720684417.1997328
2024-07-11 09:53:37,5.09,0.541,2.753,25.0,0.01,0.0,9.4,944,4808,6592,01:35:09,5709,1720684417.5367823
2024-07-11 09:53:37,5.08,0.607,3.083,25.0,0.01,0.0,8.3,944,4808,6592,01:35:09,5709,1720684417.8773394
2024-07-11 09:53:38,5.08,0.607,3.083,25.0,0.01,0.0,8.3,944,4809,6593,01:35:10,5710,1720684418.2193274
2024-07-11 09:53:38,5.09,0.588,2.992,25.0,0.01,0.0,8.6,944,4809,6593,01:35:10,5710,1720684418.5606053
2024-07-11 09:53:38,5.09,0.588,2.992,25.0,0.01,0.0,8.6,944,4809,6593,01:35:10,5710,1720684418.901567
2024-07-11 09:53:39,5.09,0.551,2.804,25.0,0.01,0.0,9.2,944,4810,6594,01:35:11,5711,1720684419.243046
2024-07-11 09:53:39,5.09,0.594,3.023,25.0,0.01,0.0,8.5,944,4810,6594,01:35:11,5711,1720684419.5865655
2024-07-11 09:53:39,5.09,0.594,3.023,25.0,0.01,0.0,8.5,944,4810,6594,01:35:11,5711,1720684419.9252625
2024-07-11 09:53:40,5.08,0.601,3.053,25.0,0.01,0.0,8.4,945,4811,6595,01:35:12,5712,1720684420.2668004
2024-07-11 09:53:40,5.08,0.623,3.164,25.0,0.01,0.0,8.1,945,4811,6595,01:35:12,5712,1720684420.6080725
2024-07-11 09:53:40,5.08,0.623,3.164,25.0,0.01,0.0,8.1,945,4811,6595,01:35:12,5712,1720684420.9493165
2024-07-11 09:53:41,5.09,0.541,2.753,25.0,0.01,0.0,9.4,945,4812,6596,01:35:13,5713,1720684421.290208
2024-07-11 09:53:41,5.09,0.541,2.753,25.0,0.01,0.0,9.4,945,4812,6596,01:35:13,5713,1720684421.6318214
2024-07-11 09:53:41,5.09,0.586,2.982,25.0,0.01,0.0,8.6,945,4812,6596,01:35:13,5713,1720684421.9730775
2024-07-11 09:53:42,5.08,0.605,3.073,25.0,0.01,0.0,8.3,945,4812,6597,01:35:14,5714,1720684422.3184905
2024-07-11 09:53:42,5.08,0.605,3.073,25.0,0.01,0.0,8.3,945,4812,6597,01:35:14,5714,1720684422.6554542
2024-07-11 09:53:42,5.09,0.541,2.753,25.0,0.01,0.0,9.4,945,4813,6598,01:35:14,5714,1720684422.9968317
2024-07-11 09:53:43,5.08,0.604,3.068,25.0,0.01,0.0,8.4,945,4813,6598,01:35:15,5715,1720684423.3380685
2024-07-11 09:53:43,5.08,0.604,3.068,25.0,0.01,0.0,8.4,945,4813,6598,01:35:15,5715,1720684423.6793363
2024-07-11 09:53:44,5.09,0.584,2.972,25.0,0.01,0.0,8.7,945,4814,6599,01:35:15,5715,1720684424.0205913
2024-07-11 09:53:44,5.09,0.584,2.972,25.0,0.01,0.0,8.7,945,4814,6599,01:35:16,5716,1720684424.3643148
2024-07-11 09:53:44,5.09,0.543,2.763,25.0,0.01,0.0,9.3,945,4814,6599,01:35:16,5716,1720684424.7026892
2024-07-11 09:53:45,5.08,0.628,3.19,25.0,0.01,0.0,8.0,945,4815,6600,01:35:16,5716,1720684425.0443347
2024-07-11 09:53:45,5.08,0.628,3.19,25.0,0.01,0.0,8.0,945,4815,6600,01:35:17,5717,1720684425.3855686
2024-07-11 09:53:45,5.08,0.629,3.195,25.0,0.01,0.0,8.0,945,4815,6600,01:35:17,5717,1720684425.726576
2024-07-11 09:53:46,5.1,0.517,2.636,25.0,0.01,0.0,9.8,946,4816,6601,01:35:17,5717,1720684426.0680695
2024-07-11 09:53:46,5.1,0.517,2.636,25.0,0.01,0.0,9.8,946,4816,6601,01:35:18,5718,1720684426.409322
2024-07-11 09:53:46,5.09,0.59,3.003,25.0,0.01,0.0,8.6,946,4816,6601,01:35:18,5718,1720684426.7505934
2024-07-11 09:53:47,5.09,0.59,3.003,25.0,0.01,0.0,8.6,946,4817,6602,01:35:18,5718,1720684427.0916882
2024-07-11 09:53:47,5.08,0.642,3.261,25.0,0.01,0.0,7.9,946,4817,6602,01:35:19,5719,1720684427.439751
2024-07-11 09:53:47,5.1,0.508,2.59,25.0,0.01,0.0,10.0,946,4817,6602,01:35:19,5719,1720684427.774265
2024-07-11 09:53:48,5.1,0.508,2.59,25.0,0.01,0.0,10.0,946,4817,6603,01:35:20,5720,1720684428.1150205
2024-07-11 09:53:48,5.08,0.602,3.058,25.0,0.01,0.0,8.4,946,4817,6603,01:35:20,5720,1720684428.4591694
2024-07-11 09:53:48,5.08,0.635,3.225,25.0,0.01,0.0,8.0,946,4817,6603,01:35:20,5720,1720684428.7980661
2024-07-11 09:53:49,5.08,0.635,3.225,25.0,0.01,0.0,8.0,946,4818,6604,01:35:21,5721,1720684429.1390657
2024-07-11 09:53:49,5.1,0.519,2.646,25.0,0.01,0.0,9.8,946,4818,6604,01:35:21,5721,1720684429.480588
2024-07-11 09:53:49,5.1,0.519,2.646,25.0,0.01,0.0,9.8,946,4818,6604,01:35:21,5721,1720684429.821927
2024-07-11 09:53:50,5.09,0.582,2.962,25.0,0.01,0.0,8.7,946,4819,6605,01:35:22,5722,1720684430.1630778
2024-07-11 09:53:50,5.09,0.548,2.789,25.0,0.01,0.0,9.2,946,4819,6605,01:35:22,5722,1720684430.5043478
2024-07-11 09:53:50,5.09,0.548,2.789,25.0,0.01,0.0,9.2,946,4819,6605,01:35:22,5722,1720684430.8443558
2024-07-11 09:53:51,5.09,0.564,2.87,25.0,0.01,0.0,9.0,946,4820,6606,01:35:23,5723,1720684431.185579
2024-07-11 09:53:51,5.08,0.624,3.169,25.0,0.01,0.0,8.1,946,4820,6606,01:35:23,5723,1720684431.5261042
2024-07-11 09:53:51,5.08,0.624,3.169,25.0,0.01,0.0,8.1,946,4820,6606,01:35:23,5723,1720684431.867441
2024-07-11 09:53:52,5.09,0.563,2.865,25.0,0.01,0.0,9.0,947,4821,6607,01:35:24,5724,1720684432.208669
2024-07-11 09:53:52,5.09,0.563,2.865,25.0,0.01,0.0,9.0,947,4821,6607,01:35:24,5724,1720684432.5571175
2024-07-11 09:53:52,5.09,0.539,2.743,25.0,0.01,0.0,9.4,947,4821,6607,01:35:24,5724,1720684432.8918679
2024-07-11 09:53:53,5.08,0.651,3.307,25.0,0.01,0.0,7.8,947,4821,6608,01:35:25,5725,1720684433.2331998
2024-07-11 09:53:53,5.08,0.651,3.307,25.0,0.01,0.0,7.8,947,4821,6608,01:35:25,5725,1720684433.5743694
2024-07-11 09:53:53,5.09,0.555,2.824,25.0,0.01,0.0,9.1,947,4821,6608,01:35:25,5725,1720684433.9180555
2024-07-11 09:53:54,5.09,0.546,2.779,25.0,0.01,0.0,9.3,947,4822,6609,01:35:26,5726,1720684434.2568784
2024-07-11 09:53:54,5.09,0.546,2.779,25.0,0.01,0.0,9.3,947,4822,6609,01:35:26,5726,1720684434.5980263
2024-07-11 09:53:54,5.08,0.636,3.23,25.0,0.01,0.0,7.9,947,4822,6609,01:35:26,5726,1720684434.9388583
2024-07-11 09:53:55,5.08,0.636,3.23,25.0,0.01,0.0,7.9,947,4823,6610,01:35:27,5727,1720684435.2805593
2024-07-11 09:53:55,5.09,0.557,2.835,25.0,0.01,0.0,9.1,947,4823,6610,01:35:27,5727,1720684435.6229436
2024-07-11 09:53:55,5.1,0.506,2.58,25.0,0.01,0.0,10.0,947,4824,6611,01:35:27,5727,1720684435.9630945
2024-07-11 09:53:56,5.1,0.506,2.58,25.0,0.01,0.0,10.0,947,4824,6611,01:35:28,5728,1720684436.3043666
2024-07-11 09:53:56,5.08,0.649,3.296,25.0,0.01,0.0,7.8,947,4824,6611,01:35:28,5728,1720684436.6468642
2024-07-11 09:53:56,5.09,0.596,3.033,25.0,0.01,0.0,8.5,947,4825,6612,01:35:28,5728,1720684436.9868603
2024-07-11 09:53:57,5.09,0.596,3.033,25.0,0.01,0.0,8.5,947,4825,6612,01:35:29,5729,1720684437.3273602
2024-07-11 09:53:57,5.1,0.519,2.646,25.0,0.01,0.0,9.8,947,4825,6612,01:35:29,5729,1720684437.6770656
2024-07-11 09:53:58,5.1,0.519,2.646,25.0,0.01,0.0,9.8,947,4826,6613,01:35:29,5729,1720684438.0105548
2024-07-11 09:53:58,5.08,0.651,3.307,25.0,0.01,0.0,7.8,947,4826,6613,01:35:30,5730,1720684438.3516493
2024-07-11 09:53:58,5.09,0.563,2.865,25.0,0.01,0.0,9.0,947,4826,6613,01:35:30,5730,1720684438.6931474
2024-07-11 09:53:59,5.09,0.563,2.865,25.0,0.01,0.0,9.0,948,4826,6614,01:35:30,5730,1720684439.0343885
2024-07-11 09:53:59,5.09,0.559,2.845,25.0,0.01,0.0,9.1,948,4826,6614,01:35:31,5731,1720684439.3752291
2024-07-11 09:53:59,5.08,0.647,3.286,25.0,0.01,0.0,7.8,948,4826,6614,01:35:31,5731,1720684439.716914
2024-07-11 09:54:00,5.08,0.647,3.286,25.0,0.01,0.0,7.8,948,4827,6615,01:35:31,5731,1720684440.0578847
2024-07-11 09:54:00,5.09,0.554,2.819,25.0,0.01,0.0,9.1,948,4827,6615,01:35:32,5732,1720684440.3993845
2024-07-11 09:54:00,5.09,0.554,2.819,25.0,0.01,0.0,9.1,948,4827,6615,01:35:32,5732,1720684440.7443871
2024-07-11 09:54:01,5.1,0.484,2.468,25.0,0.01,0.0,10.5,948,4828,6616,01:35:32,5732,1720684441.0818803
2024-07-11 09:54:01,5.1,0.505,2.575,25.0,0.01,0.0,10.0,948,4828,6616,01:35:33,5733,1720684441.4232047
2024-07-11 09:54:01,5.1,0.505,2.575,25.0,0.01,0.0,10.0,948,4828,6616,01:35:33,5733,1720684441.766431
2024-07-11 09:54:02,5.09,0.593,3.018,25.0,0.01,0.0,8.5,948,4829,6617,01:35:34,5734,1720684442.1056194
2024-07-11 09:54:02,5.08,0.654,3.322,25.0,0.01,0.0,7.7,948,4829,6617,01:35:34,5734,1720684442.4469135
2024-07-11 09:54:02,5.08,0.654,3.322,25.0,0.01,0.0,7.7,948,4829,6617,01:35:34,5734,1720684442.797084
2024-07-11 09:54:03,5.1,0.507,2.585,25.0,0.01,0.0,10.0,948,4830,6618,01:35:35,5735,1720684443.129361
2024-07-11 09:54:03,5.1,0.507,2.585,25.0,0.01,0.0,10.0,948,4830,6618,01:35:35,5735,1720684443.4706266
2024-07-11 09:54:03,5.09,0.592,3.013,25.0,0.01,0.0,8.5,948,4830,6618,01:35:35,5735,1720684443.8140984
2024-07-11 09:54:04,5.08,0.655,3.327,25.0,0.01,0.0,7.7,948,4830,6619,01:35:36,5736,1720684444.153086
2024-07-11 09:54:04,5.08,0.655,3.327,25.0,0.01,0.0,7.7,948,4830,6619,01:35:36,5736,1720684444.4943833
2024-07-11 09:54:04,5.1,0.51,2.601,25.0,0.01,0.0,10.0,948,4830,6619,01:35:36,5736,1720684444.8356292
2024-07-11 09:54:05,5.08,0.637,3.235,25.0,0.01,0.0,7.9,949,4831,6620,01:35:37,5737,1720684445.1762981
2024-07-11 09:54:05,5.08,0.637,3.235,25.0,0.01,0.0,7.9,949,4831,6620,01:35:37,5737,1720684445.517247
2024-07-11 09:54:05,5.08,0.608,3.088,25.0,0.01,0.0,8.3,949,4831,6620,01:35:37,5737,1720684445.8614018
2024-07-11 09:54:06,5.08,0.608,3.088,25.0,0.01,0.0,8.3,949,4832,6621,01:35:38,5738,1720684446.2006495
2024-07-11 09:54:06,5.09,0.53,2.697,25.0,0.01,0.0,9.6,949,4832,6621,01:35:38,5738,1720684446.54065
2024-07-11 09:54:06,5.1,0.528,2.692,25.0,0.01,0.0,9.6,949,4832,6621,01:35:38,5738,1720684446.8818946
2024-07-11 09:54:07,5.1,0.528,2.692,25.0,0.01,0.0,9.6,949,4833,6622,01:35:39,5739,1720684447.223102
2024-07-11 09:54:07,5.08,0.64,3.251,25.0,0.01,0.0,7.9,949,4833,6622,01:35:39,5739,1720684447.564377
2024-07-11 09:54:07,5.09,0.579,2.947,25.0,0.01,0.0,8.7,949,4833,6622,01:35:39,5739,1720684447.9171863
2024-07-11 09:54:08,5.09,0.579,2.947,25.0,0.01,0.0,8.7,949,4834,6623,01:35:40,5740,1720684448.2469018
2024-07-11 09:54:08,5.09,0.545,2.774,25.0,0.01,0.0,9.3,949,4834,6623,01:35:40,5740,1720684448.587983
2024-07-11 09:54:08,5.09,0.545,2.774,25.0,0.01,0.0,9.3,949,4834,6624,01:35:40,5740,1720684448.9330797
2024-07-11 09:54:09,5.08,0.638,3.241,25.0,0.01,0.0,7.9,949,4834,6624,01:35:41,5741,1720684449.2706363
2024-07-11 09:54:09,5.09,0.558,2.84,25.0,0.01,0.0,9.1,949,4834,6624,01:35:41,5741,1720684449.6119132
2024-07-11 09:54:09,5.09,0.558,2.84,25.0,0.01,0.0,9.1,949,4835,6625,01:35:41,5741,1720684449.9531875
2024-07-11 09:54:10,5.09,0.564,2.87,25.0,0.0,0.0,9.0,949,4835,6625,01:35:42,5742,1720684450.2943752
2024-07-11 09:54:10,5.1,0.524,2.672,25.0,0.0,0.0,9.7,949,4835,6625,01:35:42,5742,1720684450.6356559
2024-07-11 09:54:10,5.1,0.524,2.672,25.0,0.0,0.0,9.7,950,4836,6626,01:35:42,5742,1720684450.976905
2024-07-11 09:54:11,5.1,0.49,2.499,25.0,0.0,0.0,10.4,950,4836,6626,01:35:43,5743,1720684451.3201
2024-07-11 09:54:11,5.1,0.49,2.499,25.0,0.0,0.0,10.4,950,4836,6626,01:35:43,5743,1720684451.6593735
2024-07-11 09:54:11,5.1,0.468,2.386,25.0,0.0,0.0,10.8,950,4837,6627,01:35:43,5743,1720684451.9997158
2024-07-11 09:54:12,5.1,0.47,2.397,25.0,0.0,0.0,10.8,950,4837,6627,01:35:44,5744,1720684452.3411694
2024-07-11 09:54:12,5.1,0.47,2.397,25.0,0.0,0.0,10.8,950,4837,6627,01:35:44,5744,1720684452.6852505
2024-07-11 09:54:13,5.1,0.467,2.381,25.0,0.0,0.0,10.9,950,4837,6628,01:35:44,5744,1720684453.036877
2024-07-11 09:54:13,5.11,0.465,2.376,25.0,0.0,0.0,10.9,950,4837,6628,01:35:45,5745,1720684453.3652942
2024-07-11 09:54:13,5.11,0.465,2.376,25.0,0.0,0.0,10.9,950,4837,6628,01:35:45,5745,1720684453.7069721
2024-07-11 09:54:14,5.1,0.467,2.381,25.0,0.0,0.0,10.9,950,4838,6629,01:35:45,5745,1720684454.0493815
2024-07-11 09:54:14,5.1,0.467,2.381,25.0,0.0,0.0,10.9,950,4838,6629,01:35:46,5746,1720684454.3885176
2024-07-11 09:54:14,5.1,0.467,2.381,25.0,0.0,0.0,10.9,950,4838,6629,01:35:46,5746,1720684454.7303445
2024-07-11 09:54:15,5.11,0.465,2.376,25.0,0.0,0.0,10.9,950,4839,6630,01:35:46,5746,1720684455.071947
2024-07-11 09:54:15,5.11,0.465,2.376,25.0,0.0,0.0,10.9,950,4839,6630,01:35:47,5747,1720684455.4113438
2024-07-11 09:54:15,5.1,0.47,2.397,25.0,0.0,0.0,10.8,950,4839,6630,01:35:47,5747,1720684455.7526865
2024-07-11 09:54:16,5.1,0.466,2.376,25.0,0.0,0.0,10.9,950,4839,6631,01:35:47,5747,1720684456.0960305
2024-07-11 09:54:16,5.1,0.466,2.376,25.0,0.0,0.0,10.9,950,4839,6631,01:35:48,5748,1720684456.4356477
2024-07-11 09:54:16,5.1,0.465,2.371,25.0,0.0,0.0,10.9,950,4839,6631,01:35:48,5748,1720684456.776801
2024-07-11 09:54:17,5.1,0.465,2.371,25.0,0.0,0.0,10.9,950,4840,6632,01:35:49,5749,1720684457.1181238
2024-07-11 09:54:17,5.1,0.466,2.376,25.0,0.0,0.0,10.9,950,4840,6632,01:35:49,5749,1720684457.4590724
2024-07-11 09:54:17,5.1,0.467,2.381,25.0,0.0,0.0,10.9,950,4840,6632,01:35:49,5749,1720684457.8006248
2024-07-11 09:54:18,5.1,0.467,2.381,25.0,0.0,0.0,10.9,950,4841,6633,01:35:50,5750,1720684458.1569574
2024-07-11 09:54:18,5.1,0.466,2.376,25.0,0.0,0.0,10.9,950,4841,6633,01:35:50,5750,1720684458.4830496
2024-07-11 09:54:18,5.11,0.464,2.371,25.0,0.0,0.0,11.0,950,4841,6633,01:35:50,5750,1720684458.8243604
2024-07-11 09:54:19,5.11,0.464,2.371,25.0,0.0,0.0,11.0,951,4841,6634,01:35:51,5751,1720684459.168212
2024-07-11 09:54:19,5.1,0.467,2.381,25.0,0.0,0.0,10.9,951,4841,6634,01:35:51,5751,1720684459.5069463
2024-07-11 09:54:19,5.1,0.467,2.381,25.0,0.0,0.0,10.9,951,4841,6634,01:35:51,5751,1720684459.8481646
2024-07-11 09:54:20,5.1,0.467,2.381,25.0,0.0,0.0,10.9,951,4842,6635,01:35:52,5752,1720684460.1894057
2024-07-11 09:54:20,5.1,0.466,2.376,25.0,0.0,0.0,10.9,951,4842,6635,01:35:52,5752,1720684460.5301876
2024-07-11 09:54:20,5.1,0.466,2.376,25.0,0.0,0.0,10.9,951,4842,6635,01:35:52,5752,1720684460.8706696
2024-07-11 09:54:21,5.1,0.467,2.381,25.0,0.0,0.0,10.9,951,4843,6636,01:35:53,5753,1720684461.2157178
2024-07-11 09:54:21,5.1,0.467,2.381,25.0,0.0,0.0,10.9,951,4843,6636,01:35:53,5753,1720684461.5568135
2024-07-11 09:54:21,5.1,0.467,2.381,25.0,0.0,0.0,10.9,951,4843,6636,01:35:53,5753,1720684461.8943672
2024-07-11 09:54:22,5.1,0.466,2.376,25.0,0.0,0.0,10.9,951,4843,6637,01:35:54,5754,1720684462.238764
2024-07-11 09:54:22,5.1,0.466,2.376,25.0,0.0,0.0,10.9,951,4843,6637,01:35:54,5754,1720684462.5760577
2024-07-11 09:54:22,5.1,0.464,2.366,25.0,0.0,0.0,10.9,951,4844,6638,01:35:54,5754,1720684462.9219425
2024-07-11 09:54:23,5.1,0.466,2.376,25.0,0.0,0.0,10.9,951,4844,6638,01:35:55,5755,1720684463.276497
2024-07-11 09:54:23,5.1,0.466,2.376,25.0,0.0,0.0,10.9,951,4844,6638,01:35:55,5755,1720684463.600684
2024-07-11 09:54:23,5.1,0.466,2.376,25.0,0.0,0.0,10.9,951,4845,6639,01:35:55,5755,1720684463.9417086
2024-07-11 09:54:24,5.1,0.464,2.366,25.0,0.0,0.0,10.9,951,4845,6639,01:35:56,5756,1720684464.2882302
2024-07-11 09:54:24,5.1,0.464,2.366,25.0,0.0,0.0,10.9,951,4845,6639,01:35:56,5756,1720684464.6241343
2024-07-11 09:54:24,5.1,0.466,2.376,25.0,0.0,0.0,10.9,951,4845,6640,01:35:56,5756,1720684464.9668021
2024-07-11 09:54:25,5.1,0.466,2.376,25.0,0.0,0.0,10.9,951,4845,6640,01:35:57,5757,1720684465.3082125
2024-07-11 09:54:25,5.1,0.466,2.376,25.0,0.0,0.0,10.9,951,4845,6640,01:35:57,5757,1720684465.6476245
2024-07-11 09:54:25,5.1,0.466,2.376,25.0,0.0,0.0,10.9,951,4846,6641,01:35:57,5757,1720684465.9894323
2024-07-11 09:54:26,5.1,0.466,2.376,25.0,0.0,0.0,10.9,951,4846,6641,01:35:58,5758,1720684466.3354723
2024-07-11 09:54:26,5.1,0.464,2.366,25.0,0.0,0.0,10.9,951,4846,6641,01:35:58,5758,1720684466.671692
2024-07-11 09:54:27,5.1,0.466,2.376,25.0,0.0,0.0,10.9,952,4847,6642,01:35:58,5758,1720684467.0157092
2024-07-11 09:54:27,5.1,0.466,2.376,25.0,0.0,0.0,10.9,952,4847,6642,01:35:59,5759,1720684467.3594306
2024-07-11 09:54:27,5.1,0.466,2.376,25.0,0.0,0.0,10.9,952,4847,6642,01:35:59,5759,1720684467.6957157
2024-07-11 09:54:28,5.1,0.466,2.376,25.0,0.0,0.0,10.9,952,4847,6643,01:35:59,5759,1720684468.0369742
2024-07-11 09:54:28,5.1,0.464,2.366,25.0,0.0,0.0,10.9,952,4847,6643,01:36:00,5760,1720684468.3969624
2024-07-11 09:54:28,5.1,0.466,2.376,25.0,0.0,0.0,10.9,952,4847,6643,01:36:00,5760,1720684468.7214692
2024-07-11 09:54:29,5.1,0.466,2.376,25.0,0.0,0.0,10.9,952,4848,6644,01:36:00,5760,1720684469.0604944
2024-07-11 09:54:29,5.1,0.467,2.381,25.0,0.0,0.0,10.9,952,4848,6644,01:36:01,5761,1720684469.4019365
2024-07-11 09:54:29,5.1,0.466,2.376,25.0,0.0,0.0,10.9,952,4848,6644,01:36:01,5761,1720684469.7427769
2024-07-11 09:54:30,5.1,0.466,2.376,25.0,0.0,0.0,10.9,952,4849,6645,01:36:01,5761,1720684470.0869703
2024-07-11 09:54:30,5.1,0.464,2.366,25.0,0.0,0.0,10.9,952,4849,6645,01:36:02,5762,1720684470.4319568
2024-07-11 09:54:30,5.1,0.464,2.366,25.0,0.0,0.0,10.9,952,4849,6645,01:36:02,5762,1720684470.7668622
2024-07-11 09:54:31,5.1,0.466,2.376,25.0,0.0,0.0,10.9,952,4849,6646,01:36:03,5763,1720684471.1075509
2024-07-11 09:54:31,5.1,0.47,2.397,25.0,0.0,0.0,10.8,952,4849,6646,01:36:03,5763,1720684471.4554558
2024-07-11 09:54:31,5.1,0.47,2.397,25.0,0.0,0.0,10.8,952,4849,6646,01:36:03,5763,1720684471.790726
2024-07-11 09:54:32,5.11,0.465,2.376,25.0,0.0,0.0,10.9,952,4850,6647,01:36:04,5764,1720684472.132092
2024-07-11 09:54:32,5.1,0.466,2.376,25.0,0.0,0.0,10.9,952,4850,6647,01:36:04,5764,1720684472.4786487
2024-07-11 09:54:32,5.1,0.466,2.376,25.0,0.0,0.0,10.9,952,4850,6647,01:36:04,5764,1720684472.8168845
2024-07-11 09:54:33,5.1,0.468,2.386,25.0,0.0,0.0,10.8,952,4850,6648,01:36:05,5765,1720684473.155717
2024-07-11 09:54:33,5.1,0.468,2.386,25.0,0.0,0.0,10.8,952,4850,6648,01:36:05,5765,1720684473.5169723
2024-07-11 09:54:33,5.1,0.463,2.361,25.0,0.0,0.0,11.0,952,4850,6648,01:36:05,5765,1720684473.8381364
2024-07-11 09:54:34,5.1,0.466,2.376,25.0,0.0,0.0,10.9,953,4851,6649,01:36:06,5766,1720684474.1793983
2024-07-11 09:54:34,5.1,0.466,2.376,25.0,0.0,0.0,10.9,953,4851,6649,01:36:06,5766,1720684474.5308414
2024-07-11 09:54:34,5.1,0.466,2.376,25.0,0.0,0.0,10.9,953,4851,6649,01:36:06,5766,1720684474.8619795
2024-07-11 09:54:35,5.1,0.465,2.371,25.0,0.0,0.0,10.9,953,4852,6650,01:36:07,5767,1720684475.2028384
2024-07-11 09:54:35,5.1,0.465,2.371,25.0,0.0,0.0,10.9,953,4852,6650,01:36:07,5767,1720684475.548211
2024-07-11 09:54:35,5.11,0.465,2.376,25.0,0.0,0.0,10.9,953,4852,6651,01:36:07,5767,1720684475.8851123
2024-07-11 09:54:36,5.11,0.465,2.376,25.0,0.0,0.0,10.9,953,4852,6651,01:36:08,5768,1720684476.226945
2024-07-11 09:54:36,5.11,0.468,2.391,25.0,0.0,0.0,10.9,953,4852,6651,01:36:08,5768,1720684476.5717957
2024-07-11 09:54:36,5.1,0.465,2.371,25.0,0.0,0.0,10.9,953,4853,6652,01:36:08,5768,1720684476.9104555
2024-07-11 09:54:37,5.1,0.465,2.371,25.0,0.0,0.0,10.9,953,4853,6652,01:36:09,5769,1720684477.250739
2024-07-11 09:54:37,5.1,0.463,2.361,25.0,0.0,0.0,11.0,953,4853,6652,01:36:09,5769,1720684477.5954788
2024-07-11 09:54:37,5.1,0.466,2.376,25.0,0.0,0.0,10.9,953,4854,6653,01:36:09,5769,1720684477.9344785
2024-07-11 09:54:38,5.1,0.466,2.376,25.0,0.0,0.0,10.9,953,4854,6653,01:36:10,5770,1720684478.2757251
2024-07-11 09:54:38,5.1,0.466,2.376,25.0,0.0,0.0,10.9,953,4854,6653,01:36:10,5770,1720684478.636555
2024-07-11 09:54:38,5.1,0.466,2.376,25.0,0.0,0.0,10.9,953,4854,6654,01:36:10,5770,1720684478.9607449
2024-07-11 09:54:39,5.1,0.466,2.376,25.0,0.0,0.0,10.9,953,4854,6654,01:36:11,5771,1720684479.2989426
2024-07-11 09:54:39,5.1,0.464,2.366,25.0,0.0,0.0,10.9,953,4854,6654,01:36:11,5771,1720684479.6406581
2024-07-11 09:54:39,5.1,0.464,2.366,25.0,0.0,0.0,10.9,953,4855,6655,01:36:11,5771,1720684479.9818563
2024-07-11 09:54:40,5.1,0.471,2.402,25.0,0.0,0.0,10.8,953,4855,6655,01:36:12,5772,1720684480.3227217
2024-07-11 09:54:40,5.1,0.466,2.376,25.0,0.0,0.0,10.9,953,4855,6655,01:36:12,5772,1720684480.669379
2024-07-11 09:54:41,5.1,0.466,2.376,25.0,0.0,0.0,10.9,953,4856,6656,01:36:12,5772,1720684481.0054395
2024-07-11 09:54:41,5.1,0.464,2.366,25.0,0.0,0.0,10.9,953,4856,6656,01:36:13,5773,1720684481.3469722
2024-07-11 09:54:41,5.1,0.464,2.366,25.0,0.0,0.0,10.9,953,4856,6656,01:36:13,5773,1720684481.693214
2024-07-11 09:54:42,5.1,0.465,2.371,25.0,0.0,0.0,10.9,954,4856,6657,01:36:13,5773,1720684482.0294616
2024-07-11 09:54:42,5.11,0.467,2.386,25.0,0.0,0.0,10.9,954,4856,6657,01:36:14,5774,1720684482.3704312
2024-07-11 09:54:42,5.11,0.467,2.386,25.0,0.0,0.0,10.9,954,4856,6657,01:36:14,5774,1720684482.719395
2024-07-11 09:54:43,5.1,0.465,2.371,25.0,0.0,0.0,10.9,954,4857,6658,01:36:14,5774,1720684483.05317
2024-07-11 09:54:43,5.11,0.463,2.365,25.0,0.0,0.0,11.0,954,4857,6658,01:36:15,5775,1720684483.3957427
2024-07-11 09:54:43,5.11,0.463,2.365,25.0,0.0,0.0,11.0,954,4857,6658,01:36:15,5775,1720684483.759598
2024-07-11 09:54:44,5.1,0.464,2.366,25.0,0.0,0.0,10.9,954,4858,6659,01:36:15,5775,1720684484.0781922
2024-07-11 09:54:44,5.1,0.464,2.366,25.0,0.0,0.0,10.9,954,4858,6659,01:36:16,5776,1720684484.4194634
2024-07-11 09:54:44,5.11,0.464,2.371,25.0,0.0,0.0,11.0,954,4858,6659,01:36:16,5776,1720684484.7630954
2024-07-11 09:54:45,5.11,0.463,2.365,25.0,0.0,0.0,11.0,954,4858,6660,01:36:16,5776,1720684485.101771
2024-07-11 09:54:45,5.11,0.463,2.365,25.0,0.0,0.0,11.0,954,4858,6660,01:36:17,5777,1720684485.4432604
2024-07-11 09:54:45,5.1,0.468,2.386,25.0,0.0,0.0,10.8,954,4858,6660,01:36:17,5777,1720684485.79175
2024-07-11 09:54:46,5.1,0.465,2.371,25.0,0.0,0.0,10.9,954,4859,6661,01:36:18,5778,1720684486.125266
2024-07-11 09:54:46,5.1,0.465,2.371,25.0,0.0,0.0,10.9,954,4859,6661,01:36:18,5778,1720684486.466971
2024-07-11 09:54:46,5.1,0.465,2.371,25.0,0.0,0.0,10.9,954,4859,6661,01:36:18,5778,1720684486.8157394
2024-07-11 09:54:47,5.1,0.465,2.371,25.0,0.0,0.0,10.9,954,4860,6662,01:36:19,5779,1720684487.149464
2024-07-11 09:54:47,5.11,0.463,2.365,25.0,0.0,0.0,11.0,954,4860,6662,01:36:19,5779,1720684487.4906082
2024-07-11 09:54:47,5.1,0.465,2.371,25.0,0.0,0.0,10.9,954,4860,6662,01:36:19,5779,1720684487.8420234
2024-07-11 09:54:48,5.1,0.465,2.371,25.0,0.0,0.0,10.9,954,4860,6663,01:36:20,5780,1720684488.1732564
2024-07-11 09:54:48,5.1,0.468,2.386,25.0,0.0,0.0,10.8,954,4860,6663,01:36:20,5780,1720684488.5144541
2024-07-11 09:54:48,5.1,0.463,2.361,25.0,0.0,0.0,11.0,954,4861,6664,01:36:20,5780,1720684488.8795788
2024-07-11 09:54:49,5.1,0.463,2.361,25.0,0.0,0.0,11.0,954,4861,6664,01:36:21,5781,1720684489.1970186
2024-07-11 09:54:49,5.1,0.465,2.371,25.0,0.0,0.0,10.9,954,4861,6664,01:36:21,5781,1720684489.537908
2024-07-11 09:54:49,5.1,0.465,2.371,25.0,0.0,0.0,10.9,955,4862,6665,01:36:21,5781,1720684489.8844738
2024-07-11 09:54:50,5.11,0.465,2.376,25.0,0.0,0.0,10.9,955,4862,6665,01:36:22,5782,1720684490.2202485
2024-07-11 09:54:50,5.1,0.465,2.371,25.0,0.0,0.0,10.9,955,4862,6665,01:36:22,5782,1720684490.5620906
2024-07-11 09:54:50,5.1,0.465,2.371,25.0,0.0,0.0,10.9,955,4862,6666,01:36:22,5782,1720684490.912006
2024-07-11 09:54:51,5.1,0.464,2.366,25.0,0.0,0.0,10.9,955,4862,6666,01:36:23,5783,1720684491.2443395
2024-07-11 09:54:51,5.1,0.466,2.376,25.0,0.0,0.0,10.9,955,4862,6666,01:36:23,5783,1720684491.5854325
2024-07-11 09:54:51,5.1,0.466,2.376,25.0,0.0,0.0,10.9,955,4863,6667,01:36:23,5783,1720684491.935745
2024-07-11 09:54:52,5.1,0.464,2.366,25.0,0.0,0.0,10.9,955,4863,6667,01:36:24,5784,1720684492.2682528
2024-07-11 09:54:52,5.1,0.464,2.366,25.0,0.0,0.0,10.9,955,4863,6667,01:36:24,5784,1720684492.6094475
2024-07-11 09:54:52,5.1,0.463,2.361,25.0,0.0,0.0,11.0,955,4864,6668,01:36:24,5784,1720684492.959481
2024-07-11 09:54:53,5.11,0.465,2.376,25.0,0.0,0.0,10.9,955,4864,6668,01:36:25,5785,1720684493.293121
2024-07-11 09:54:53,5.11,0.465,2.376,25.0,0.0,0.0,10.9,955,4864,6668,01:36:25,5785,1720684493.633628
2024-07-11 09:54:53,5.1,0.465,2.371,25.0,0.0,0.0,10.9,955,4864,6669,01:36:25,5785,1720684493.9998887
2024-07-11 09:54:54,5.11,0.464,2.371,25.0,0.0,0.0,11.0,955,4864,6669,01:36:26,5786,1720684494.3170016
2024-07-11 09:54:54,5.11,0.464,2.371,25.0,0.0,0.0,11.0,955,4864,6669,01:36:26,5786,1720684494.6582677
2024-07-11 09:54:55,5.11,0.464,2.371,25.0,0.0,0.0,11.0,955,4865,6670,01:36:26,5786,1720684495.0038202
2024-07-11 09:54:55,5.11,0.464,2.371,25.0,0.0,0.0,11.0,955,4865,6670,01:36:27,5787,1720684495.340805
2024-07-11 09:54:55,5.1,0.473,2.412,25.0,0.0,0.0,10.7,955,4865,6670,01:36:27,5787,1720684495.6821353
2024-07-11 09:54:56,5.11,0.465,2.376,25.0,0.0,0.0,10.9,955,4866,6671,01:36:27,5787,1720684496.0318184
2024-07-11 09:54:56,5.11,0.465,2.376,25.0,0.0,0.0,10.9,955,4866,6671,01:36:28,5788,1720684496.3644304
2024-07-11 09:54:56,5.1,0.462,2.356,25.0,0.0,0.0,11.0,955,4866,6671,01:36:28,5788,1720684496.7058017
2024-07-11 09:54:57,5.11,0.465,2.376,25.0,0.0,0.0,10.9,955,4866,6672,01:36:28,5788,1720684497.0558834
2024-07-11 09:54:57,5.11,0.465,2.376,25.0,0.0,0.0,10.9,955,4866,6672,01:36:29,5789,1720684497.3882551
2024-07-11 09:54:57,5.1,0.466,2.376,25.0,0.0,0.0,10.9,955,4866,6672,01:36:29,5789,1720684497.7295105
2024-07-11 09:54:58,5.1,0.466,2.376,25.0,0.0,0.0,10.9,956,4867,6673,01:36:29,5789,1720684498.073341
2024-07-11 09:54:58,5.1,0.462,2.356,25.0,0.0,0.0,11.0,956,4867,6673,01:36:30,5790,1720684498.4121597
2024-07-11 09:54:58,5.1,0.464,2.366,25.0,0.0,0.0,10.9,956,4867,6673,01:36:30,5790,1720684498.7531533
2024-07-11 09:54:59,5.1,0.464,2.366,25.0,0.0,0.0,10.9,956,4868,6674,01:36:31,5791,1720684499.1198847
2024-07-11 09:54:59,5.1,0.465,2.371,25.0,0.0,0.0,10.9,956,4868,6674,01:36:31,5791,1720684499.4359243
2024-07-11 09:54:59,5.1,0.465,2.371,25.0,0.0,0.0,10.9,956,4868,6674,01:36:31,5791,1720684499.777969
2024-07-11 09:55:00,5.1,0.465,2.371,25.0,0.0,0.0,10.9,956,4868,6675,01:36:32,5792,1720684500.1253698
2024-07-11 09:55:00,5.1,0.462,2.356,25.0,0.0,0.0,11.0,956,4868,6675,01:36:32,5792,1720684500.4608088
2024-07-11 09:55:00,5.1,0.462,2.356,25.0,0.0,0.0,11.0,956,4868,6675,01:36:32,5792,1720684500.8002768
2024-07-11 09:55:01,5.1,0.468,2.386,25.0,0.0,0.0,10.8,956,4869,6676,01:36:33,5793,1720684501.152006
2024-07-11 09:55:01,5.1,0.467,2.381,25.0,0.0,0.0,10.9,956,4869,6676,01:36:33,5793,1720684501.4845119
2024-07-11 09:55:01,5.1,0.467,2.381,25.0,0.0,0.0,10.9,956,4870,6677,01:36:33,5793,1720684501.8257825
2024-07-11 09:55:02,5.11,0.463,2.365,25.0,0.0,0.0,11.0,956,4870,6677,01:36:34,5794,1720684502.1756117
2024-07-11 09:55:02,5.1,0.465,2.371,25.0,0.01,0.0,10.9,956,4870,6677,01:36:34,5794,1720684502.5080826
2024-07-11 09:55:02,5.1,0.465,2.371,25.0,0.01,0.0,10.9,956,4870,6678,01:36:34,5794,1720684502.8495502
2024-07-11 09:55:03,5.1,0.466,2.376,25.0,0.01,0.0,10.9,956,4870,6678,01:36:35,5795,1720684503.1986432
2024-07-11 09:55:03,5.1,0.466,2.376,25.0,0.01,0.0,10.9,956,4870,6678,01:36:35,5795,1720684503.5319786
2024-07-11 09:55:03,5.1,0.467,2.381,25.0,0.01,0.0,10.9,956,4871,6679,01:36:35,5795,1720684503.8734262
2024-07-11 09:55:04,5.1,0.463,2.361,25.0,0.01,0.0,11.0,956,4871,6679,01:36:36,5796,1720684504.236402
2024-07-11 09:55:04,5.1,0.463,2.361,25.0,0.01,0.0,11.0,956,4871,6679,01:36:36,5796,1720684504.5555513
2024-07-11 09:55:04,5.1,0.465,2.371,25.0,0.01,0.0,10.9,957,4872,6680,01:36:36,5796,1720684504.896153
2024-07-11 09:55:05,5.1,0.465,2.371,25.0,0.01,0.0,10.9,957,4872,6680,01:36:37,5797,1720684505.2493365
2024-07-11 09:55:05,5.1,0.465,2.371,25.0,0.01,0.0,10.9,957,4872,6680,01:36:37,5797,1720684505.5784588
2024-07-11 09:55:05,5.1,0.462,2.356,25.0,0.01,0.0,11.0,957,4872,6681,01:36:37,5797,1720684505.9203615
2024-07-11 09:55:06,5.1,0.462,2.356,25.0,0.01,0.0,11.0,957,4872,6681,01:36:38,5798,1720684506.267051
2024-07-11 09:55:06,5.1,0.465,2.371,25.0,0.01,0.0,10.9,957,4872,6681,01:36:38,5798,1720684506.6024892
2024-07-11 09:55:06,5.1,0.467,2.381,25.0,0.01,0.0,10.9,957,4873,6682,01:36:38,5798,1720684506.9451864
2024-07-11 09:55:07,5.1,0.467,2.381,25.0,0.01,0.0,10.9,957,4873,6682,01:36:39,5799,1720684507.2907505
2024-07-11 09:55:07,5.1,0.464,2.366,25.0,0.01,0.0,10.9,957,4873,6682,01:36:39,5799,1720684507.628272
2024-07-11 09:55:07,5.1,0.462,2.356,25.0,0.01,0.0,11.0,957,4874,6683,01:36:39,5799,1720684507.9692872
2024-07-11 09:55:08,5.1,0.462,2.356,25.0,0.01,0.0,11.0,957,4874,6683,01:36:40,5800,1720684508.3156943
2024-07-11 09:55:08,5.1,0.464,2.366,25.0,0.01,0.0,10.9,957,4874,6683,01:36:40,5800,1720684508.6521077
2024-07-11 09:55:08,5.1,0.464,2.366,25.0,0.01,0.0,10.9,957,4874,6684,01:36:40,5800,1720684508.993198
2024-07-11 09:55:09,5.1,0.464,2.366,25.0,0.01,0.0,10.9,957,4874,6684,01:36:41,5801,1720684509.3573296
2024-07-11 09:55:09,5.1,0.462,2.356,25.0,0.01,0.0,11.0,957,4874,6684,01:36:41,5801,1720684509.6757662
2024-07-11 09:55:10,5.1,0.462,2.356,25.0,0.01,0.0,11.0,957,4875,6685,01:36:41,5801,1720684510.0167036
2024-07-11 09:55:10,5.1,0.467,2.381,25.0,0.01,0.0,10.9,957,4875,6685,01:36:42,5802,1720684510.3634112
2024-07-11 09:55:10,5.09,0.541,2.753,25.0,0.01,0.0,9.4,957,4875,6685,01:36:42,5802,1720684510.699406
2024-07-11 09:55:11,5.09,0.541,2.753,25.0,0.01,0.0,9.4,957,4876,6686,01:36:42,5802,1720684511.0407643
2024-07-11 09:55:11,5.07,0.695,3.523,25.0,0.01,0.0,7.2,957,4876,6686,01:36:43,5803,1720684511.3869798
2024-07-11 09:55:11,5.07,0.695,3.523,25.0,0.01,0.0,7.2,957,4876,6686,01:36:43,5803,1720684511.72251
2024-07-11 09:55:12,5.09,0.538,2.738,25.0,0.01,0.0,9.4,958,4877,6687,01:36:43,5803,1720684512.0645537
2024-07-11 09:55:12,5.07,0.674,3.417,25.0,0.01,0.0,7.5,958,4877,6687,01:36:44,5804,1720684512.4144645
2024-07-11 09:55:12,5.07,0.674,3.417,25.0,0.01,0.0,7.5,958,4877,6687,01:36:44,5804,1720684512.747059
2024-07-11 09:55:13,5.08,0.622,3.159,25.0,0.01,0.0,8.1,958,4878,6688,01:36:44,5804,1720684513.0883026
2024-07-11 09:55:13,5.08,0.642,3.261,25.0,0.01,0.0,7.9,958,4878,6688,01:36:45,5805,1720684513.4299166
2024-07-11 09:55:13,5.08,0.642,3.261,25.0,0.01,0.0,7.9,958,4878,6688,01:36:45,5805,1720684513.7707858
2024-07-11 09:55:14,5.08,0.654,3.322,25.0,0.01,0.0,7.7,958,4878,6689,01:36:46,5806,1720684514.1113956
2024-07-11 09:55:14,5.08,0.654,3.322,25.0,0.01,0.0,7.7,958,4878,6689,01:36:46,5806,1720684514.4771268
2024-07-11 09:55:14,5.08,0.602,3.058,25.0,0.01,0.0,8.4,958,4879,6690,01:36:46,5806,1720684514.794589
2024-07-11 09:55:15,5.08,0.625,3.175,25.0,0.01,0.0,8.1,958,4879,6690,01:36:47,5807,1720684515.138198
2024-07-11 09:55:15,5.08,0.625,3.175,25.0,0.01,0.0,8.1,958,4879,6690,01:36:47,5807,1720684515.4807684
2024-07-11 09:55:15,5.08,0.629,3.195,25.0,0.01,0.0,8.0,958,4880,6691,01:36:47,5807,1720684515.817808
2024-07-11 09:55:16,5.09,0.556,2.83,25.0,0.0,0.0,9.1,958,4880,6691,01:36:48,5808,1720684516.1595814
2024-07-11 09:55:16,5.09,0.556,2.83,25.0,0.0,0.0,9.1,958,4880,6691,01:36:48,5808,1720684516.5093024
2024-07-11 09:55:16,5.08,0.675,3.429,25.0,0.0,0.0,7.5,958,4881,6692,01:36:48,5808,1720684516.841899
2024-07-11 09:55:17,5.08,0.675,3.429,25.0,0.0,0.0,7.5,958,4881,6692,01:36:49,5809,1720684517.1821125
2024-07-11 09:55:17,5.08,0.606,3.078,25.0,0.0,0.0,8.3,958,4881,6692,01:36:49,5809,1720684517.533209
2024-07-11 09:55:17,5.08,0.642,3.261,25.0,0.0,0.0,7.9,959,4882,6693,01:36:49,5809,1720684517.865799
2024-07-11 09:55:18,5.08,0.642,3.261,25.0,0.0,0.0,7.9,959,4882,6693,01:36:50,5810,1720684518.2057817
2024-07-11 09:55:18,5.08,0.657,3.337,25.0,0.0,0.0,7.7,959,4882,6693,01:36:50,5810,1720684518.5557747
2024-07-11 09:55:18,5.08,0.642,3.261,25.0,0.0,0.0,7.9,959,4883,6694,01:36:50,5810,1720684518.8881662
2024-07-11 09:55:19,5.08,0.642,3.261,25.0,0.0,0.0,7.9,959,4883,6694,01:36:51,5811,1720684519.229383
2024-07-11 09:55:19,5.09,0.597,3.038,25.0,0.0,0.0,8.5,959,4883,6694,01:36:51,5811,1720684519.5964637
2024-07-11 09:55:19,5.09,0.597,3.038,25.0,0.0,0.0,8.5,959,4884,6695,01:36:51,5811,1720684519.912021
2024-07-11 09:55:20,5.08,0.657,3.337,25.0,0.0,0.0,7.7,959,4884,6695,01:36:52,5812,1720684520.2530785
2024-07-11 09:55:20,5.09,0.558,2.84,25.0,0.0,0.0,9.1,959,4884,6695,01:36:52,5812,1720684520.594597
2024-07-11 09:55:20,5.09,0.558,2.84,25.0,0.0,0.0,9.1,959,4884,6696,01:36:52,5812,1720684520.935725
2024-07-11 09:55:21,5.1,0.502,2.56,25.0,0.0,0.0,10.1,959,4884,6696,01:36:53,5813,1720684521.2770822
2024-07-11 09:55:21,5.08,0.608,3.088,25.0,0.0,0.0,8.3,959,4884,6696,01:36:53,5813,1720684521.6182897
2024-07-11 09:55:21,5.08,0.608,3.088,25.0,0.0,0.0,8.3,959,4885,6697,01:36:53,5813,1720684521.958298
2024-07-11 09:55:22,5.08,0.62,3.149,25.0,0.0,0.0,8.1,959,4885,6697,01:36:54,5814,1720684522.2996178
2024-07-11 09:55:22,5.08,0.62,3.149,25.0,0.0,0.0,8.1,959,4885,6697,01:36:54,5814,1720684522.6408396
2024-07-11 09:55:22,5.08,0.623,3.164,25.0,0.0,0.0,8.1,959,4886,6698,01:36:54,5814,1720684522.9845977
2024-07-11 09:55:23,5.08,0.626,3.18,25.0,0.0,0.0,8.1,959,4886,6698,01:36:55,5815,1720684523.3233624
2024-07-11 09:55:23,5.08,0.626,3.18,25.0,0.0,0.0,8.1,959,4886,6698,01:36:55,5815,1720684523.6637268
2024-07-11 09:55:24,5.08,0.62,3.149,25.0,0.0,0.0,8.1,960,4887,6699,01:36:55,5815,1720684524.0058198
2024-07-11 09:55:24,5.08,0.646,3.281,25.0,0.0,0.0,7.8,960,4887,6699,01:36:56,5816,1720684524.3495827
2024-07-11 09:55:24,5.08,0.646,3.281,25.0,0.0,0.0,7.8,960,4887,6699,01:36:56,5816,1720684524.7170842
2024-07-11 09:55:25,5.09,0.596,3.033,25.0,0.0,0.0,8.5,960,4888,6700,01:36:56,5816,1720684525.0282354
2024-07-11 09:55:25,5.09,0.596,3.033,25.0,0.0,0.0,8.5,960,4888,6700,01:36:57,5817,1720684525.3693655
2024-07-11 09:55:25,5.08,0.66,3.352,25.0,0.0,0.0,7.6,960,4888,6700,01:36:57,5817,1720684525.710648
2024-07-11 09:55:26,5.1,0.524,2.672,25.0,0.0,0.0,9.7,960,4889,6701,01:36:57,5817,1720684526.0523717
2024-07-11 09:55:26,5.1,0.524,2.672,25.0,0.0,0.0,9.7,960,4889,6701,01:36:58,5818,1720684526.3933692
2024-07-11 09:55:26,5.08,0.621,3.154,25.0,0.0,0.0,8.1,960,4889,6701,01:36:58,5818,1720684526.7338245
2024-07-11 09:55:27,5.09,0.602,3.064,25.0,0.0,0.0,8.4,960,4890,6702,01:36:58,5818,1720684527.075481
2024-07-11 09:55:27,5.09,0.602,3.064,25.0,0.0,0.0,8.4,960,4890,6702,01:36:59,5819,1720684527.4158664
2024-07-11 09:55:27,5.07,0.668,3.386,25.0,0.0,0.0,7.5,960,4890,6702,01:36:59,5819,1720684527.7570913
2024-07-11 09:55:28,5.07,0.668,3.386,25.0,0.0,0.0,7.5,960,4891,6703,01:36:59,5819,1720684528.0982916
2024-07-11 09:55:28,5.09,0.567,2.886,25.0,0.0,0.0,8.9,960,4891,6703,01:37:00,5820,1720684528.4396055
2024-07-11 09:55:28,5.07,0.674,3.417,25.0,0.0,0.0,7.5,960,4891,6704,01:37:00,5820,1720684528.7807317
2024-07-11 09:55:29,5.07,0.674,3.417,25.0,0.0,0.0,7.5,960,4891,6704,01:37:01,5821,1720684529.1221044
2024-07-11 09:55:29,5.09,0.593,3.018,25.0,0.01,0.0,8.5,960,4891,6704,01:37:01,5821,1720684529.4633093
2024-07-11 09:55:29,5.08,0.644,3.271,25.0,0.0,0.0,7.8,961,4892,6705,01:37:01,5821,1720684529.8370783
2024-07-11 09:55:30,5.08,0.644,3.271,25.0,0.0,0.0,7.8,961,4892,6705,01:37:02,5822,1720684530.1446276
2024-07-11 09:55:30,5.08,0.616,3.129,25.0,0.0,0.0,8.2,961,4892,6705,01:37:02,5822,1720684530.487457
2024-07-11 09:55:30,5.08,0.616,3.129,25.0,0.0,0.0,8.2,961,4893,6706,01:37:02,5822,1720684530.8268526
2024-07-11 09:55:31,5.08,0.616,3.129,25.0,0.0,0.0,8.2,961,4893,6706,01:37:03,5823,1720684531.1683555
2024-07-11 09:55:31,5.08,0.615,3.124,25.0,0.0,0.0,8.2,961,4893,6706,01:37:03,5823,1720684531.5096474
2024-07-11 09:55:31,5.08,0.615,3.124,25.0,0.0,0.0,8.2,961,4894,6707,01:37:03,5823,1720684531.850798
2024-07-11 09:55:32,5.08,0.616,3.129,25.0,0.0,0.0,8.2,961,4894,6707,01:37:04,5824,1720684532.192343
2024-07-11 09:55:32,5.08,0.609,3.093,25.0,0.0,0.0,8.3,961,4894,6707,01:37:04,5824,1720684532.5326424
2024-07-11 09:55:32,5.08,0.609,3.093,25.0,0.0,0.0,8.3,961,4895,6708,01:37:04,5824,1720684532.8743386
2024-07-11 09:55:33,5.08,0.66,3.352,25.0,0.0,0.0,7.6,961,4895,6708,01:37:05,5825,1720684533.2158728
2024-07-11 09:55:33,5.08,0.66,3.352,25.0,0.0,0.0,7.6,961,4895,6708,01:37:05,5825,1720684533.557108
2024-07-11 09:55:33,5.09,0.577,2.936,25.0,0.0,0.0,8.8,961,4896,6709,01:37:05,5825,1720684533.898178
2024-07-11 09:55:34,5.07,0.673,3.412,25.0,0.0,0.0,7.5,961,4896,6709,01:37:06,5826,1720684534.2383635
2024-07-11 09:55:34,5.07,0.673,3.412,25.0,0.0,0.0,7.5,961,4896,6709,01:37:06,5826,1720684534.57964
2024-07-11 09:55:34,5.09,0.585,2.977,25.0,0.0,0.0,8.7,961,4897,6710,01:37:06,5826,1720684534.920873
2024-07-11 09:55:35,5.08,0.657,3.337,25.0,0.0,0.0,7.7,961,4897,6710,01:37:07,5827,1720684535.261662
2024-07-11 09:55:35,5.08,0.657,3.337,25.0,0.0,0.0,7.7,961,4897,6710,01:37:07,5827,1720684535.6046348
2024-07-11 09:55:35,5.08,0.607,3.083,25.0,0.0,0.0,8.3,962,4898,6711,01:37:07,5827,1720684535.9446437
2024-07-11 09:55:36,5.08,0.607,3.083,25.0,0.0,0.0,8.3,962,4898,6711,01:37:08,5828,1720684536.2858918
2024-07-11 09:55:36,5.08,0.619,3.144,25.0,0.0,0.0,8.2,962,4898,6711,01:37:08,5828,1720684536.6271017
2024-07-11 09:55:36,5.08,0.61,3.098,25.0,0.0,0.0,8.3,962,4899,6712,01:37:08,5828,1720684536.967089
2024-07-11 09:55:37,5.08,0.61,3.098,25.0,0.0,0.0,8.3,962,4899,6712,01:37:09,5829,1720684537.3083265
2024-07-11 09:55:37,5.08,0.619,3.144,25.0,0.0,0.0,8.2,962,4899,6712,01:37:09,5829,1720684537.6493323
2024-07-11 09:55:37,5.08,0.607,3.083,25.0,0.0,0.0,8.3,962,4899,6713,01:37:09,5829,1720684537.9907863
2024-07-11 09:55:38,5.08,0.607,3.083,25.0,0.0,0.0,8.3,962,4899,6713,01:37:10,5830,1720684538.334332
2024-07-11 09:55:38,5.08,0.648,3.291,25.0,0.0,0.0,7.8,962,4899,6713,01:37:10,5830,1720684538.673361
2024-07-11 09:55:39,5.08,0.648,3.291,25.0,0.0,0.0,7.8,962,4900,6714,01:37:10,5830,1720684539.0146384
2024-07-11 09:55:39,5.09,0.59,3.003,25.0,0.0,0.0,8.6,962,4900,6714,01:37:11,5831,1720684539.3558557
2024-07-11 09:55:39,5.07,0.672,3.407,25.0,0.0,0.0,7.5,962,4900,6714,01:37:11,5831,1720684539.6970646
2024-07-11 09:55:40,5.07,0.672,3.407,25.0,0.0,0.0,7.5,962,4901,6715,01:37:11,5831,1720684540.0383713
2024-07-11 09:55:40,5.09,0.569,2.896,25.0,0.0,0.0,8.9,962,4901,6715,01:37:12,5832,1720684540.3796391
2024-07-11 09:55:40,5.08,0.666,3.383,25.0,0.0,0.0,7.6,962,4901,6715,01:37:12,5832,1720684540.7216465
2024-07-11 09:55:41,5.08,0.666,3.383,25.0,0.0,0.0,7.6,963,4902,6716,01:37:12,5832,1720684541.0634387
2024-07-11 09:55:41,5.09,0.599,3.048,25.0,0.0,0.0,8.4,963,4902,6716,01:37:13,5833,1720684541.402059
2024-07-11 09:55:41,5.09,0.599,3.048,25.0,0.0,0.0,8.4,963,4903,6717,01:37:13,5833,1720684541.7433424
2024-07-11 09:55:42,5.08,0.63,3.2,25.0,0.0,0.0,8.0,963,4903,6717,01:37:13,5833,1720684542.0846548
2024-07-11 09:55:42,5.08,0.613,3.114,25.0,0.0,0.0,8.2,963,4903,6717,01:37:14,5834,1720684542.4257457
2024-07-11 09:55:42,5.08,0.613,3.114,25.0,0.0,0.0,8.2,963,4904,6718,01:37:14,5834,1720684542.7667685
2024-07-11 09:55:43,5.08,0.615,3.124,25.0,0.0,0.0,8.2,963,4904,6718,01:37:15,5835,1720684543.1083517
2024-07-11 09:55:43,5.08,0.615,3.124,25.0,0.0,0.0,8.2,963,4904,6718,01:37:15,5835,1720684543.4493172
2024-07-11 09:55:43,5.08,0.615,3.124,25.0,0.0,0.0,8.2,963,4905,6719,01:37:15,5835,1720684543.7908087
2024-07-11 09:55:44,5.08,0.642,3.261,25.0,0.0,0.0,7.9,963,4905,6719,01:37:16,5836,1720684544.1318974
2024-07-11 09:55:44,5.08,0.642,3.261,25.0,0.0,0.0,7.9,963,4905,6719,01:37:16,5836,1720684544.4718533
2024-07-11 09:55:44,5.09,0.605,3.079,25.0,0.0,0.0,8.4,963,4906,6720,01:37:16,5836,1720684544.8129437
2024-07-11 09:55:45,5.08,0.661,3.357,25.0,0.0,0.0,7.6,963,4906,6720,01:37:17,5837,1720684545.1543102
2024-07-11 09:55:45,5.08,0.661,3.357,25.0,0.0,0.0,7.6,963,4906,6720,01:37:17,5837,1720684545.4958987
2024-07-11 09:55:45,5.09,0.578,2.942,25.0,0.0,0.0,8.8,963,4907,6721,01:37:17,5837,1720684545.837665
2024-07-11 09:55:46,5.07,0.669,3.391,25.0,0.0,0.0,7.5,963,4907,6721,01:37:18,5838,1720684546.178298
2024-07-11 09:55:46,5.07,0.669,3.391,25.0,0.0,0.0,7.5,963,4907,6721,01:37:18,5838,1720684546.5222485
2024-07-11 09:55:46,5.09,0.593,3.018,25.0,0.0,0.0,8.5,964,4908,6722,01:37:18,5838,1720684546.8603096
2024-07-11 09:55:47,5.09,0.593,3.018,25.0,0.0,0.0,8.5,964,4908,6722,01:37:19,5839,1720684547.2022133
2024-07-11 09:55:47,5.08,0.635,3.225,25.0,0.0,0.0,8.0,964,4908,6722,01:37:19,5839,1720684547.5411892
2024-07-11 09:55:47,5.08,0.607,3.083,25.0,0.0,0.0,8.3,964,4909,6723,01:37:19,5839,1720684547.884684
2024-07-11 09:55:48,5.08,0.607,3.083,25.0,0.0,0.0,8.3,964,4909,6723,01:37:20,5840,1720684548.2243102
2024-07-11 09:55:48,5.08,0.621,3.154,25.0,0.0,0.0,8.1,964,4909,6723,01:37:20,5840,1720684548.5658605
2024-07-11 09:55:48,5.08,0.604,3.068,25.0,0.0,0.0,8.4,964,4909,6724,01:37:20,5840,1720684548.9071045
2024-07-11 09:55:49,5.08,0.604,3.068,25.0,0.0,0.0,8.4,964,4909,6724,01:37:21,5841,1720684549.2484138
2024-07-11 09:55:49,5.08,0.638,3.241,25.0,0.0,0.0,7.9,964,4909,6724,01:37:21,5841,1720684549.5896556
2024-07-11 09:55:49,5.08,0.638,3.241,25.0,0.0,0.0,7.9,964,4910,6725,01:37:21,5841,1720684549.9308937
2024-07-11 09:55:50,5.08,0.611,3.103,25.0,0.0,0.0,8.3,964,4910,6725,01:37:22,5842,1720684550.2718499
2024-07-11 09:55:50,5.08,0.657,3.337,25.0,0.0,0.0,7.7,964,4910,6725,01:37:22,5842,1720684550.6146724
2024-07-11 09:55:50,5.08,0.657,3.337,25.0,0.0,0.0,7.7,964,4911,6726,01:37:22,5842,1720684550.957209
2024-07-11 09:55:51,5.09,0.585,2.977,25.0,0.0,0.0,8.7,964,4911,6726,01:37:23,5843,1720684551.2946436
2024-07-11 09:55:51,5.07,0.675,3.422,25.0,0.0,0.0,7.5,964,4911,6726,01:37:23,5843,1720684551.6371355
2024-07-11 09:55:51,5.07,0.675,3.422,25.0,0.0,0.0,7.5,965,4912,6727,01:37:23,5843,1720684551.9770331
2024-07-11 09:55:52,5.09,0.583,2.967,25.0,0.0,0.0,8.7,965,4912,6727,01:37:24,5844,1720684552.3184342
2024-07-11 09:55:52,5.09,0.583,2.967,25.0,0.0,0.0,8.7,965,4912,6727,01:37:24,5844,1720684552.6597335
2024-07-11 09:55:53,5.08,0.645,3.276,25.0,0.0,0.0,7.8,965,4913,6728,01:37:24,5844,1720684553.000884
2024-07-11 09:55:53,5.09,0.604,3.074,25.0,0.0,0.0,8.4,965,4913,6728,01:37:25,5845,1720684553.3423011
2024-07-11 09:55:53,5.09,0.604,3.074,25.0,0.0,0.0,8.4,965,4913,6728,01:37:25,5845,1720684553.6834228
2024-07-11 09:55:54,5.08,0.623,3.164,25.0,0.0,0.0,8.1,965,4914,6729,01:37:25,5845,1720684554.0242898
2024-07-11 09:55:54,5.09,0.604,3.074,25.0,0.0,0.0,8.4,965,4914,6729,01:37:26,5846,1720684554.3637748
2024-07-11 09:55:54,5.09,0.604,3.074,25.0,0.0,0.0,8.4,965,4914,6729,01:37:26,5846,1720684554.7059083
2024-07-11 09:55:55,5.08,0.629,3.195,25.0,0.0,0.0,8.0,965,4915,6730,01:37:26,5846,1720684555.0471332
2024-07-11 09:55:55,5.08,0.629,3.195,25.0,0.0,0.0,8.0,965,4915,6730,01:37:27,5847,1720684555.3883815
2024-07-11 09:55:55,5.08,0.621,3.154,25.0,0.0,0.0,8.1,965,4916,6731,01:37:27,5847,1720684555.732191
2024-07-11 09:55:56,5.08,0.65,3.302,25.0,0.0,0.0,7.8,965,4916,6731,01:37:27,5847,1720684556.0772107
2024-07-11 09:55:56,5.08,0.65,3.302,25.0,0.0,0.0,7.8,965,4916,6731,01:37:28,5848,1720684556.4120626
2024-07-11 09:55:56,5.09,0.596,3.033,25.0,0.01,0.0,8.5,965,4917,6732,01:37:28,5848,1720684556.75676
2024-07-11 09:55:57,5.07,0.677,3.432,25.0,0.01,0.0,7.4,965,4917,6732,01:37:28,5848,1720684557.0945394
2024-07-11 09:55:57,5.07,0.677,3.432,25.0,0.01,0.0,7.4,965,4917,6732,01:37:29,5849,1720684557.4355602
2024-07-11 09:55:57,5.09,0.585,2.977,25.0,0.01,0.0,8.7,966,4917,6733,01:37:29,5849,1720684557.7790008
2024-07-11 09:55:58,5.09,0.585,2.977,25.0,0.01,0.0,8.7,966,4917,6733,01:37:30,5850,1720684558.1167886
2024-07-11 09:55:58,5.08,0.644,3.271,25.0,0.01,0.0,7.8,966,4917,6733,01:37:30,5850,1720684558.458115
2024-07-11 09:55:58,5.08,0.604,3.068,25.0,0.01,0.0,8.4,966,4918,6734,01:37:30,5850,1720684558.8009303
2024-07-11 09:55:59,5.08,0.604,3.068,25.0,0.01,0.0,8.4,966,4918,6734,01:37:31,5851,1720684559.1409457
2024-07-11 09:55:59,5.08,0.626,3.18,25.0,0.01,0.0,8.1,966,4918,6734,01:37:31,5851,1720684559.4820237
2024-07-11 09:55:59,5.08,0.606,3.078,25.0,0.01,0.0,8.3,966,4919,6735,01:37:31,5851,1720684559.823343
2024-07-11 09:56:00,5.08,0.606,3.078,25.0,0.01,0.0,8.3,966,4919,6735,01:37:32,5852,1720684560.1647155
2024-07-11 09:56:00,5.08,0.621,3.154,25.0,0.01,0.0,8.1,966,4919,6735,01:37:32,5852,1720684560.5059443
2024-07-11 09:56:00,5.08,0.621,3.154,25.0,0.01,0.0,8.1,966,4920,6736,01:37:32,5852,1720684560.8547084
2024-07-11 09:56:01,5.08,0.629,3.195,25.0,0.01,0.0,8.0,966,4920,6736,01:37:33,5853,1720684561.1972277
2024-07-11 09:56:01,5.08,0.642,3.261,25.0,0.01,0.0,7.9,966,4920,6736,01:37:33,5853,1720684561.5291724
2024-07-11 09:56:01,5.08,0.642,3.261,25.0,0.01,0.0,7.9,966,4921,6737,01:37:33,5853,1720684561.8720803
2024-07-11 09:56:02,5.08,0.604,3.068,25.0,0.01,0.0,8.4,966,4921,6737,01:37:34,5854,1720684562.2118042
2024-07-11 09:56:02,5.07,0.661,3.351,25.0,0.01,0.0,7.6,966,4921,6737,01:37:34,5854,1720684562.5532837
2024-07-11 09:56:02,5.07,0.661,3.351,25.0,0.01,0.0,7.6,966,4922,6738,01:37:34,5854,1720684562.8959525
2024-07-11 09:56:03,5.09,0.589,2.998,25.0,0.01,0.0,8.6,966,4922,6738,01:37:35,5855,1720684563.2359145
2024-07-11 09:56:03,5.09,0.589,2.998,25.0,0.01,0.0,8.6,966,4922,6738,01:37:35,5855,1720684563.5759606
2024-07-11 09:56:03,5.08,0.652,3.312,25.0,0.01,0.0,7.7,967,4923,6739,01:37:35,5855,1720684563.9247332
2024-07-11 09:56:04,5.08,0.6,3.048,25.0,0.01,0.0,8.4,967,4923,6739,01:37:36,5856,1720684564.2584605
2024-07-11 09:56:04,5.08,0.6,3.048,25.0,0.01,0.0,8.4,967,4923,6739,01:37:36,5856,1720684564.5992692
2024-07-11 09:56:04,5.08,0.629,3.195,25.0,0.01,0.0,8.0,967,4924,6740,01:37:36,5856,1720684564.9471798
2024-07-11 09:56:05,5.08,0.601,3.053,25.0,0.01,0.0,8.4,967,4924,6740,01:37:37,5857,1720684565.2816558
2024-07-11 09:56:05,5.08,0.601,3.053,25.0,0.01,0.0,8.4,967,4924,6740,01:37:37,5857,1720684565.6233678
2024-07-11 09:56:05,5.08,0.63,3.2,25.0,0.01,0.0,8.0,967,4924,6741,01:37:37,5857,1720684565.974689
2024-07-11 09:56:06,5.08,0.63,3.2,25.0,0.01,0.0,8.0,967,4924,6741,01:37:38,5858,1720684566.3176036
2024-07-11 09:56:06,5.08,0.619,3.144,25.0,0.01,0.0,8.2,967,4924,6741,01:37:38,5858,1720684566.6471438
2024-07-11 09:56:06,5.08,0.641,3.256,25.0,0.01,0.0,7.9,967,4925,6742,01:37:38,5858,1720684566.9904437
2024-07-11 09:56:07,5.08,0.641,3.256,25.0,0.01,0.0,7.9,967,4925,6742,01:37:39,5859,1720684567.3295767
2024-07-11 09:56:07,5.08,0.623,3.164,25.0,0.01,0.0,8.1,967,4925,6742,01:37:39,5859,1720684567.6688428
2024-07-11 09:56:08,5.08,0.645,3.276,25.0,0.01,0.0,7.8,967,4926,6743,01:37:39,5859,1720684568.015253
2024-07-11 09:56:08,5.08,0.645,3.276,25.0,0.01,0.0,7.8,967,4926,6743,01:37:40,5860,1720684568.3516119
2024-07-11 09:56:08,5.08,0.612,3.108,25.0,0.01,0.0,8.3,967,4927,6744,01:37:40,5860,1720684568.694054
2024-07-11 09:56:09,5.08,0.612,3.108,25.0,0.01,0.0,8.3,967,4927,6744,01:37:40,5860,1720684569.0415783
2024-07-11 09:56:09,5.08,0.652,3.312,25.0,0.01,0.0,7.7,967,4927,6744,01:37:41,5861,1720684569.37633
2024-07-11 09:56:09,5.09,0.598,3.043,25.0,0.01,0.0,8.5,968,4928,6745,01:37:41,5861,1720684569.7182086
2024-07-11 09:56:10,5.09,0.598,3.043,25.0,0.01,0.0,8.5,968,4928,6745,01:37:41,5861,1720684570.0670583
2024-07-11 09:56:10,5.08,0.624,3.169,25.0,0.01,0.0,8.1,968,4928,6745,01:37:42,5862,1720684570.4027278
2024-07-11 09:56:10,5.08,0.604,3.068,25.0,0.01,0.0,8.4,968,4929,6746,01:37:42,5862,1720684570.7413294
2024-07-11 09:56:11,5.08,0.604,3.068,25.0,0.01,0.0,8.4,968,4929,6746,01:37:42,5862,1720684571.0881133
2024-07-11 09:56:11,5.08,0.661,3.357,25.0,0.01,0.0,7.6,968,4929,6746,01:37:43,5863,1720684571.4363353
2024-07-11 09:56:11,5.08,0.661,3.357,25.0,0.01,0.0,7.6,968,4930,6747,01:37:43,5863,1720684571.7658985
2024-07-11 09:56:12,5.09,0.582,2.962,25.0,0.01,0.0,8.7,968,4930,6747,01:37:44,5864,1720684572.1109679
2024-07-11 09:56:12,5.08,0.666,3.383,25.0,0.01,0.0,7.6,968,4930,6747,01:37:44,5864,1720684572.4484608
2024-07-11 09:56:12,5.08,0.666,3.383,25.0,0.01,0.0,7.6,968,4931,6748,01:37:44,5864,1720684572.7897542
2024-07-11 09:56:13,5.09,0.589,2.998,25.0,0.01,0.0,8.6,968,4931,6748,01:37:45,5865,1720684573.1392787
2024-07-11 09:56:13,5.08,0.647,3.286,25.0,0.01,0.0,7.8,968,4931,6748,01:37:45,5865,1720684573.4722145
2024-07-11 09:56:13,5.08,0.647,3.286,25.0,0.01,0.0,7.8,968,4932,6749,01:37:45,5865,1720684573.8132606
2024-07-11 09:56:14,5.08,0.626,3.18,25.0,0.01,0.0,8.1,968,4932,6749,01:37:46,5866,1720684574.1632288
2024-07-11 09:56:14,5.08,0.626,3.18,25.0,0.01,0.0,8.1,968,4932,6749,01:37:46,5866,1720684574.4959917
2024-07-11 09:56:14,5.08,0.601,3.053,25.0,0.01,0.0,8.4,969,4933,6750,01:37:46,5866,1720684574.836334
2024-07-11 09:56:15,5.08,0.638,3.241,25.0,0.01,0.0,7.9,969,4933,6750,01:37:47,5867,1720684575.1897333
2024-07-11 09:56:15,5.08,0.638,3.241,25.0,0.01,0.0,7.9,969,4933,6750,01:37:47,5867,1720684575.5197084
2024-07-11 09:56:15,5.09,0.601,3.059,25.0,0.01,0.0,8.4,969,4934,6751,01:37:47,5867,1720684575.8609674
2024-07-11 09:56:16,5.08,0.624,3.169,25.0,0.01,0.0,8.1,969,4934,6751,01:37:48,5868,1720684576.2067182
2024-07-11 09:56:16,5.08,0.624,3.169,25.0,0.01,0.0,8.1,969,4934,6751,01:37:48,5868,1720684576.557298
2024-07-11 09:56:16,5.08,0.644,3.271,25.0,0.01,0.0,7.8,969,4934,6752,01:37:48,5868,1720684576.8847384
2024-07-11 09:56:17,5.08,0.644,3.271,25.0,0.01,0.0,7.8,969,4934,6752,01:37:49,5869,1720684577.2297006
2024-07-11 09:56:17,5.09,0.584,2.972,25.0,0.01,0.0,8.7,969,4934,6752,01:37:49,5869,1720684577.5671906
2024-07-11 09:56:17,5.07,0.671,3.401,25.0,0.01,0.0,7.5,969,4935,6753,01:37:49,5869,1720684577.9097142
2024-07-11 09:56:18,5.07,0.671,3.401,25.0,0.01,0.0,7.5,969,4935,6753,01:37:50,5870,1720684578.2578104
2024-07-11 09:56:18,5.09,0.59,3.003,25.0,0.01,0.0,8.6,969,4935,6753,01:37:50,5870,1720684578.5908706
2024-07-11 09:56:18,5.08,0.641,3.256,25.0,0.01,0.0,7.9,969,4936,6754,01:37:50,5870,1720684578.9334757
2024-07-11 09:56:19,5.08,0.641,3.256,25.0,0.01,0.0,7.9,969,4936,6754,01:37:51,5871,1720684579.281781
2024-07-11 09:56:19,5.08,0.624,3.169,25.0,0.01,0.0,8.1,969,4936,6754,01:37:51,5871,1720684579.616002
2024-07-11 09:56:19,5.08,0.624,3.169,25.0,0.01,0.0,8.1,969,4937,6755,01:37:51,5871,1720684579.955988
2024-07-11 09:56:20,5.08,0.604,3.068,25.0,0.01,0.0,8.4,969,4937,6755,01:37:52,5872,1720684580.308459
2024-07-11 09:56:20,5.08,0.637,3.235,25.0,0.01,0.0,7.9,969,4937,6755,01:37:52,5872,1720684580.639727
2024-07-11 09:56:20,5.08,0.637,3.235,25.0,0.01,0.0,7.9,970,4938,6756,01:37:52,5872,1720684580.9809995
2024-07-11 09:56:21,5.08,0.601,3.053,25.0,0.01,0.0,8.4,970,4938,6756,01:37:53,5873,1720684581.332288
2024-07-11 09:56:21,5.08,0.626,3.18,25.0,0.0,0.0,8.1,970,4939,6757,01:37:53,5873,1720684581.6765382
2024-07-11 09:56:22,5.08,0.626,3.18,25.0,0.0,0.0,8.1,970,4939,6757,01:37:53,5873,1720684582.0047367
2024-07-11 09:56:22,5.08,0.646,3.281,25.0,0.0,0.0,7.8,970,4939,6757,01:37:54,5874,1720684582.349713
2024-07-11 09:56:22,5.08,0.646,3.281,25.0,0.0,0.0,7.8,970,4940,6758,01:37:54,5874,1720684582.6867547
2024-07-11 09:56:23,5.09,0.581,2.957,25.0,0.0,0.0,8.7,970,4940,6758,01:37:54,5874,1720684583.028437
2024-07-11 09:56:23,5.07,0.676,3.427,25.0,0.0,0.0,7.5,970,4940,6758,01:37:55,5875,1720684583.3782403
2024-07-11 09:56:23,5.07,0.676,3.427,25.0,0.0,0.0,7.5,970,4941,6759,01:37:55,5875,1720684583.710997
2024-07-11 09:56:24,5.09,0.587,2.987,25.0,0.0,0.0,8.6,970,4941,6759,01:37:55,5875,1720684584.0535316
2024-07-11 09:56:24,5.08,0.645,3.276,25.0,0.0,0.0,7.8,970,4941,6759,01:37:56,5876,1720684584.3997457
2024-07-11 09:56:24,5.08,0.645,3.276,25.0,0.0,0.0,7.8,970,4941,6760,01:37:56,5876,1720684584.7359881
2024-07-11 09:56:25,5.08,0.625,3.175,25.0,0.0,0.0,8.1,970,4941,6760,01:37:56,5876,1720684585.0772102
2024-07-11 09:56:25,5.08,0.625,3.175,25.0,0.0,0.0,8.1,970,4941,6760,01:37:57,5877,1720684585.4234564
2024-07-11 09:56:25,5.09,0.603,3.069,25.0,0.0,0.0,8.4,970,4942,6761,01:37:57,5877,1720684585.759772
2024-07-11 09:56:26,5.08,0.643,3.266,25.0,0.0,0.0,7.9,970,4942,6761,01:37:57,5877,1720684586.100887
2024-07-11 09:56:26,5.08,0.643,3.266,25.0,0.0,0.0,7.9,970,4942,6761,01:37:58,5878,1720684586.4472613
2024-07-11 09:56:26,5.09,0.596,3.033,25.0,0.0,0.0,8.5,971,4943,6762,01:37:58,5878,1720684586.7976668
2024-07-11 09:56:27,5.08,0.636,3.23,25.0,0.0,0.0,7.9,971,4943,6762,01:37:59,5879,1720684587.124762
2024-07-11 09:56:27,5.08,0.636,3.23,25.0,0.0,0.0,7.9,971,4943,6762,01:37:59,5879,1720684587.474743
2024-07-11 09:56:27,5.08,0.643,3.266,25.0,0.0,0.0,7.9,971,4944,6763,01:37:59,5879,1720684587.8072603
2024-07-11 09:56:28,5.08,0.643,3.266,25.0,0.0,0.0,7.9,971,4944,6763,01:38:00,5880,1720684588.1484625
2024-07-11 09:56:28,5.09,0.583,2.967,25.0,0.0,0.0,8.7,971,4944,6763,01:38:00,5880,1720684588.4978976
2024-07-11 09:56:28,5.07,0.677,3.432,25.0,0.0,0.0,7.4,971,4945,6764,01:38:00,5880,1720684588.831035
2024-07-11 09:56:29,5.07,0.677,3.432,25.0,0.0,0.0,7.4,971,4945,6764,01:38:01,5881,1720684589.1722555
2024-07-11 09:56:29,5.09,0.583,2.967,25.0,0.0,0.0,8.7,971,4945,6764,01:38:01,5881,1720684589.518229
2024-07-11 09:56:29,5.08,0.644,3.271,25.0,0.0,0.0,7.8,971,4946,6765,01:38:01,5881,1720684589.8560026
2024-07-11 09:56:30,5.08,0.644,3.271,25.0,0.0,0.0,7.8,971,4946,6765,01:38:02,5882,1720684590.1959987
2024-07-11 09:56:30,5.08,0.624,3.169,25.0,0.0,0.0,8.1,971,4946,6765,01:38:02,5882,1720684590.5479343
2024-07-11 09:56:30,5.08,0.624,3.169,25.0,0.0,0.0,8.1,971,4947,6766,01:38:02,5882,1720684590.8780994
2024-07-11 09:56:31,5.09,0.604,3.074,25.0,0.0,0.0,8.4,971,4947,6766,01:38:03,5883,1720684591.2234714
2024-07-11 09:56:31,5.08,0.644,3.271,25.0,0.0,0.0,7.8,971,4947,6766,01:38:03,5883,1720684591.5734825
2024-07-11 09:56:31,5.08,0.644,3.271,25.0,0.0,0.0,7.8,971,4948,6767,01:38:03,5883,1720684591.917018
2024-07-11 09:56:32,5.09,0.593,3.018,25.0,0.0,0.0,8.5,971,4948,6767,01:38:04,5884,1720684592.2447867
2024-07-11 09:56:32,5.08,0.634,3.22,25.0,0.0,0.0,8.0,971,4948,6767,01:38:04,5884,1720684592.5897782
2024-07-11 09:56:32,5.08,0.634,3.22,25.0,0.0,0.0,8.0,972,4948,6768,01:38:04,5884,1720684592.9272501
2024-07-11 09:56:33,5.08,0.642,3.261,25.0,0.0,0.0,7.9,972,4948,6768,01:38:05,5885,1720684593.2681158
2024-07-11 09:56:33,5.08,0.642,3.261,25.0,0.0,0.0,7.9,972,4948,6768,01:38:05,5885,1720684593.6185238
2024-07-11 09:56:33,5.09,0.586,2.982,25.0,0.0,0.0,8.6,972,4949,6769,01:38:05,5885,1720684593.9510016
2024-07-11 09:56:34,5.07,0.678,3.437,25.0,0.0,0.0,7.4,972,4949,6769,01:38:06,5886,1720684594.2923446
2024-07-11 09:56:34,5.07,0.678,3.437,25.0,0.0,0.0,7.4,972,4950,6770,01:38:06,5886,1720684594.642441
2024-07-11 09:56:34,5.09,0.583,2.967,25.0,0.0,0.0,8.7,972,4950,6770,01:38:06,5886,1720684594.9747674
2024-07-11 09:56:35,5.08,0.648,3.291,25.0,0.0,0.0,7.8,972,4950,6770,01:38:07,5887,1720684595.3183029
2024-07-11 09:56:35,5.08,0.648,3.291,25.0,0.0,0.0,7.8,972,4951,6771,01:38:07,5887,1720684595.6685252
2024-07-11 09:56:35,5.08,0.622,3.159,25.0,0.0,0.0,8.1,972,4951,6771,01:38:07,5887,1720684595.9992566
2024-07-11 09:56:36,5.08,0.622,3.159,25.0,0.0,0.0,8.1,972,4951,6771,01:38:08,5888,1720684596.3397985
2024-07-11 09:56:36,5.08,0.609,3.093,25.0,0.0,0.0,8.3,972,4952,6772,01:38:08,5888,1720684596.6935117
2024-07-11 09:56:37,5.08,0.642,3.261,25.0,0.0,0.0,7.9,972,4952,6772,01:38:08,5888,1720684597.0373604
2024-07-11 09:56:37,5.08,0.642,3.261,25.0,0.0,0.0,7.9,972,4952,6772,01:38:09,5889,1720684597.3647573
2024-07-11 09:56:37,5.09,0.592,3.013,25.0,0.0,0.0,8.5,973,4953,6773,01:38:09,5889,1720684597.7147727
2024-07-11 09:56:38,5.08,0.633,3.215,25.0,0.0,0.0,8.0,973,4953,6773,01:38:09,5889,1720684598.0472398
2024-07-11 09:56:38,5.08,0.633,3.215,25.0,0.0,0.0,8.0,973,4953,6773,01:38:10,5890,1720684598.3885498
2024-07-11 09:56:38,5.08,0.64,3.251,25.0,0.0,0.0,7.9,973,4954,6774,01:38:10,5890,1720684598.7379587
2024-07-11 09:56:39,5.08,0.64,3.251,25.0,0.0,0.0,7.9,973,4954,6774,01:38:10,5890,1720684599.0710347
2024-07-11 09:56:39,5.09,0.589,2.998,25.0,0.0,0.0,8.6,973,4954,6774,01:38:11,5891,1720684599.4123266
2024-07-11 09:56:39,5.07,0.677,3.432,25.0,0.0,0.0,7.4,973,4955,6775,01:38:11,5891,1720684599.7625363
2024-07-11 09:56:40,5.07,0.677,3.432,25.0,0.0,0.0,7.4,973,4955,6775,01:38:11,5891,1720684600.09468
2024-07-11 09:56:40,5.09,0.579,2.947,25.0,0.0,0.0,8.7,973,4955,6775,01:38:12,5892,1720684600.4360611
2024-07-11 09:56:40,5.08,0.651,3.307,25.0,0.0,0.0,7.8,973,4956,6776,01:38:12,5892,1720684600.7910578
2024-07-11 09:56:41,5.08,0.651,3.307,25.0,0.0,0.0,7.8,973,4956,6776,01:38:13,5893,1720684601.1197157
2024-07-11 09:56:41,5.08,0.618,3.139,25.0,0.0,0.0,8.2,973,4956,6776,01:38:13,5893,1720684601.4610262
2024-07-11 09:56:41,5.08,0.618,3.139,25.0,0.0,0.0,8.2,973,4956,6777,01:38:13,5893,1720684601.808525
2024-07-11 09:56:42,5.08,0.606,3.078,25.0,0.0,0.0,8.3,973,4956,6777,01:38:14,5894,1720684602.1608808
2024-07-11 09:56:42,5.08,0.648,3.291,25.0,0.0,0.0,7.8,973,4956,6777,01:38:14,5894,1720684602.4846506
2024-07-11 09:56:42,5.08,0.648,3.291,25.0,0.0,0.0,7.8,973,4957,6778,01:38:14,5894,1720684602.8297617
2024-07-11 09:56:43,5.09,0.595,3.028,25.0,0.0,0.0,8.5,973,4957,6778,01:38:15,5895,1720684603.1672359
2024-07-11 09:56:43,5.08,0.632,3.21,25.0,0.0,0.0,8.0,973,4957,6778,01:38:15,5895,1720684603.5085516
2024-07-11 09:56:43,5.08,0.632,3.21,25.0,0.0,0.0,8.0,974,4958,6779,01:38:15,5895,1720684603.8585484
2024-07-11 09:56:44,5.08,0.638,3.241,25.0,0.0,0.0,7.9,974,4958,6779,01:38:16,5896,1720684604.1910212
2024-07-11 09:56:44,5.08,0.638,3.241,25.0,0.0,0.0,7.9,974,4958,6779,01:38:16,5896,1720684604.532156
2024-07-11 09:56:44,5.09,0.588,2.992,25.0,0.0,0.0,8.6,974,4959,6780,01:38:16,5896,1720684604.882434
2024-07-11 09:56:45,5.07,0.678,3.437,25.0,0.0,0.0,7.4,974,4959,6780,01:38:17,5897,1720684605.2147918
2024-07-11 09:56:45,5.07,0.678,3.437,25.0,0.0,0.0,7.4,974,4959,6780,01:38:17,5897,1720684605.555175
2024-07-11 09:56:45,5.09,0.577,2.936,25.0,0.0,0.0,8.8,974,4960,6781,01:38:17,5897,1720684605.9072962
2024-07-11 09:56:46,5.08,0.652,3.312,25.0,0.0,0.0,7.7,974,4960,6781,01:38:18,5898,1720684606.2381842
2024-07-11 09:56:46,5.08,0.652,3.312,25.0,0.0,0.0,7.7,974,4960,6781,01:38:18,5898,1720684606.5819683
2024-07-11 09:56:46,5.08,0.621,3.154,25.0,0.0,0.0,8.1,974,4961,6782,01:38:18,5898,1720684606.9271536
2024-07-11 09:56:47,5.08,0.621,3.154,25.0,0.0,0.0,8.1,974,4961,6782,01:38:19,5899,1720684607.2772932
2024-07-11 09:56:47,5.09,0.605,3.079,25.0,0.0,0.0,8.4,974,4962,6783,01:38:19,5899,1720684607.603157
2024-07-11 09:56:47,5.08,0.646,3.281,25.0,0.0,0.0,7.8,974,4962,6783,01:38:19,5899,1720684607.9546678
2024-07-11 09:56:48,5.08,0.646,3.281,25.0,0.0,0.0,7.8,974,4962,6783,01:38:20,5900,1720684608.286062
2024-07-11 09:56:48,5.09,0.594,3.023,25.0,0.0,0.0,8.5,974,4963,6784,01:38:20,5900,1720684608.6284823
2024-07-11 09:56:48,5.08,0.634,3.22,25.0,0.0,0.0,8.0,974,4963,6784,01:38:20,5900,1720684608.9778442
2024-07-11 09:56:49,5.08,0.634,3.22,25.0,0.0,0.0,8.0,974,4963,6784,01:38:21,5901,1720684609.3103352
2024-07-11 09:56:49,5.08,0.638,3.241,25.0,0.0,0.0,7.9,975,4964,6785,01:38:21,5901,1720684609.6518931
2024-07-11 09:56:50,5.08,0.638,3.241,25.0,0.0,0.0,7.9,975,4964,6785,01:38:21,5901,1720684610.0014544
2024-07-11 09:56:50,5.09,0.593,3.018,25.0,0.0,0.0,8.5,975,4964,6785,01:38:22,5902,1720684610.3346484
2024-07-11 09:56:50,5.07,0.679,3.442,25.0,0.0,0.0,7.4,975,4965,6786,01:38:22,5902,1720684610.6757057
2024-07-11 09:56:51,5.07,0.679,3.442,25.0,0.0,0.0,7.4,975,4965,6786,01:38:22,5902,1720684611.0223734
2024-07-11 09:56:51,5.09,0.571,2.906,25.0,0.0,0.0,8.9,975,4965,6786,01:38:23,5903,1720684611.3585627
2024-07-11 09:56:51,5.08,0.652,3.312,25.0,0.0,0.0,7.7,975,4965,6787,01:38:23,5903,1720684611.699747
2024-07-11 09:56:52,5.08,0.652,3.312,25.0,0.0,0.0,7.7,975,4965,6787,01:38:23,5903,1720684612.0473442
2024-07-11 09:56:52,5.08,0.622,3.159,25.0,0.0,0.0,8.1,975,4965,6787,01:38:24,5904,1720684612.3968482
2024-07-11 09:56:52,5.08,0.622,3.159,25.0,0.0,0.0,8.1,975,4966,6788,01:38:24,5904,1720684612.7233944
2024-07-11 09:56:53,5.08,0.605,3.073,25.0,0.0,0.0,8.3,975,4966,6788,01:38:24,5904,1720684613.0684743
2024-07-11 09:56:53,5.08,0.644,3.271,25.0,0.0,0.0,7.8,975,4966,6788,01:38:25,5905,1720684613.40604
2024-07-11 09:56:53,5.08,0.644,3.271,25.0,0.0,0.0,7.8,975,4967,6789,01:38:25,5905,1720684613.7473266
2024-07-11 09:56:54,5.09,0.592,3.013,25.0,0.0,0.0,8.5,975,4967,6789,01:38:25,5905,1720684614.0976975
2024-07-11 09:56:54,5.08,0.64,3.251,25.0,0.0,0.0,7.9,975,4967,6789,01:38:26,5906,1720684614.429762
2024-07-11 09:56:54,5.08,0.64,3.251,25.0,0.0,0.0,7.9,976,4968,6790,01:38:26,5906,1720684614.7710526
2024-07-11 09:56:55,5.08,0.631,3.205,25.0,0.0,0.0,8.0,976,4968,6790,01:38:27,5907,1720684615.1207702
2024-07-11 09:56:55,5.08,0.631,3.205,25.0,0.0,0.0,8.0,976,4968,6790,01:38:27,5907,1720684615.4535818
2024-07-11 09:56:55,5.09,0.598,3.043,25.0,0.0,0.0,8.5,976,4969,6791,01:38:27,5907,1720684615.7940323
2024-07-11 09:56:56,5.07,0.68,3.447,25.0,0.0,0.0,7.4,976,4969,6791,01:38:28,5908,1720684616.141065
2024-07-11 09:56:56,5.07,0.68,3.447,25.0,0.0,0.0,7.4,976,4969,6791,01:38:28,5908,1720684616.4773238
2024-07-11 09:56:56,5.09,0.57,2.901,25.0,0.0,0.0,8.9,976,4970,6792,01:38:28,5908,1720684616.8185887
2024-07-11 09:56:57,5.08,0.658,3.342,25.0,0.0,0.0,7.7,976,4970,6792,01:38:29,5909,1720684617.1673553
2024-07-11 09:56:57,5.08,0.658,3.342,25.0,0.0,0.0,7.7,976,4970,6792,01:38:29,5909,1720684617.517358
2024-07-11 09:56:57,5.08,0.617,3.134,25.0,0.0,0.0,8.2,976,4971,6793,01:38:29,5909,1720684617.8422332
2024-07-11 09:56:58,5.08,0.617,3.134,25.0,0.0,0.0,8.2,976,4971,6793,01:38:30,5910,1720684618.1923752
2024-07-11 09:56:58,5.08,0.611,3.103,25.0,0.0,0.0,8.3,976,4971,6793,01:38:30,5910,1720684618.5247648
2024-07-11 09:56:58,5.08,0.657,3.337,25.0,0.0,0.0,7.7,976,4972,6794,01:38:30,5910,1720684618.8656425
2024-07-11 09:56:59,5.08,0.657,3.337,25.0,0.0,0.0,7.7,976,4972,6794,01:38:31,5911,1720684619.2157829
2024-07-11 09:56:59,5.09,0.587,2.987,25.0,0.0,0.0,8.6,976,4972,6794,01:38:31,5911,1720684619.5486016
2024-07-11 09:56:59,5.08,0.644,3.271,25.0,0.0,0.0,7.8,976,4973,6795,01:38:31,5911,1720684619.8910487
2024-07-11 09:57:00,5.08,0.644,3.271,25.0,0.0,0.0,7.8,976,4973,6795,01:38:32,5912,1720684620.2398124
2024-07-11 09:57:00,5.08,0.627,3.185,25.0,0.0,0.0,8.1,976,4973,6795,01:38:32,5912,1720684620.5735624
2024-07-11 09:57:00,5.08,0.627,3.185,25.0,0.0,0.0,8.1,977,4973,6796,01:38:32,5912,1720684620.914709
2024-07-11 09:57:01,5.09,0.6,3.054,25.0,0.0,0.0,8.4,977,4973,6796,01:38:33,5913,1720684621.2673357
2024-07-11 09:57:01,5.07,0.673,3.412,25.0,0.0,0.0,7.5,977,4974,6797,01:38:33,5913,1720684621.5973406
2024-07-11 09:57:01,5.07,0.673,3.412,25.0,0.0,0.0,7.5,977,4974,6797,01:38:33,5913,1720684621.9385717
2024-07-11 09:57:02,5.09,0.57,2.901,25.0,0.0,0.0,8.9,977,4974,6797,01:38:34,5914,1720684622.2883763
2024-07-11 09:57:02,5.08,0.659,3.347,25.0,0.0,0.0,7.7,977,4975,6798,01:38:34,5914,1720684622.636533
2024-07-11 09:57:02,5.08,0.659,3.347,25.0,0.0,0.0,7.7,977,4975,6798,01:38:34,5914,1720684622.9623451
2024-07-11 09:57:03,5.08,0.615,3.124,25.0,0.0,0.0,8.2,977,4975,6798,01:38:35,5915,1720684623.309803
2024-07-11 09:57:03,5.08,0.615,3.124,25.0,0.0,0.0,8.2,977,4976,6799,01:38:35,5915,1720684623.6448507
2024-07-11 09:57:03,5.08,0.619,3.144,25.0,0.0,0.0,8.2,977,4976,6799,01:38:35,5915,1720684623.9873626
2024-07-11 09:57:04,5.08,0.646,3.281,25.0,0.0,0.0,7.8,977,4976,6799,01:38:36,5916,1720684624.333567
2024-07-11 09:57:04,5.08,0.646,3.281,25.0,0.0,0.0,7.8,977,4977,6800,01:38:36,5916,1720684624.6721427
2024-07-11 09:57:05,5.09,0.586,2.982,25.0,0.0,0.0,8.6,977,4977,6800,01:38:36,5916,1720684625.011077
2024-07-11 09:57:05,5.08,0.647,3.286,25.0,0.0,0.0,7.8,977,4977,6800,01:38:37,5917,1720684625.3610516
2024-07-11 09:57:05,5.08,0.647,3.286,25.0,0.0,0.0,7.8,977,4978,6801,01:38:37,5917,1720684625.6936471
2024-07-11 09:57:06,5.08,0.627,3.185,25.0,0.0,0.0,8.1,977,4978,6801,01:38:37,5917,1720684626.0365398
2024-07-11 09:57:06,5.08,0.627,3.185,25.0,0.0,0.0,8.1,977,4978,6801,01:38:38,5918,1720684626.3810682
2024-07-11 09:57:06,5.08,0.6,3.048,25.0,0.0,0.0,8.4,978,4979,6802,01:38:38,5918,1720684626.7171566
2024-07-11 09:57:07,5.08,0.673,3.418,25.0,0.0,0.0,7.5,978,4979,6802,01:38:38,5918,1720684627.0586212
2024-07-11 09:57:07,5.08,0.673,3.418,25.0,0.0,0.0,7.5,978,4979,6802,01:38:39,5919,1720684627.4086459
2024-07-11 09:57:07,5.09,0.573,2.916,25.0,0.0,0.0,8.8,978,4980,6803,01:38:39,5919,1720684627.757388
2024-07-11 09:57:08,5.08,0.657,3.337,25.0,0.0,0.0,7.7,978,4980,6803,01:38:39,5919,1720684628.0835776
2024-07-11 09:57:08,5.08,0.657,3.337,25.0,0.0,0.0,7.7,978,4980,6803,01:38:40,5920,1720684628.4335918
2024-07-11 09:57:08,5.08,0.617,3.134,25.0,0.0,0.0,8.2,978,4981,6804,01:38:40,5920,1720684628.7673392
2024-07-11 09:57:09,5.08,0.617,3.134,25.0,0.0,0.0,8.2,978,4981,6804,01:38:41,5921,1720684629.1073847
2024-07-11 09:57:09,5.08,0.616,3.129,25.0,0.0,0.0,8.2,978,4981,6804,01:38:41,5921,1720684629.4535072
2024-07-11 09:57:09,5.08,0.642,3.261,25.0,0.0,0.0,7.9,978,4981,6805,01:38:41,5921,1720684629.78945
2024-07-11 09:57:10,5.08,0.642,3.261,25.0,0.0,0.0,7.9,978,4981,6805,01:38:42,5922,1720684630.1310656
2024-07-11 09:57:10,5.09,0.588,2.992,25.0,0.0,0.0,8.6,978,4981,6805,01:38:42,5922,1720684630.477375
2024-07-11 09:57:10,5.08,0.643,3.266,25.0,0.0,0.0,7.9,978,4982,6806,01:38:42,5922,1720684630.8132148
2024-07-11 09:57:11,5.08,0.643,3.266,25.0,0.0,0.0,7.9,978,4982,6806,01:38:43,5923,1720684631.1541312
2024-07-11 09:57:11,5.08,0.628,3.19,25.0,0.0,0.0,8.0,978,4982,6806,01:38:43,5923,1720684631.5010765
2024-07-11 09:57:11,5.08,0.628,3.19,25.0,0.0,0.0,8.0,978,4983,6807,01:38:43,5923,1720684631.8373685
2024-07-11 09:57:12,5.08,0.6,3.048,25.0,0.0,0.0,8.4,978,4983,6807,01:38:44,5924,1720684632.1786048
2024-07-11 09:57:12,5.07,0.672,3.407,25.0,0.0,0.0,7.5,978,4983,6807,01:38:44,5924,1720684632.5236065
2024-07-11 09:57:12,5.07,0.672,3.407,25.0,0.0,0.0,7.5,979,4984,6808,01:38:44,5924,1720684632.8771176
2024-07-11 09:57:13,5.09,0.572,2.911,25.0,0.0,0.0,8.8,979,4984,6808,01:38:45,5925,1720684633.202526
2024-07-11 09:57:13,5.08,0.658,3.342,25.0,0.0,0.0,7.7,979,4984,6808,01:38:45,5925,1720684633.5524065
2024-07-11 09:57:13,5.08,0.658,3.342,25.0,0.0,0.0,7.7,979,4985,6809,01:38:45,5925,1720684633.8848732
2024-07-11 09:57:14,5.08,0.615,3.124,25.0,0.0,0.0,8.2,979,4985,6809,01:38:46,5926,1720684634.2271407
2024-07-11 09:57:14,5.08,0.615,3.124,25.0,0.0,0.0,8.2,979,4986,6810,01:38:46,5926,1720684634.5724275
2024-07-11 09:57:14,5.08,0.619,3.144,25.0,0.0,0.0,8.2,979,4986,6810,01:38:46,5926,1720684634.9098492
2024-07-11 09:57:15,5.08,0.646,3.281,25.0,0.0,0.0,7.8,979,4986,6810,01:38:47,5927,1720684635.2511709
2024-07-11 09:57:15,5.08,0.646,3.281,25.0,0.0,0.0,7.8,979,4987,6811,01:38:47,5927,1720684635.6003559
2024-07-11 09:57:15,5.09,0.585,2.977,25.0,0.0,0.0,8.7,979,4987,6811,01:38:47,5927,1720684635.9336193
2024-07-11 09:57:16,5.08,0.646,3.281,25.0,0.01,0.0,7.8,979,4987,6811,01:38:48,5928,1720684636.274112
2024-07-11 09:57:16,5.08,0.646,3.281,25.0,0.01,0.0,7.8,979,4988,6812,01:38:48,5928,1720684636.6274009
2024-07-11 09:57:16,5.08,0.631,3.205,25.0,0.01,0.0,8.0,979,4988,6812,01:38:48,5928,1720684636.9573877
2024-07-11 09:57:17,5.08,0.631,3.205,25.0,0.01,0.0,8.0,979,4988,6812,01:38:49,5929,1720684637.298612
2024-07-11 09:57:17,5.08,0.6,3.048,25.0,0.01,0.0,8.4,980,4989,6813,01:38:49,5929,1720684637.6436768
2024-07-11 09:57:17,5.07,0.67,3.396,25.0,0.01,0.0,7.5,980,4989,6813,01:38:49,5929,1720684637.9974217
2024-07-11 09:57:18,5.07,0.67,3.396,25.0,0.01,0.0,7.5,980,4989,6813,01:38:50,5930,1720684638.3224897
2024-07-11 09:57:18,5.09,0.575,2.926,25.0,0.01,0.0,8.8,980,4990,6814,01:38:50,5930,1720684638.673077
2024-07-11 09:57:19,5.07,0.658,3.336,25.0,0.01,0.0,7.7,980,4990,6814,01:38:50,5930,1720684639.0061588
2024-07-11 09:57:19,5.07,0.658,3.336,25.0,0.01,0.0,7.7,980,4990,6814,01:38:51,5931,1720684639.347282
2024-07-11 09:57:19,5.08,0.612,3.108,25.0,0.01,0.0,8.3,980,4990,6815,01:38:51,5931,1720684639.6972504
2024-07-11 09:57:20,5.08,0.612,3.108,25.0,0.01,0.0,8.3,980,4990,6815,01:38:51,5931,1720684640.0298977
2024-07-11 09:57:20,5.08,0.619,3.144,25.0,0.01,0.0,8.2,980,4990,6815,01:38:52,5932,1720684640.3711538
2024-07-11 09:57:20,5.08,0.648,3.291,25.0,0.01,0.0,7.8,980,4991,6816,01:38:52,5932,1720684640.7236054
2024-07-11 09:57:21,5.08,0.648,3.291,25.0,0.01,0.0,7.8,980,4991,6816,01:38:52,5932,1720684641.0536323
2024-07-11 09:57:21,5.09,0.581,2.957,25.0,0.01,0.0,8.7,980,4991,6816,01:38:53,5933,1720684641.397402
2024-07-11 09:57:21,5.08,0.648,3.291,25.0,0.01,0.0,7.8,980,4992,6817,01:38:53,5933,1720684641.7474313
2024-07-11 09:57:22,5.08,0.648,3.291,25.0,0.01,0.0,7.8,980,4992,6817,01:38:53,5933,1720684642.076543
2024-07-11 09:57:22,5.08,0.628,3.19,25.0,0.01,0.0,8.0,980,4992,6817,01:38:54,5934,1720684642.418287
2024-07-11 09:57:22,5.08,0.628,3.19,25.0,0.01,0.0,8.0,980,4993,6818,01:38:54,5934,1720684642.7686317
2024-07-11 09:57:23,5.08,0.606,3.078,25.0,0.01,0.0,8.3,980,4993,6818,01:38:55,5935,1720684643.116853
2024-07-11 09:57:23,5.07,0.667,3.381,25.0,0.01,0.0,7.6,980,4993,6818,01:38:55,5935,1720684643.4435933
2024-07-11 09:57:23,5.07,0.667,3.381,25.0,0.01,0.0,7.6,981,4994,6819,01:38:55,5935,1720684643.7924554
2024-07-11 09:57:24,5.09,0.572,2.911,25.0,0.01,0.0,8.8,981,4994,6819,01:38:56,5936,1720684644.1261368
2024-07-11 09:57:24,5.07,0.663,3.361,25.0,0.01,0.0,7.6,981,4994,6819,01:38:56,5936,1720684644.4674146
2024-07-11 09:57:24,5.07,0.663,3.361,25.0,0.01,0.0,7.6,981,4995,6820,01:38:56,5936,1720684644.8136318
2024-07-11 09:57:25,5.08,0.611,3.103,25.0,0.01,0.0,8.3,981,4995,6820,01:38:57,5937,1720684645.1499124
2024-07-11 09:57:25,5.08,0.611,3.103,25.0,0.01,0.0,8.3,981,4995,6820,01:38:57,5937,1720684645.4911323
2024-07-11 09:57:25,5.08,0.619,3.144,25.0,0.01,0.0,8.2,981,4996,6821,01:38:57,5937,1720684645.8335218
2024-07-11 09:57:26,5.08,0.647,3.286,25.0,0.01,0.0,7.8,981,4996,6821,01:38:58,5938,1720684646.1736698
2024-07-11 09:57:26,5.08,0.647,3.286,25.0,0.01,0.0,7.8,981,4996,6821,01:38:58,5938,1720684646.5140605
2024-07-11 09:57:26,5.09,0.588,2.992,25.0,0.01,0.0,8.6,981,4997,6822,01:38:58,5938,1720684646.8673832
2024-07-11 09:57:27,5.08,0.645,3.276,25.0,0.01,0.0,7.8,981,4997,6822,01:38:59,5939,1720684647.1971045
2024-07-11 09:57:27,5.08,0.645,3.276,25.0,0.01,0.0,7.8,981,4998,6823,01:38:59,5939,1720684647.5381482
2024-07-11 09:57:27,5.08,0.622,3.159,25.0,0.0,0.0,8.1,981,4998,6823,01:38:59,5939,1720684647.8833704
2024-07-11 09:57:28,5.08,0.622,3.159,25.0,0.0,0.0,8.1,981,4998,6823,01:39:00,5940,1720684648.2398968
2024-07-11 09:57:28,5.08,0.622,3.159,25.0,0.0,0.0,8.1,981,4998,6824,01:39:00,5940,1720684648.5618596
2024-07-11 09:57:28,5.08,0.653,3.317,25.0,0.0,0.0,7.7,981,4998,6824,01:39:00,5940,1720684648.9036527
2024-07-11 09:57:29,5.08,0.653,3.317,25.0,0.0,0.0,7.7,981,4998,6824,01:39:01,5941,1720684649.244902
2024-07-11 09:57:29,5.09,0.574,2.921,25.0,0.0,0.0,8.8,982,4999,6825,01:39:01,5941,1720684649.5861351
2024-07-11 09:57:29,5.07,0.675,3.422,25.0,0.0,0.0,7.5,982,4999,6825,01:39:01,5941,1720684649.936061
2024-07-11 09:57:30,5.07,0.675,3.422,25.0,0.0,0.0,7.5,982,4999,6825,01:39:02,5942,1720684650.2686322
2024-07-11 09:57:30,5.09,0.598,3.043,25.0,0.0,0.0,8.5,982,5000,6826,01:39:02,5942,1720684650.6111279
2024-07-11 09:57:30,5.09,0.598,3.043,25.0,0.0,0.0,8.5,982,5000,6826,01:39:02,5942,1720684650.9574373
2024-07-11 09:57:31,5.08,0.63,3.2,25.0,0.0,0.0,8.0,982,5000,6826,01:39:03,5943,1720684651.2936764
2024-07-11 09:57:31,5.08,0.641,3.256,25.0,0.0,0.0,7.9,982,5001,6827,01:39:03,5943,1720684651.6344123
2024-07-11 09:57:31,5.08,0.641,3.256,25.0,0.0,0.0,7.9,982,5001,6827,01:39:03,5943,1720684651.9901264
2024-07-11 09:57:32,5.09,0.594,3.023,25.0,0.0,0.0,8.5,982,5001,6827,01:39:04,5944,1720684652.317434
2024-07-11 09:57:32,5.08,0.636,3.23,25.0,0.0,0.0,7.9,982,5002,6828,01:39:04,5944,1720684652.6586385
2024-07-11 09:57:33,5.08,0.636,3.23,25.0,0.0,0.0,7.9,982,5002,6828,01:39:04,5944,1720684653.0036666
2024-07-11 09:57:33,5.08,0.626,3.18,25.0,0.0,0.0,8.1,982,5002,6828,01:39:05,5945,1720684653.3573864
2024-07-11 09:57:33,5.08,0.626,3.18,25.0,0.0,0.0,8.1,982,5003,6829,01:39:05,5945,1720684653.682511
2024-07-11 09:57:34,5.08,0.625,3.175,25.0,0.0,0.0,8.1,982,5003,6829,01:39:05,5945,1720684654.0286973
2024-07-11 09:57:34,5.08,0.651,3.307,25.0,0.0,0.0,7.8,982,5003,6829,01:39:06,5946,1720684654.3661277
2024-07-11 09:57:34,5.08,0.651,3.307,25.0,0.0,0.0,7.8,983,5004,6830,01:39:06,5946,1720684654.7061243
2024-07-11 09:57:35,5.09,0.58,2.952,25.0,0.0,0.0,8.7,983,5004,6830,01:39:06,5946,1720684655.0536714
2024-07-11 09:57:35,5.07,0.679,3.442,25.0,0.0,0.0,7.4,983,5004,6830,01:39:07,5947,1720684655.3899574
2024-07-11 09:57:35,5.07,0.679,3.442,25.0,0.0,0.0,7.4,983,5005,6831,01:39:07,5947,1720684655.7311485
2024-07-11 09:57:36,5.09,0.6,3.054,25.0,0.0,0.0,8.4,983,5005,6831,01:39:07,5947,1720684656.0774553
2024-07-11 09:57:36,5.09,0.6,3.054,25.0,0.0,0.0,8.4,983,5005,6831,01:39:08,5948,1720684656.4149287
2024-07-11 09:57:36,5.08,0.628,3.19,25.0,0.0,0.0,8.0,983,5006,6832,01:39:08,5948,1720684656.7548594
2024-07-11 09:57:37,5.08,0.638,3.241,25.0,0.0,0.0,7.9,983,5006,6832,01:39:09,5949,1720684657.1060684
2024-07-11 09:57:37,5.08,0.638,3.241,25.0,0.0,0.0,7.9,983,5006,6832,01:39:09,5949,1720684657.436153
2024-07-11 09:57:37,5.08,0.605,3.073,25.0,0.0,0.0,8.3,983,5007,6833,01:39:09,5949,1720684657.7786713
2024-07-11 09:57:38,5.08,0.641,3.256,25.0,0.0,0.0,7.9,983,5007,6833,01:39:10,5950,1720684658.1287174
2024-07-11 09:57:38,5.08,0.641,3.256,25.0,0.0,0.0,7.9,983,5007,6833,01:39:10,5950,1720684658.4774492
2024-07-11 09:57:38,5.08,0.621,3.154,25.0,0.0,0.0,8.1,983,5007,6834,01:39:10,5950,1720684658.8025186
2024-07-11 09:57:39,5.08,0.621,3.154,25.0,0.0,0.0,8.1,983,5007,6834,01:39:11,5951,1720684659.142665
2024-07-11 09:57:39,5.08,0.631,3.205,25.0,0.0,0.0,8.0,983,5007,6834,01:39:11,5951,1720684659.4849417
2024-07-11 09:57:39,5.08,0.648,3.291,25.0,0.0,0.0,7.8,983,5008,6835,01:39:11,5951,1720684659.826193
2024-07-11 09:57:40,5.08,0.648,3.291,25.0,0.0,0.0,7.8,983,5008,6835,01:39:12,5952,1720684660.165399
2024-07-11 09:57:40,5.09,0.57,2.901,25.0,0.0,0.0,8.9,984,5009,6836,01:39:12,5952,1720684660.5086377
2024-07-11 09:57:40,5.07,0.682,3.457,25.0,0.0,0.0,7.4,984,5009,6836,01:39:12,5952,1720684660.8499608
2024-07-11 09:57:41,5.07,0.682,3.457,25.0,0.0,0.0,7.4,984,5009,6836,01:39:13,5953,1720684661.1961632
2024-07-11 09:57:41,5.09,0.596,3.033,25.0,0.0,0.0,8.5,984,5010,6837,01:39:13,5953,1720684661.5323808
2024-07-11 09:57:41,5.09,0.596,3.033,25.0,0.0,0.0,8.5,984,5010,6837,01:39:13,5953,1720684661.8733168
2024-07-11 09:57:42,5.08,0.635,3.225,25.0,0.0,0.0,8.0,984,5010,6837,01:39:14,5954,1720684662.2144966
2024-07-11 09:57:42,5.08,0.633,3.215,25.0,0.0,0.0,8.0,984,5011,6838,01:39:14,5954,1720684662.557699
2024-07-11 09:57:42,5.08,0.633,3.215,25.0,0.0,0.0,8.0,984,5011,6838,01:39:14,5954,1720684662.8969796
2024-07-11 09:57:43,5.09,0.595,3.028,25.0,0.0,0.0,8.5,984,5011,6838,01:39:15,5955,1720684663.2386694
2024-07-11 09:57:43,5.08,0.642,3.261,25.0,0.0,0.0,7.9,984,5012,6839,01:39:15,5955,1720684663.599872
2024-07-11 09:57:43,5.08,0.642,3.261,25.0,0.0,0.0,7.9,984,5012,6839,01:39:15,5955,1720684663.9208965
2024-07-11 09:57:44,5.08,0.621,3.154,25.0,0.0,0.0,8.1,984,5012,6839,01:39:16,5956,1720684664.2623596
2024-07-11 09:57:44,5.08,0.621,3.154,25.0,0.0,0.0,8.1,984,5013,6840,01:39:16,5956,1720684664.603765
2024-07-11 09:57:44,5.08,0.633,3.215,25.0,0.0,0.0,8.0,984,5013,6840,01:39:16,5956,1720684664.9460685
2024-07-11 09:57:45,5.08,0.642,3.261,25.0,0.0,0.0,7.9,984,5013,6840,01:39:17,5957,1720684665.2961705
2024-07-11 09:57:45,5.08,0.642,3.261,25.0,0.0,0.0,7.9,984,5014,6841,01:39:17,5957,1720684665.6287036
2024-07-11 09:57:45,5.09,0.573,2.916,25.0,0.0,0.0,8.8,984,5014,6841,01:39:17,5957,1720684665.969932
2024-07-11 09:57:46,5.07,0.68,3.447,25.0,0.0,0.0,7.4,984,5014,6841,01:39:18,5958,1720684666.3174703
2024-07-11 09:57:46,5.07,0.68,3.447,25.0,0.0,0.0,7.4,985,5015,6842,01:39:18,5958,1720684666.6525993
2024-07-11 09:57:46,5.08,0.6,3.048,25.0,0.0,0.0,8.4,985,5015,6842,01:39:18,5958,1720684666.9928172
2024-07-11 09:57:47,5.08,0.6,3.048,25.0,0.0,0.0,8.4,985,5015,6842,01:39:19,5959,1720684667.3347316
2024-07-11 09:57:47,5.08,0.633,3.215,25.0,0.0,0.0,8.0,985,5016,6843,01:39:19,5959,1720684667.6762233
2024-07-11 09:57:48,5.08,0.637,3.235,25.0,0.0,0.0,7.9,985,5016,6843,01:39:19,5959,1720684668.0174758
2024-07-11 09:57:48,5.08,0.637,3.235,25.0,0.0,0.0,7.9,985,5016,6843,01:39:20,5960,1720684668.358479
2024-07-11 09:57:48,5.09,0.595,3.028,25.0,0.0,0.0,8.5,985,5016,6844,01:39:20,5960,1720684668.7171261
2024-07-11 09:57:49,5.08,0.646,3.281,25.0,0.0,0.0,7.8,985,5016,6844,01:39:20,5960,1720684669.0423362
2024-07-11 09:57:49,5.08,0.646,3.281,25.0,0.0,0.0,7.8,985,5016,6844,01:39:21,5961,1720684669.3823755
2024-07-11 09:57:49,5.08,0.615,3.124,25.0,0.0,0.0,8.2,985,5017,6845,01:39:21,5961,1720684669.7249198
2024-07-11 09:57:50,5.08,0.615,3.124,25.0,0.0,0.0,8.2,985,5017,6845,01:39:21,5961,1720684670.0662088
2024-07-11 09:57:50,5.08,0.646,3.281,25.0,0.0,0.0,7.8,985,5017,6845,01:39:22,5962,1720684670.4172668
2024-07-11 09:57:50,5.08,0.64,3.251,25.0,0.0,0.0,7.9,985,5018,6846,01:39:22,5962,1720684670.7486985
2024-07-11 09:57:51,5.08,0.64,3.251,25.0,0.0,0.0,7.9,985,5018,6846,01:39:22,5962,1720684671.0899587
2024-07-11 09:57:51,5.09,0.578,2.942,25.0,0.0,0.0,8.8,985,5018,6846,01:39:23,5963,1720684671.436239
2024-07-11 09:57:51,5.07,0.678,3.437,25.0,0.0,0.0,7.4,986,5019,6847,01:39:23,5963,1720684671.772704
2024-07-11 09:57:52,5.07,0.678,3.437,25.0,0.0,0.0,7.4,986,5019,6847,01:39:24,5964,1720684672.1136973
2024-07-11 09:57:52,5.09,0.592,3.013,25.0,0.0,0.0,8.5,986,5019,6847,01:39:24,5964,1720684672.4549832
2024-07-11 09:57:52,5.09,0.592,3.013,25.0,0.0,0.0,8.5,986,5020,6848,01:39:24,5964,1720684672.7962434
2024-07-11 09:57:53,5.08,0.644,3.271,25.0,0.0,0.0,7.8,986,5020,6848,01:39:25,5965,1720684673.1374838
2024-07-11 09:57:53,5.08,0.631,3.205,25.0,0.0,0.0,8.0,986,5021,6849,01:39:25,5965,1720684673.4825714
2024-07-11 09:57:53,5.08,0.631,3.205,25.0,0.0,0.0,8.0,986,5021,6849,01:39:25,5965,1720684673.8370955
2024-07-11 09:57:54,5.08,0.597,3.032,25.0,0.0,0.0,8.5,986,5021,6849,01:39:26,5966,1720684674.1625562
2024-07-11 09:57:54,5.08,0.642,3.261,25.0,0.0,0.0,7.9,986,5022,6850,01:39:26,5966,1720684674.5123992
2024-07-11 09:57:54,5.08,0.642,3.261,25.0,0.0,0.0,7.9,986,5022,6850,01:39:26,5966,1720684674.8448715
2024-07-11 09:57:55,5.08,0.614,3.119,25.0,0.0,0.0,8.2,986,5022,6850,01:39:27,5967,1720684675.1862686
2024-07-11 09:57:55,5.08,0.614,3.119,25.0,0.0,0.0,8.2,986,5023,6851,01:39:27,5967,1720684675.5325227
2024-07-11 09:57:55,5.08,0.646,3.281,25.0,0.0,0.0,7.8,986,5023,6851,01:39:27,5967,1720684675.8687315
2024-07-11 09:57:56,5.08,0.642,3.261,25.0,0.0,0.0,7.9,986,5023,6851,01:39:28,5968,1720684676.2099526
2024-07-11 09:57:56,5.08,0.642,3.261,25.0,0.0,0.0,7.9,986,5023,6852,01:39:28,5968,1720684676.5566864
2024-07-11 09:57:56,5.09,0.583,2.967,25.0,0.0,0.0,8.7,986,5023,6852,01:39:28,5968,1720684676.8921468
2024-07-11 09:57:57,5.07,0.678,3.437,25.0,0.0,0.0,7.4,986,5023,6852,01:39:29,5969,1720684677.2344391
2024-07-11 09:57:57,5.07,0.678,3.437,25.0,0.0,0.0,7.4,987,5024,6853,01:39:29,5969,1720684677.5799873
2024-07-11 09:57:57,5.09,0.589,2.998,25.0,0.0,0.0,8.6,987,5024,6853,01:39:29,5969,1720684677.9175012
2024-07-11 09:57:58,5.09,0.589,2.998,25.0,0.0,0.0,8.6,987,5024,6853,01:39:30,5970,1720684678.2587538
2024-07-11 09:57:58,5.08,0.64,3.251,25.0,0.0,0.0,7.9,987,5025,6854,01:39:30,5970,1720684678.6037424
2024-07-11 09:57:58,5.08,0.63,3.2,25.0,0.0,0.0,8.0,987,5025,6854,01:39:30,5970,1720684678.9587555
2024-07-11 09:57:59,5.08,0.63,3.2,25.0,0.0,0.0,8.0,987,5025,6854,01:39:31,5971,1720684679.2819574
2024-07-11 09:57:59,5.08,0.603,3.063,25.0,0.0,0.0,8.4,987,5026,6855,01:39:31,5971,1720684679.6287656
2024-07-11 09:57:59,5.08,0.636,3.23,25.0,0.0,0.0,7.9,987,5026,6855,01:39:31,5971,1720684679.9649723
2024-07-11 09:58:00,5.08,0.636,3.23,25.0,0.0,0.0,7.9,987,5026,6855,01:39:32,5972,1720684680.3062809
2024-07-11 09:58:00,5.08,0.621,3.154,25.0,0.0,0.0,8.1,987,5027,6856,01:39:32,5972,1720684680.6555197
2024-07-11 09:58:00,5.08,0.621,3.154,25.0,0.0,0.0,8.1,987,5027,6856,01:39:32,5972,1720684680.9887083
2024-07-11 09:58:01,5.08,0.635,3.225,25.0,0.0,0.0,8.0,987,5027,6856,01:39:33,5973,1720684681.3299634
2024-07-11 09:58:01,5.08,0.643,3.266,25.0,0.0,0.0,7.9,987,5028,6857,01:39:33,5973,1720684681.683761
2024-07-11 09:58:02,5.08,0.643,3.266,25.0,0.0,0.0,7.9,987,5028,6857,01:39:33,5973,1720684682.0162003
2024-07-11 09:58:02,5.09,0.588,2.992,25.0,0.0,0.0,8.6,987,5028,6857,01:39:34,5974,1720684682.3542254
2024-07-11 09:58:02,5.08,0.677,3.439,25.0,0.0,0.0,7.5,987,5029,6858,01:39:34,5974,1720684682.7049682
2024-07-11 09:58:03,5.08,0.677,3.439,25.0,0.0,0.0,7.5,987,5029,6858,01:39:34,5974,1720684683.0374732
2024-07-11 09:58:03,5.09,0.587,2.987,25.0,0.0,0.0,8.6,987,5029,6858,01:39:35,5975,1720684683.3787637
2024-07-11 09:58:03,5.09,0.587,2.987,25.0,0.0,0.0,8.6,988,5030,6859,01:39:35,5975,1720684683.7237332
2024-07-11 09:58:04,5.08,0.642,3.261,25.0,0.0,0.0,7.9,988,5030,6859,01:39:35,5975,1720684684.0769882
2024-07-11 09:58:04,5.08,0.634,3.22,25.0,0.0,0.0,8.0,988,5030,6859,01:39:36,5976,1720684684.40247
2024-07-11 09:58:04,5.08,0.634,3.22,25.0,0.0,0.0,8.0,988,5030,6860,01:39:36,5976,1720684684.7525976
2024-07-11 09:58:05,5.08,0.598,3.037,25.0,0.0,0.0,8.4,988,5030,6860,01:39:36,5976,1720684685.0842485
2024-07-11 09:58:05,5.08,0.64,3.251,25.0,0.0,0.0,7.9,988,5030,6860,01:39:37,5977,1720684685.4261434
2024-07-11 09:58:05,5.08,0.64,3.251,25.0,0.0,0.0,7.9,988,5031,6861,01:39:37,5977,1720684685.7762609
2024-07-11 09:58:06,5.08,0.616,3.129,25.0,0.0,0.0,8.2,988,5031,6861,01:39:38,5978,1720684686.1087546
2024-07-11 09:58:06,5.08,0.616,3.129,25.0,0.0,0.0,8.2,988,5032,6862,01:39:38,5978,1720684686.450006
2024-07-11 09:58:06,5.08,0.635,3.225,25.0,0.0,0.0,8.0,988,5032,6862,01:39:38,5978,1720684686.7968967
2024-07-11 09:58:07,5.08,0.641,3.256,25.0,0.01,0.0,7.9,988,5032,6862,01:39:39,5979,1720684687.1315596
2024-07-11 09:58:07,5.08,0.641,3.256,25.0,0.01,0.0,7.9,988,5033,6863,01:39:39,5979,1720684687.4745538
2024-07-11 09:58:07,5.09,0.591,3.008,25.0,0.01,0.0,8.6,988,5033,6863,01:39:39,5979,1720684687.8149846
2024-07-11 09:58:08,5.07,0.68,3.447,25.0,0.0,0.0,7.4,988,5033,6863,01:39:40,5980,1720684688.157469
2024-07-11 09:58:08,5.07,0.68,3.447,25.0,0.0,0.0,7.4,989,5034,6864,01:39:40,5980,1720684688.4985354
2024-07-11 09:58:08,5.09,0.59,3.003,25.0,0.01,0.0,8.6,989,5034,6864,01:39:40,5980,1720684688.848715
2024-07-11 09:58:09,5.09,0.59,3.003,25.0,0.01,0.0,8.6,989,5034,6864,01:39:41,5981,1720684689.1975496
2024-07-11 09:58:09,5.08,0.643,3.266,25.0,0.01,0.0,7.9,989,5035,6865,01:39:41,5981,1720684689.5222766
2024-07-11 09:58:09,5.08,0.633,3.215,25.0,0.01,0.0,8.0,989,5035,6865,01:39:41,5981,1720684689.8688
2024-07-11 09:58:10,5.08,0.633,3.215,25.0,0.01,0.0,8.0,989,5035,6865,01:39:42,5982,1720684690.205058
2024-07-11 09:58:10,5.08,0.594,3.017,25.0,0.01,0.0,8.5,989,5036,6866,01:39:42,5982,1720684690.5457175
2024-07-11 09:58:10,5.1,0.51,2.601,25.0,0.01,0.0,10.0,989,5036,6866,01:39:42,5982,1720684690.896593
2024-07-11 09:58:11,5.1,0.51,2.601,25.0,0.01,0.0,10.0,989,5036,6866,01:39:43,5983,1720684691.2309685
2024-07-11 09:58:11,5.1,0.497,2.534,25.0,0.01,0.0,10.2,989,5037,6867,01:39:43,5983,1720684691.5700564
2024-07-11 09:58:11,5.1,0.497,2.534,25.0,0.01,0.0,10.2,989,5037,6867,01:39:43,5983,1720684691.922453
2024-07-11 09:58:12,5.1,0.468,2.386,25.0,0.01,0.0,10.8,989,5037,6867,01:39:44,5984,1720684692.252289
2024-07-11 09:58:12,5.1,0.47,2.397,25.0,0.01,0.0,10.8,989,5037,6868,01:39:44,5984,1720684692.5938048
2024-07-11 09:58:12,5.1,0.47,2.397,25.0,0.01,0.0,10.8,989,5037,6868,01:39:44,5984,1720684692.9349797
2024-07-11 09:58:13,5.1,0.47,2.397,25.0,0.01,0.0,10.8,989,5037,6868,01:39:45,5985,1720684693.2762995
2024-07-11 09:58:13,5.1,0.47,2.397,25.0,0.01,0.0,10.8,989,5038,6869,01:39:45,5985,1720684693.617547
2024-07-11 09:58:13,5.1,0.47,2.397,25.0,0.01,0.0,10.8,989,5038,6869,01:39:45,5985,1720684693.9700649
2024-07-11 09:58:14,5.1,0.466,2.376,25.0,0.01,0.0,10.9,989,5038,6869,01:39:46,5986,1720684694.3172865
2024-07-11 09:58:14,5.1,0.466,2.376,25.0,0.01,0.0,10.9,989,5039,6870,01:39:46,5986,1720684694.6401618
2024-07-11 09:58:14,5.1,0.471,2.402,25.0,0.01,0.0,10.8,989,5039,6870,01:39:46,5986,1720684694.9810083
2024-07-11 09:58:15,5.1,0.47,2.397,25.0,0.01,0.0,10.8,989,5039,6870,01:39:47,5987,1720684695.3227656
2024-07-11 09:58:15,5.1,0.47,2.397,25.0,0.01,0.0,10.8,990,5039,6871,01:39:47,5987,1720684695.6637702
2024-07-11 09:58:16,5.1,0.466,2.376,25.0,0.01,0.0,10.9,990,5039,6871,01:39:47,5987,1720684696.0049148
2024-07-11 09:58:16,5.1,0.469,2.391,25.0,0.01,0.0,10.8,990,5039,6871,01:39:48,5988,1720684696.3458102
2024-07-11 09:58:16,5.1,0.469,2.391,25.0,0.01,0.0,10.8,990,5040,6872,01:39:48,5988,1720684696.6875334
2024-07-11 09:58:17,5.1,0.468,2.386,25.0,0.01,0.0,10.8,990,5040,6872,01:39:48,5988,1720684697.028806
2024-07-11 09:58:17,5.1,0.468,2.386,25.0,0.01,0.0,10.8,990,5040,6872,01:39:49,5989,1720684697.3700438
2024-07-11 09:58:17,5.1,0.471,2.402,25.0,0.01,0.0,10.8,990,5041,6873,01:39:49,5989,1720684697.710322
2024-07-11 09:58:18,5.1,0.466,2.376,25.0,0.01,0.0,10.9,990,5041,6873,01:39:49,5989,1720684698.0525463
2024-07-11 09:58:18,5.1,0.466,2.376,25.0,0.01,0.0,10.9,990,5041,6873,01:39:50,5990,1720684698.392598
2024-07-11 09:58:18,5.1,0.469,2.391,25.0,0.01,0.0,10.8,990,5041,6874,01:39:50,5990,1720684698.7336273
2024-07-11 09:58:19,5.1,0.468,2.386,25.0,0.01,0.0,10.8,990,5041,6874,01:39:50,5990,1720684699.075031
2024-07-11 09:58:19,5.1,0.468,2.386,25.0,0.01,0.0,10.8,990,5041,6874,01:39:51,5991,1720684699.4378586
2024-07-11 09:58:19,5.1,0.465,2.371,25.0,0.01,0.0,10.9,990,5042,6875,01:39:51,5991,1720684699.7570362
2024-07-11 09:58:20,5.1,0.465,2.371,25.0,0.01,0.0,10.9,990,5042,6875,01:39:51,5991,1720684700.098816
2024-07-11 09:58:20,5.1,0.468,2.386,25.0,0.01,0.0,10.8,990,5043,6876,01:39:52,5992,1720684700.4400327
2024-07-11 09:58:20,5.1,0.468,2.386,25.0,0.01,0.0,10.8,990,5043,6876,01:39:52,5992,1720684700.7810445
2024-07-11 09:58:21,5.1,0.468,2.386,25.0,0.01,0.0,10.8,990,5043,6876,01:39:53,5993,1720684701.1222875
2024-07-11 09:58:21,5.1,0.467,2.381,25.0,0.0,0.0,10.9,990,5043,6877,01:39:53,5993,1720684701.4637744
2024-07-11 09:58:21,5.1,0.465,2.371,25.0,0.0,0.0,10.9,990,5043,6877,01:39:53,5993,1720684701.8050227
2024-07-11 09:58:22,5.1,0.465,2.371,25.0,0.0,0.0,10.9,990,5043,6877,01:39:54,5994,1720684702.1462984
2024-07-11 09:58:22,5.1,0.468,2.386,25.0,0.0,0.0,10.8,990,5044,6878,01:39:54,5994,1720684702.4865868
2024-07-11 09:58:22,5.1,0.468,2.386,25.0,0.0,0.0,10.8,990,5044,6878,01:39:54,5994,1720684702.828023
2024-07-11 09:58:23,5.1,0.467,2.381,25.0,0.0,0.0,10.9,990,5044,6878,01:39:55,5995,1720684703.170016
2024-07-11 09:58:23,5.1,0.465,2.371,25.0,0.0,0.0,10.9,991,5044,6879,01:39:55,5995,1720684703.5109046
2024-07-11 09:58:23,5.1,0.465,2.371,25.0,0.0,0.0,10.9,991,5044,6879,01:39:55,5995,1720684703.8509982
2024-07-11 09:58:24,5.1,0.467,2.381,25.0,0.0,0.0,10.9,991,5044,6879,01:39:56,5996,1720684704.1950216
2024-07-11 09:58:24,5.11,0.468,2.391,25.0,0.0,0.0,10.9,991,5045,6880,01:39:56,5996,1720684704.5573683
2024-07-11 09:58:24,5.11,0.468,2.391,25.0,0.0,0.0,10.9,991,5045,6880,01:39:56,5996,1720684704.8749712
2024-07-11 09:58:25,5.1,0.464,2.366,25.0,0.0,0.0,10.9,991,5045,6880,01:39:57,5997,1720684705.2187877
2024-07-11 09:58:25,5.1,0.464,2.366,25.0,0.0,0.0,10.9,991,5046,6881,01:39:57,5997,1720684705.5571501
2024-07-11 09:58:25,5.1,0.468,2.386,25.0,0.0,0.0,10.8,991,5046,6881,01:39:57,5997,1720684705.8986995
2024-07-11 09:58:26,5.1,0.469,2.391,25.0,0.0,0.0,10.8,991,5046,6881,01:39:58,5998,1720684706.2400153
2024-07-11 09:58:26,5.1,0.469,2.391,25.0,0.0,0.0,10.8,991,5046,6882,01:39:58,5998,1720684706.5813208
2024-07-11 09:58:26,5.1,0.467,2.381,25.0,0.0,0.0,10.9,991,5046,6882,01:39:58,5998,1720684706.922021
2024-07-11 09:58:27,5.1,0.464,2.366,25.0,0.0,0.0,10.9,991,5046,6882,01:39:59,5999,1720684707.2637537
2024-07-11 09:58:27,5.1,0.464,2.366,25.0,0.0,0.0,10.9,991,5047,6883,01:39:59,5999,1720684707.6069877
2024-07-11 09:58:27,5.1,0.467,2.381,25.0,0.0,0.0,10.9,991,5047,6883,01:39:59,5999,1720684707.9461114
2024-07-11 09:58:28,5.1,0.467,2.381,25.0,0.0,0.0,10.9,991,5047,6883,01:40:00,6000,1720684708.287551
2024-07-11 09:58:28,5.11,0.467,2.386,25.0,0.0,0.0,10.9,991,5048,6884,01:40:00,6000,1720684708.6287596
2024-07-11 09:58:28,5.11,0.465,2.376,25.0,0.0,0.0,10.9,991,5048,6884,01:40:00,6000,1720684708.9700124
2024-07-11 09:58:29,5.11,0.465,2.376,25.0,0.0,0.0,10.9,991,5048,6884,01:40:01,6001,1720684709.3112104
2024-07-11 09:58:29,5.1,0.467,2.381,25.0,0.0,0.0,10.9,991,5048,6885,01:40:01,6001,1720684709.6778803
2024-07-11 09:58:29,5.1,0.467,2.381,25.0,0.0,0.0,10.9,991,5048,6885,01:40:01,6001,1720684709.9936981
2024-07-11 09:58:30,5.1,0.467,2.381,25.0,0.0,0.0,10.9,991,5048,6885,01:40:02,6002,1720684710.3338876
2024-07-11 09:58:30,5.1,0.467,2.381,25.0,0.0,0.0,10.9,991,5049,6886,01:40:02,6002,1720684710.6748788
2024-07-11 09:58:31,5.1,0.467,2.381,25.0,0.0,0.0,10.9,991,5049,6886,01:40:02,6002,1720684711.0163462
2024-07-11 09:58:31,5.1,0.464,2.366,25.0,0.0,0.0,10.9,991,5049,6886,01:40:03,6003,1720684711.3569672
2024-07-11 09:58:31,5.1,0.467,2.381,25.0,0.0,0.0,10.9,992,5050,6887,01:40:03,6003,1720684711.6986983
2024-07-11 09:58:32,5.1,0.467,2.381,25.0,0.0,0.0,10.9,992,5050,6887,01:40:03,6003,1720684712.0400004
2024-07-11 09:58:32,5.1,0.467,2.381,25.0,0.0,0.0,10.9,992,5050,6887,01:40:04,6004,1720684712.3813279
2024-07-11 09:58:32,5.1,0.465,2.371,25.0,0.0,0.0,10.9,992,5050,6888,01:40:04,6004,1720684712.722583
2024-07-11 09:58:33,5.1,0.465,2.371,25.0,0.0,0.0,10.9,992,5050,6888,01:40:04,6004,1720684713.0638483
2024-07-11 09:58:33,5.1,0.466,2.376,25.0,0.0,0.0,10.9,992,5051,6889,01:40:05,6005,1720684713.406349
2024-07-11 09:58:33,5.1,0.466,2.376,25.0,0.0,0.0,10.9,992,5051,6889,01:40:05,6005,1720684713.7462132
2024-07-11 09:58:34,5.1,0.467,2.381,25.0,0.0,0.0,10.9,992,5051,6889,01:40:05,6005,1720684714.0875793
2024-07-11 09:58:34,5.1,0.466,2.376,25.0,0.01,0.0,10.9,992,5052,6890,01:40:06,6006,1720684714.4307518
2024-07-11 09:58:34,5.1,0.466,2.376,25.0,0.01,0.0,10.9,992,5052,6890,01:40:06,6006,1720684714.7972949
2024-07-11 09:58:35,5.1,0.465,2.371,25.0,0.01,0.0,10.9,992,5052,6890,01:40:07,6007,1720684715.1107423
2024-07-11 09:58:35,5.1,0.468,2.386,25.0,0.01,0.0,10.8,992,5052,6891,01:40:07,6007,1720684715.452093
2024-07-11 09:58:35,5.1,0.468,2.386,25.0,0.01,0.0,10.8,992,5052,6891,01:40:07,6007,1720684715.793026
2024-07-11 09:58:36,5.1,0.465,2.371,25.0,0.01,0.0,10.9,992,5052,6891,01:40:08,6008,1720684716.1351032
2024-07-11 09:58:36,5.1,0.465,2.371,25.0,0.01,0.0,10.9,992,5053,6892,01:40:08,6008,1720684716.4761493
2024-07-11 09:58:36,5.1,0.464,2.366,25.0,0.01,0.0,10.9,992,5053,6892,01:40:08,6008,1720684716.816855
2024-07-11 09:58:37,5.1,0.466,2.376,25.0,0.01,0.0,10.9,992,5053,6892,01:40:09,6009,1720684717.1587837
2024-07-11 09:58:37,5.1,0.466,2.376,25.0,0.01,0.0,10.9,992,5054,6893,01:40:09,6009,1720684717.5001228
2024-07-11 09:58:37,5.1,0.467,2.381,25.0,0.01,0.0,10.9,992,5054,6893,01:40:09,6009,1720684717.8409157
2024-07-11 09:58:38,5.1,0.466,2.376,25.0,0.01,0.0,10.9,992,5054,6893,01:40:10,6010,1720684718.182325
2024-07-11 09:58:38,5.1,0.466,2.376,25.0,0.01,0.0,10.9,992,5054,6894,01:40:10,6010,1720684718.5238247
2024-07-11 09:58:38,5.1,0.465,2.371,25.0,0.01,0.0,10.9,992,5054,6894,01:40:10,6010,1720684718.865112
2024-07-11 09:58:39,5.1,0.465,2.371,25.0,0.01,0.0,10.9,992,5054,6894,01:40:11,6011,1720684719.2063382
2024-07-11 09:58:39,5.1,0.466,2.376,25.0,0.01,0.0,10.9,993,5055,6895,01:40:11,6011,1720684719.5475914
2024-07-11 09:58:39,5.1,0.466,2.376,25.0,0.01,0.0,10.9,993,5055,6895,01:40:11,6011,1720684719.917612
2024-07-11 09:58:40,5.1,0.466,2.376,25.0,0.01,0.0,10.9,993,5055,6895,01:40:12,6012,1720684720.2301128
2024-07-11 09:58:40,5.1,0.464,2.366,25.0,0.01,0.0,10.9,993,5056,6896,01:40:12,6012,1720684720.5713944
2024-07-11 09:58:40,5.1,0.467,2.381,25.0,0.01,0.0,10.9,993,5056,6896,01:40:12,6012,1720684720.9133043
2024-07-11 09:58:41,5.1,0.467,2.381,25.0,0.01,0.0,10.9,993,5056,6896,01:40:13,6013,1720684721.253817
2024-07-11 09:58:41,5.1,0.47,2.397,25.0,0.01,0.0,10.8,993,5056,6897,01:40:13,6013,1720684721.594841
2024-07-11 09:58:41,5.1,0.47,2.397,25.0,0.01,0.0,10.8,993,5056,6897,01:40:13,6013,1720684721.9363065
2024-07-11 09:58:42,5.1,0.463,2.361,25.0,0.01,0.0,11.0,993,5056,6897,01:40:14,6014,1720684722.2775905
2024-07-11 09:58:42,5.1,0.465,2.371,25.0,0.01,0.0,10.9,993,5057,6898,01:40:14,6014,1720684722.6188312
2024-07-11 09:58:42,5.1,0.465,2.371,25.0,0.01,0.0,10.9,993,5057,6898,01:40:14,6014,1720684722.960124
2024-07-11 09:58:43,5.1,0.465,2.371,25.0,0.01,0.0,10.9,993,5057,6898,01:40:15,6015,1720684723.3038287
2024-07-11 09:58:43,5.1,0.466,2.376,25.0,0.01,0.0,10.9,993,5058,6899,01:40:15,6015,1720684723.6426728
2024-07-11 09:58:43,5.1,0.466,2.376,25.0,0.01,0.0,10.9,993,5058,6899,01:40:15,6015,1720684723.983802
2024-07-11 09:58:44,5.1,0.464,2.366,25.0,0.01,0.0,10.9,993,5058,6899,01:40:16,6016,1720684724.325167
2024-07-11 09:58:44,5.1,0.464,2.366,25.0,0.01,0.0,10.9,993,5058,6900,01:40:16,6016,1720684724.666395
2024-07-11 09:58:45,5.1,0.47,2.397,25.0,0.01,0.0,10.8,993,5058,6900,01:40:16,6016,1720684725.0367966
2024-07-11 09:58:45,5.1,0.466,2.376,25.0,0.01,0.0,10.9,993,5058,6900,01:40:17,6017,1720684725.3487601
2024-07-11 09:58:45,5.1,0.466,2.376,25.0,0.01,0.0,10.9,993,5059,6901,01:40:17,6017,1720684725.6900973
2024-07-11 09:58:46,5.1,0.464,2.366,25.0,0.01,0.0,10.9,993,5059,6901,01:40:17,6017,1720684726.031383
2024-07-11 09:58:46,5.1,0.466,2.376,25.0,0.01,0.0,10.9,994,5060,6902,01:40:18,6018,1720684726.372451
2024-07-11 09:58:46,5.1,0.466,2.376,25.0,0.01,0.0,10.9,994,5060,6902,01:40:18,6018,1720684726.7135813
2024-07-11 09:58:47,5.1,0.466,2.376,25.0,0.01,0.0,10.9,994,5060,6902,01:40:18,6018,1720684727.056238
2024-07-11 09:58:47,5.1,0.466,2.376,25.0,0.01,0.0,10.9,994,5060,6903,01:40:19,6019,1720684727.3963869
2024-07-11 09:58:47,5.1,0.468,2.386,25.0,0.01,0.0,10.8,994,5060,6903,01:40:19,6019,1720684727.737627
2024-07-11 09:58:48,5.1,0.464,2.366,25.0,0.01,0.0,10.9,994,5060,6903,01:40:19,6019,1720684728.078837
2024-07-11 09:58:48,5.1,0.464,2.366,25.0,0.01,0.0,10.9,994,5061,6904,01:40:20,6020,1720684728.4195325
2024-07-11 09:58:48,5.1,0.466,2.376,25.0,0.01,0.0,10.9,994,5061,6904,01:40:20,6020,1720684728.7639313
2024-07-11 09:58:49,5.1,0.466,2.376,25.0,0.01,0.0,10.9,994,5061,6904,01:40:20,6020,1720684729.102768
2024-07-11 09:58:49,5.1,0.466,2.376,25.0,0.01,0.0,10.9,994,5062,6905,01:40:21,6021,1720684729.443112
2024-07-11 09:58:49,5.1,0.468,2.386,25.0,0.01,0.0,10.8,994,5062,6905,01:40:21,6021,1720684729.784903
2024-07-11 09:58:50,5.1,0.468,2.386,25.0,0.01,0.0,10.8,994,5062,6905,01:40:22,6022,1720684730.1588228
2024-07-11 09:58:50,5.1,0.466,2.376,25.0,0.01,0.0,10.9,994,5062,6906,01:40:22,6022,1720684730.4688451
2024-07-11 09:58:50,5.1,0.468,2.386,25.0,0.01,0.0,10.8,994,5062,6906,01:40:22,6022,1720684730.8101406
2024-07-11 09:58:51,5.1,0.468,2.386,25.0,0.01,0.0,10.8,994,5062,6906,01:40:23,6023,1720684731.1513803
2024-07-11 09:58:51,5.1,0.465,2.371,25.0,0.01,0.0,10.9,994,5063,6907,01:40:23,6023,1720684731.4927363
2024-07-11 09:58:51,5.1,0.464,2.366,25.0,0.01,0.0,10.9,994,5063,6907,01:40:23,6023,1720684731.8335416
2024-07-11 09:58:52,5.1,0.464,2.366,25.0,0.01,0.0,10.9,994,5063,6907,01:40:24,6024,1720684732.1751654
2024-07-11 09:58:52,5.1,0.466,2.376,25.0,0.01,0.0,10.9,994,5064,6908,01:40:24,6024,1720684732.5176375
2024-07-11 09:58:52,5.1,0.466,2.376,25.0,0.01,0.0,10.9,994,5064,6908,01:40:24,6024,1720684732.8588638
2024-07-11 09:58:53,5.1,0.466,2.376,25.0,0.01,0.0,10.9,994,5064,6908,01:40:25,6025,1720684733.2001264
2024-07-11 09:58:53,5.1,0.463,2.361,25.0,0.01,0.0,11.0,994,5064,6909,01:40:25,6025,1720684733.5413911
2024-07-11 09:58:53,5.1,0.463,2.361,25.0,0.01,0.0,11.0,994,5064,6909,01:40:25,6025,1720684733.8838665
2024-07-11 09:58:54,5.1,0.467,2.381,25.0,0.01,0.0,10.9,994,5064,6909,01:40:26,6026,1720684734.2238615
2024-07-11 09:58:54,5.1,0.466,2.376,25.0,0.01,0.0,10.9,995,5065,6910,01:40:26,6026,1720684734.5651453
2024-07-11 09:58:54,5.1,0.466,2.376,25.0,0.01,0.0,10.9,995,5065,6910,01:40:26,6026,1720684734.9060998
2024-07-11 09:58:55,5.1,0.466,2.376,25.0,0.01,0.0,10.9,995,5065,6910,01:40:27,6027,1720684735.277262
2024-07-11 09:58:55,5.1,0.466,2.376,25.0,0.01,0.0,10.9,995,5066,6911,01:40:27,6027,1720684735.5888736
2024-07-11 09:58:55,5.1,0.463,2.361,25.0,0.01,0.0,11.0,995,5066,6911,01:40:27,6027,1720684735.9301574
2024-07-11 09:58:56,5.1,0.465,2.371,25.0,0.01,0.0,10.9,995,5066,6911,01:40:28,6028,1720684736.2719584
2024-07-11 09:58:56,5.1,0.465,2.371,25.0,0.01,0.0,10.9,995,5066,6912,01:40:28,6028,1720684736.6138985
2024-07-11 09:58:56,5.1,0.47,2.397,25.0,0.01,0.0,10.8,995,5066,6912,01:40:28,6028,1720684736.9549315
2024-07-11 09:58:57,5.1,0.463,2.361,25.0,0.01,0.0,11.0,995,5066,6912,01:40:29,6029,1720684737.2964084
2024-07-11 09:58:57,5.1,0.463,2.361,25.0,0.01,0.0,11.0,995,5067,6913,01:40:29,6029,1720684737.6376388
2024-07-11 09:58:57,5.1,0.466,2.376,25.0,0.01,0.0,10.9,995,5067,6913,01:40:29,6029,1720684737.9790168
2024-07-11 09:58:58,5.1,0.466,2.376,25.0,0.01,0.0,10.9,995,5067,6913,01:40:30,6030,1720684738.320171
2024-07-11 09:58:58,5.1,0.465,2.371,25.0,0.01,0.0,10.9,995,5068,6914,01:40:30,6030,1720684738.6611848
2024-07-11 09:58:59,5.1,0.465,2.371,25.0,0.01,0.0,10.9,995,5068,6914,01:40:30,6030,1720684739.0022535
2024-07-11 09:58:59,5.1,0.465,2.371,25.0,0.01,0.0,10.9,995,5068,6915,01:40:31,6031,1720684739.3450112
2024-07-11 09:58:59,5.1,0.463,2.361,25.0,0.01,0.0,11.0,995,5068,6915,01:40:31,6031,1720684739.6863854
2024-07-11 09:59:00,5.1,0.468,2.386,25.0,0.01,0.0,10.8,995,5068,6915,01:40:31,6031,1720684740.0270677
2024-07-11 09:59:00,5.1,0.468,2.386,25.0,0.01,0.0,10.8,995,5069,6916,01:40:32,6032,1720684740.4001966
2024-07-11 09:59:00,5.1,0.465,2.371,25.0,0.0,0.0,10.9,995,5069,6916,01:40:32,6032,1720684740.710184
2024-07-11 09:59:01,5.1,0.465,2.371,25.0,0.0,0.0,10.9,995,5069,6916,01:40:32,6032,1720684741.0512714
2024-07-11 09:59:01,5.11,0.464,2.371,25.0,0.0,0.0,11.0,995,5070,6917,01:40:33,6033,1720684741.39178
2024-07-11 09:59:01,5.1,0.466,2.376,25.0,0.0,0.0,10.9,995,5070,6917,01:40:33,6033,1720684741.7339466
2024-07-11 09:59:02,5.1,0.466,2.376,25.0,0.0,0.0,10.9,995,5070,6917,01:40:33,6033,1720684742.0758917
2024-07-11 09:59:02,5.1,0.466,2.376,25.0,0.0,0.0,10.9,996,5070,6918,01:40:34,6034,1720684742.4176767
2024-07-11 09:59:02,5.11,0.465,2.376,25.0,0.0,0.0,10.9,996,5070,6918,01:40:34,6034,1720684742.759103
2024-07-11 09:59:03,5.11,0.465,2.376,25.0,0.0,0.0,10.9,996,5070,6918,01:40:34,6034,1720684743.1001713
2024-07-11 09:59:03,5.11,0.465,2.376,25.0,0.0,0.0,10.9,996,5071,6919,01:40:35,6035,1720684743.4414203
2024-07-11 09:59:03,5.11,0.465,2.376,25.0,0.0,0.0,10.9,996,5071,6919,01:40:35,6035,1720684743.7824595
2024-07-11 09:59:04,5.1,0.465,2.371,25.0,0.0,0.0,10.9,996,5071,6919,01:40:36,6036,1720684744.1238558
2024-07-11 09:59:04,5.1,0.465,2.371,25.0,0.0,0.0,10.9,996,5072,6920,01:40:36,6036,1720684744.467642
2024-07-11 09:59:04,5.1,0.465,2.371,25.0,0.0,0.0,10.9,996,5072,6920,01:40:36,6036,1720684744.807661
2024-07-11 09:59:05,5.1,0.462,2.356,25.0,0.0,0.0,11.0,996,5072,6920,01:40:37,6037,1720684745.1489468
2024-07-11 09:59:05,5.1,0.465,2.371,25.0,0.0,0.0,10.9,996,5072,6921,01:40:37,6037,1720684745.5198677
2024-07-11 09:59:05,5.1,0.465,2.371,25.0,0.0,0.0,10.9,996,5072,6921,01:40:37,6037,1720684745.834164
2024-07-11 09:59:06,5.1,0.467,2.381,25.0,0.0,0.0,10.9,996,5072,6921,01:40:38,6038,1720684746.1726542
2024-07-11 09:59:06,5.1,0.467,2.381,25.0,0.0,0.0,10.9,996,5073,6922,01:40:38,6038,1720684746.513941
2024-07-11 09:59:06,5.1,0.462,2.356,25.0,0.0,0.0,11.0,996,5073,6922,01:40:38,6038,1720684746.8551495
2024-07-11 09:59:07,5.1,0.466,2.376,25.0,0.0,0.0,10.9,996,5073,6922,01:40:39,6039,1720684747.1989462
2024-07-11 09:59:07,5.1,0.466,2.376,25.0,0.0,0.0,10.9,996,5074,6923,01:40:39,6039,1720684747.5376887
2024-07-11 09:59:07,5.1,0.467,2.381,25.0,0.0,0.0,10.9,996,5074,6923,01:40:39,6039,1720684747.8797755
2024-07-11 09:59:08,5.1,0.466,2.376,25.0,0.0,0.0,10.9,996,5074,6923,01:40:40,6040,1720684748.2213154
2024-07-11 09:59:08,5.1,0.466,2.376,25.0,0.0,0.0,10.9,996,5074,6924,01:40:40,6040,1720684748.5626557
2024-07-11 09:59:08,5.11,0.463,2.365,25.0,0.0,0.0,11.0,996,5074,6924,01:40:40,6040,1720684748.903219
2024-07-11 09:59:09,5.11,0.463,2.365,25.0,0.0,0.0,11.0,996,5074,6924,01:40:41,6041,1720684749.245135
2024-07-11 09:59:09,5.1,0.467,2.381,25.0,0.0,0.0,10.9,996,5075,6925,01:40:41,6041,1720684749.586438
2024-07-11 09:59:09,5.1,0.466,2.376,25.0,0.0,0.0,10.9,996,5075,6925,01:40:41,6041,1720684749.9276814
2024-07-11 09:59:10,5.1,0.466,2.376,25.0,0.0,0.0,10.9,996,5075,6925,01:40:42,6042,1720684750.2683122
2024-07-11 09:59:10,5.1,0.471,2.402,25.0,0.0,0.0,10.8,997,5075,6926,01:40:42,6042,1720684750.6377237
2024-07-11 09:59:10,5.08,0.668,3.393,25.0,0.0,0.0,7.6,997,5075,6926,01:40:42,6042,1720684750.9514563
2024-07-11 09:59:11,5.08,0.668,3.393,25.0,0.0,0.0,7.6,997,5075,6926,01:40:43,6043,1720684751.294853
2024-07-11 09:59:11,5.07,0.674,3.417,25.0,0.0,0.0,7.5,997,5076,6927,01:40:43,6043,1720684751.6339412
2024-07-11 09:59:11,5.07,0.674,3.417,25.0,0.0,0.0,7.5,997,5076,6927,01:40:43,6043,1720684751.976413
2024-07-11 09:59:12,5.08,0.665,3.378,25.0,0.0,0.0,7.6,997,5077,6928,01:40:44,6044,1720684752.3172421
2024-07-11 09:59:12,5.07,0.684,3.467,25.0,0.0,0.0,7.4,997,5077,6928,01:40:44,6044,1720684752.658875
2024-07-11 09:59:12,5.07,0.684,3.467,25.0,0.0,0.0,7.4,997,5077,6928,01:40:44,6044,1720684752.9995062
2024-07-11 09:59:13,5.08,0.648,3.291,25.0,0.0,0.0,7.8,997,5078,6929,01:40:45,6045,1720684753.341458
2024-07-11 09:59:13,5.08,0.643,3.266,25.0,0.0,0.0,7.9,997,5078,6929,01:40:45,6045,1720684753.6825812
2024-07-11 09:59:14,5.08,0.643,3.266,25.0,0.0,0.0,7.9,997,5078,6929,01:40:45,6045,1720684754.0238948
2024-07-11 09:59:14,5.08,0.632,3.21,25.0,0.0,0.0,8.0,997,5079,6930,01:40:46,6046,1720684754.3651788
2024-07-11 09:59:14,5.08,0.632,3.21,25.0,0.0,0.0,8.0,997,5079,6930,01:40:46,6046,1720684754.706438
2024-07-11 09:59:15,5.08,0.659,3.347,25.0,0.0,0.0,7.7,997,5079,6930,01:40:46,6046,1720684755.047704
2024-07-11 09:59:15,5.08,0.654,3.322,25.0,0.0,0.0,7.7,998,5080,6931,01:40:47,6047,1720684755.3914247
2024-07-11 09:59:15,5.08,0.654,3.322,25.0,0.0,0.0,7.7,998,5080,6931,01:40:47,6047,1720684755.757478
2024-07-11 09:59:16,5.09,0.562,2.86,25.0,0.0,0.0,9.0,998,5080,6931,01:40:47,6047,1720684756.0714092
2024-07-11 09:59:16,5.08,0.665,3.378,25.0,0.0,0.0,7.6,998,5081,6932,01:40:48,6048,1720684756.4129136
2024-07-11 09:59:16,5.08,0.665,3.378,25.0,0.0,0.0,7.6,998,5081,6932,01:40:48,6048,1720684756.7532642
2024-07-11 09:59:17,5.07,0.679,3.442,25.0,0.0,0.0,7.4,998,5081,6932,01:40:48,6048,1720684757.0951605
2024-07-11 09:59:17,5.07,0.679,3.442,25.0,0.0,0.0,7.4,998,5082,6933,01:40:49,6049,1720684757.4364505
2024-07-11 09:59:17,5.08,0.664,3.373,25.0,0.0,0.0,7.6,998,5082,6933,01:40:49,6049,1720684757.777699
2024-07-11 09:59:18,5.08,0.658,3.342,25.0,0.0,0.0,7.7,998,5082,6933,01:40:50,6050,1720684758.1189156
2024-07-11 09:59:18,5.08,0.658,3.342,25.0,0.0,0.0,7.7,998,5083,6934,01:40:50,6050,1720684758.4601886
2024-07-11 09:59:18,5.08,0.67,3.403,25.0,0.0,0.0,7.5,998,5083,6934,01:40:50,6050,1720684758.80088
2024-07-11 09:59:19,5.07,0.677,3.432,25.0,0.0,0.0,7.4,998,5083,6934,01:40:51,6051,1720684759.1420143
2024-07-11 09:59:19,5.07,0.677,3.432,25.0,0.0,0.0,7.4,998,5084,6935,01:40:51,6051,1720684759.4838543
2024-07-11 09:59:19,5.08,0.658,3.342,25.0,0.0,0.0,7.7,998,5084,6935,01:40:51,6051,1720684759.82487
2024-07-11 09:59:20,5.08,0.658,3.342,25.0,0.0,0.0,7.7,998,5084,6935,01:40:52,6052,1720684760.1664295
2024-07-11 09:59:20,5.08,0.66,3.352,25.0,0.0,0.0,7.6,998,5085,6936,01:40:52,6052,1720684760.507694
2024-07-11 09:59:20,5.08,0.663,3.368,25.0,0.0,0.0,7.6,998,5085,6936,01:40:52,6052,1720684760.8777108
2024-07-11 09:59:21,5.08,0.663,3.368,25.0,0.0,0.0,7.6,998,5085,6936,01:40:53,6053,1720684761.190196
2024-07-11 09:59:21,5.08,0.654,3.322,25.0,0.0,0.0,7.7,999,5086,6937,01:40:53,6053,1720684761.5314295
2024-07-11 09:59:21,5.08,0.651,3.307,25.0,0.0,0.0,7.8,999,5086,6937,01:40:53,6053,1720684761.8727114
2024-07-11 09:59:22,5.08,0.651,3.307,25.0,0.0,0.0,7.8,999,5086,6937,01:40:54,6054,1720684762.213929
2024-07-11 09:59:22,5.08,0.651,3.307,25.0,0.0,0.0,7.8,999,5087,6938,01:40:54,6054,1720684762.5549874
2024-07-11 09:59:22,5.08,0.651,3.307,25.0,0.0,0.0,7.8,999,5087,6938,01:40:54,6054,1720684762.896421
2024-07-11 09:59:23,5.08,0.664,3.373,25.0,0.0,0.0,7.6,999,5087,6938,01:40:55,6055,1720684763.2377248
2024-07-11 09:59:23,5.08,0.661,3.357,25.0,0.0,0.0,7.6,999,5088,6939,01:40:55,6055,1720684763.5785813
2024-07-11 09:59:23,5.08,0.661,3.357,25.0,0.0,0.0,7.6,999,5088,6939,01:40:55,6055,1720684763.919804
2024-07-11 09:59:24,5.08,0.667,3.388,25.0,0.0,0.0,7.6,999,5088,6939,01:40:56,6056,1720684764.261253
2024-07-11 09:59:24,5.08,0.663,3.368,25.0,0.0,0.0,7.6,999,5088,6940,01:40:56,6056,1720684764.6025617
2024-07-11 09:59:24,5.08,0.663,3.368,25.0,0.0,0.0,7.6,999,5088,6940,01:40:56,6056,1720684764.9439676
2024-07-11 09:59:25,5.08,0.676,3.434,25.0,0.0,0.0,7.5,999,5088,6940,01:40:57,6057,1720684765.2852476
2024-07-11 09:59:25,5.08,0.676,3.434,25.0,0.0,0.0,7.5,999,5089,6941,01:40:57,6057,1720684765.6264749
2024-07-11 09:59:25,5.08,0.669,3.398,25.0,0.0,0.0,7.5,999,5089,6941,01:40:57,6057,1720684765.9988022
2024-07-11 09:59:26,5.08,0.661,3.357,25.0,0.0,0.0,7.6,1000,5090,6942,01:40:58,6058,1720684766.3084576
2024-07-11 09:59:26,5.08,0.661,3.357,25.0,0.0,0.0,7.6,1000,5090,6942,01:40:58,6058,1720684766.6498723
2024-07-11 09:59:26,5.08,0.667,3.388,25.0,0.0,0.0,7.6,1000,5090,6942,01:40:58,6058,1720684766.9919367
2024-07-11 09:59:27,5.07,0.679,3.442,25.0,0.0,0.0,7.4,1000,5091,6943,01:40:59,6059,1720684767.3318517
2024-07-11 09:59:27,5.07,0.679,3.442,25.0,0.0,0.0,7.4,1000,5091,6943,01:40:59,6059,1720684767.673191
2024-07-11 09:59:28,5.08,0.664,3.373,25.0,0.01,0.0,7.6,1000,5091,6943,01:40:59,6059,1720684768.0144565
2024-07-11 09:59:28,5.08,0.664,3.373,25.0,0.01,0.0,7.6,1000,5092,6944,01:41:00,6060,1720684768.3565118
2024-07-11 09:59:28,5.08,0.661,3.357,25.0,0.01,0.0,7.6,1000,5092,6944,01:41:00,6060,1720684768.6973426
2024-07-11 09:59:29,5.08,0.654,3.322,25.0,0.01,0.0,7.7,1000,5092,6944,01:41:00,6060,1720684769.0389693
2024-07-11 09:59:29,5.08,0.654,3.322,25.0,0.01,0.0,7.7,1000,5093,6945,01:41:01,6061,1720684769.3799534
2024-07-11 09:59:29,5.08,0.657,3.337,25.0,0.01,0.0,7.7,1000,5093,6945,01:41:01,6061,1720684769.721403
2024-07-11 09:59:30,5.08,0.648,3.291,25.0,0.01,0.0,7.8,1000,5093,6945,01:41:01,6061,1720684770.0626264
2024-07-11 09:59:30,5.08,0.648,3.291,25.0,0.01,0.0,7.8,1000,5094,6946,01:41:02,6062,1720684770.4037364
2024-07-11 09:59:30,5.08,0.648,3.291,25.0,0.01,0.0,7.8,1000,5094,6946,01:41:02,6062,1720684770.745199
2024-07-11 09:59:31,5.08,0.648,3.291,25.0,0.01,0.0,7.8,1000,5094,6946,01:41:03,6063,1720684771.1189468
2024-07-11 09:59:31,5.07,0.667,3.381,25.0,0.01,0.0,7.6,1000,5095,6947,01:41:03,6063,1720684771.427368
2024-07-11 09:59:31,5.08,0.668,3.393,25.0,0.01,0.0,7.6,1000,5095,6947,01:41:03,6063,1720684771.7689898
2024-07-11 09:59:32,5.08,0.668,3.393,25.0,0.01,0.0,7.6,1000,5095,6947,01:41:04,6064,1720684772.1102383
2024-07-11 09:59:32,5.07,0.672,3.407,25.0,0.01,0.0,7.5,1001,5096,6948,01:41:04,6064,1720684772.4508376
2024-07-11 09:59:32,5.08,0.658,3.342,25.0,0.01,0.0,7.7,1001,5096,6948,01:41:04,6064,1720684772.7921965
2024-07-11 09:59:33,5.08,0.658,3.342,25.0,0.01,0.0,7.7,1001,5096,6948,01:41:05,6065,1720684773.1333823
2024-07-11 09:59:33,5.07,0.68,3.447,25.0,0.01,0.0,7.4,1001,5097,6949,01:41:05,6065,1720684773.4750743
2024-07-11 09:59:33,5.07,0.68,3.447,25.0,0.01,0.0,7.4,1001,5097,6949,01:41:05,6065,1720684773.8164673
2024-07-11 09:59:34,5.07,0.67,3.396,25.0,0.01,0.0,7.5,1001,5097,6949,01:41:06,6066,1720684774.1575186
2024-07-11 09:59:34,5.08,0.658,3.342,25.0,0.01,0.0,7.7,1001,5098,6950,01:41:06,6066,1720684774.4990048
2024-07-11 09:59:34,5.08,0.658,3.342,25.0,0.01,0.0,7.7,1001,5098,6950,01:41:06,6066,1720684774.8400724
2024-07-11 09:59:35,5.08,0.666,3.383,25.0,0.01,0.0,7.6,1001,5098,6950,01:41:07,6067,1720684775.1813233
2024-07-11 09:59:35,5.07,0.685,3.472,25.0,0.01,0.0,7.4,1001,5099,6951,01:41:07,6067,1720684775.5228276
2024-07-11 09:59:35,5.07,0.685,3.472,25.0,0.01,0.0,7.4,1001,5099,6951,01:41:07,6067,1720684775.8639936
2024-07-11 09:59:36,5.07,0.669,3.391,25.0,0.01,0.0,7.5,1001,5099,6951,01:41:08,6068,1720684776.2375913
2024-07-11 09:59:36,5.07,0.669,3.391,25.0,0.01,0.0,7.5,1001,5100,6952,01:41:08,6068,1720684776.5464623
2024-07-11 09:59:36,5.08,0.659,3.347,25.0,0.01,0.0,7.7,1001,5100,6952,01:41:08,6068,1720684776.8877475
2024-07-11 09:59:37,5.08,0.655,3.327,25.0,0.01,0.0,7.7,1001,5100,6952,01:41:09,6069,1720684777.2314718
2024-07-11 09:59:37,5.08,0.655,3.327,25.0,0.01,0.0,7.7,1002,5101,6953,01:41:09,6069,1720684777.569
2024-07-11 09:59:37,5.08,0.659,3.347,25.0,0.01,0.0,7.7,1002,5101,6953,01:41:09,6069,1720684777.910137
2024-07-11 09:59:38,5.08,0.648,3.291,25.0,0.01,0.0,7.8,1002,5101,6953,01:41:10,6070,1720684778.2511268
2024-07-11 09:59:38,5.08,0.648,3.291,25.0,0.01,0.0,7.8,1002,5102,6954,01:41:10,6070,1720684778.5927336
2024-07-11 09:59:38,5.08,0.657,3.337,25.0,0.01,0.0,7.7,1002,5102,6954,01:41:10,6070,1720684778.9339879
2024-07-11 09:59:39,5.08,0.657,3.337,25.0,0.01,0.0,7.7,1002,5102,6955,01:41:11,6071,1720684779.275115
2024-07-11 09:59:39,5.08,0.659,3.347,25.0,0.01,0.0,7.7,1002,5102,6955,01:41:11,6071,1720684779.6163418
2024-07-11 09:59:39,5.07,0.675,3.422,25.0,0.01,0.0,7.5,1002,5102,6955,01:41:11,6071,1720684779.9577396
2024-07-11 09:59:40,5.07,0.675,3.422,25.0,0.01,0.0,7.5,1002,5103,6956,01:41:12,6072,1720684780.2989955
2024-07-11 09:59:40,5.08,0.668,3.393,25.0,0.0,0.0,7.6,1002,5103,6956,01:41:12,6072,1720684780.6402023
2024-07-11 09:59:40,5.08,0.664,3.373,25.0,0.0,0.0,7.6,1002,5103,6956,01:41:12,6072,1720684780.9810286
2024-07-11 09:59:41,5.08,0.664,3.373,25.0,0.0,0.0,7.6,1002,5104,6957,01:41:13,6073,1720684781.3227267
2024-07-11 09:59:41,5.07,0.679,3.442,25.0,0.0,0.0,7.4,1002,5104,6957,01:41:13,6073,1720684781.6651418
2024-07-11 09:59:42,5.07,0.679,3.442,25.0,0.0,0.0,7.4,1002,5104,6957,01:41:13,6073,1720684782.005142
2024-07-11 09:59:42,5.07,0.671,3.401,25.0,0.0,0.0,7.5,1002,5105,6958,01:41:14,6074,1720684782.3477354
2024-07-11 09:59:42,5.08,0.663,3.368,25.0,0.0,0.0,7.6,1002,5105,6958,01:41:14,6074,1720684782.6876965
2024-07-11 09:59:43,5.08,0.663,3.368,25.0,0.0,0.0,7.6,1002,5105,6958,01:41:14,6074,1720684783.0294988
2024-07-11 09:59:43,5.08,0.67,3.403,25.0,0.0,0.0,7.5,1003,5106,6959,01:41:15,6075,1720684783.3689253
2024-07-11 09:59:43,5.07,0.681,3.452,25.0,0.0,0.0,7.4,1003,5106,6959,01:41:15,6075,1720684783.7102642
2024-07-11 09:59:44,5.07,0.681,3.452,25.0,0.0,0.0,7.4,1003,5106,6959,01:41:15,6075,1720684784.0514858
2024-07-11 09:59:44,5.08,0.667,3.388,25.0,0.0,0.0,7.6,1003,5107,6960,01:41:16,6076,1720684784.3931108
2024-07-11 09:59:44,5.08,0.667,3.388,25.0,0.0,0.0,7.6,1003,5107,6960,01:41:16,6076,1720684784.7338285
2024-07-11 09:59:45,5.08,0.66,3.352,25.0,0.0,0.0,7.6,1003,5107,6960,01:41:16,6076,1720684785.0752695
2024-07-11 09:59:45,5.08,0.653,3.317,25.0,0.0,0.0,7.7,1003,5108,6961,01:41:17,6077,1720684785.4159954
2024-07-11 09:59:45,5.08,0.653,3.317,25.0,0.0,0.0,7.7,1003,5108,6961,01:41:17,6077,1720684785.7575788
2024-07-11 09:59:46,5.08,0.66,3.352,25.0,0.0,0.0,7.6,1003,5108,6961,01:41:17,6077,1720684786.099043
2024-07-11 09:59:46,5.08,0.662,3.362,25.0,0.0,0.0,7.6,1003,5109,6962,01:41:18,6078,1720684786.4403331
2024-07-11 09:59:46,5.08,0.662,3.362,25.0,0.0,0.0,7.6,1003,5109,6962,01:41:18,6078,1720684786.7814312
2024-07-11 09:59:47,5.08,0.662,3.362,25.0,0.0,0.0,7.6,1003,5109,6962,01:41:19,6079,1720684787.1243677
2024-07-11 09:59:47,5.08,0.662,3.362,25.0,0.0,0.0,7.6,1003,5110,6963,01:41:19,6079,1720684787.4664412
2024-07-11 09:59:47,5.08,0.653,3.317,25.0,0.0,0.0,7.7,1003,5110,6963,01:41:19,6079,1720684787.805256
2024-07-11 09:59:48,5.08,0.676,3.434,25.0,0.0,0.0,7.5,1003,5110,6963,01:41:20,6080,1720684788.1465042
2024-07-11 09:59:48,5.08,0.676,3.434,25.0,0.0,0.0,7.5,1004,5111,6964,01:41:20,6080,1720684788.490256
2024-07-11 09:59:48,5.08,0.672,3.413,25.0,0.0,0.0,7.5,1004,5111,6964,01:41:20,6080,1720684788.8290641
2024-07-11 09:59:49,5.08,0.663,3.368,25.0,0.0,0.0,7.6,1004,5111,6964,01:41:21,6081,1720684789.1702945
2024-07-11 09:59:49,5.08,0.663,3.368,25.0,0.0,0.0,7.6,1004,5112,6965,01:41:21,6081,1720684789.5103047
2024-07-11 09:59:49,5.08,0.668,3.393,25.0,0.0,0.0,7.6,1004,5112,6965,01:41:21,6081,1720684789.8506083
2024-07-11 09:59:50,5.08,0.668,3.393,25.0,0.0,0.0,7.6,1004,5112,6965,01:41:22,6082,1720684790.1928155
2024-07-11 09:59:50,5.07,0.68,3.447,25.0,0.0,0.0,7.4,1004,5113,6966,01:41:22,6082,1720684790.5368621
2024-07-11 09:59:50,5.08,0.67,3.403,25.0,0.0,0.0,7.5,1004,5113,6966,01:41:22,6082,1720684790.8753023
2024-07-11 09:59:51,5.08,0.67,3.403,25.0,0.0,0.0,7.5,1004,5113,6966,01:41:23,6083,1720684791.2188165
2024-07-11 09:59:51,5.08,0.66,3.352,25.0,0.0,0.0,7.6,1004,5114,6967,01:41:23,6083,1720684791.5603242
2024-07-11 09:59:51,5.07,0.68,3.447,25.0,0.0,0.0,7.4,1004,5114,6967,01:41:23,6083,1720684791.8985982
2024-07-11 09:59:52,5.07,0.68,3.447,25.0,0.0,0.0,7.4,1004,5115,6968,01:41:24,6084,1720684792.2409937
2024-07-11 09:59:52,5.08,0.668,3.393,25.0,0.0,0.0,7.6,1004,5115,6968,01:41:24,6084,1720684792.5878432
2024-07-11 09:59:52,5.08,0.668,3.393,25.0,0.0,0.0,7.6,1004,5115,6968,01:41:24,6084,1720684792.9218888
2024-07-11 09:59:53,5.08,0.653,3.317,25.0,0.0,0.0,7.7,1005,5116,6969,01:41:25,6085,1720684793.2633634
2024-07-11 09:59:53,5.08,0.649,3.296,25.0,0.0,0.0,7.8,1005,5116,6969,01:41:25,6085,1720684793.6102629
2024-07-11 09:59:53,5.08,0.649,3.296,25.0,0.0,0.0,7.8,1005,5116,6969,01:41:25,6085,1720684793.9465435
2024-07-11 09:59:54,5.08,0.66,3.352,25.0,0.0,0.0,7.6,1005,5117,6970,01:41:26,6086,1720684794.2877803
2024-07-11 09:59:54,5.08,0.663,3.368,25.0,0.0,0.0,7.6,1005,5117,6970,01:41:26,6086,1720684794.6290414
2024-07-11 09:59:54,5.08,0.663,3.368,25.0,0.0,0.0,7.6,1005,5117,6970,01:41:26,6086,1720684794.9702785
2024-07-11 09:59:55,5.08,0.661,3.357,25.0,0.0,0.0,7.6,1005,5118,6971,01:41:27,6087,1720684795.3127708
2024-07-11 09:59:55,5.08,0.661,3.357,25.0,0.0,0.0,7.6,1005,5118,6971,01:41:27,6087,1720684795.656522
2024-07-11 09:59:55,5.08,0.658,3.342,25.0,0.0,0.0,7.7,1005,5118,6971,01:41:27,6087,1720684795.9952931
2024-07-11 09:59:56,5.07,0.679,3.442,25.0,0.0,0.0,7.4,1005,5118,6972,01:41:28,6088,1720684796.3365114
2024-07-11 09:59:56,5.07,0.679,3.442,25.0,0.0,0.0,7.4,1005,5118,6972,01:41:28,6088,1720684796.6796932
2024-07-11 09:59:57,5.08,0.669,3.398,25.0,0.0,0.0,7.5,1005,5118,6972,01:41:28,6088,1720684797.0190358
2024-07-11 09:59:57,5.08,0.658,3.342,25.0,0.0,0.0,7.7,1005,5119,6973,01:41:29,6089,1720684797.3604684
2024-07-11 09:59:57,5.08,0.658,3.342,25.0,0.0,0.0,7.7,1005,5119,6973,01:41:29,6089,1720684797.707838
2024-07-11 09:59:58,5.08,0.67,3.403,25.0,0.0,0.0,7.5,1005,5119,6973,01:41:29,6089,1720684798.0426898
2024-07-11 09:59:58,5.08,0.67,3.403,25.0,0.0,0.0,7.5,1005,5120,6974,01:41:30,6090,1720684798.386526
2024-07-11 09:59:58,5.07,0.681,3.452,25.0,0.0,0.0,7.4,1005,5120,6974,01:41:30,6090,1720684798.7290688
2024-07-11 09:59:59,5.08,0.669,3.398,25.0,0.0,0.0,7.5,1005,5120,6974,01:41:30,6090,1720684799.0665298
2024-07-11 09:59:59,5.08,0.669,3.398,25.0,0.0,0.0,7.5,1006,5121,6975,01:41:31,6091,1720684799.4060726
2024-07-11 09:59:59,5.08,0.663,3.368,25.0,0.0,0.0,7.6,1006,5121,6975,01:41:31,6091,1720684799.74783
2024-07-11 10:00:00,5.07,0.681,3.452,25.0,0.0,0.0,7.4,1006,5121,6975,01:41:31,6091,1720684800.0888813
2024-07-11 10:00:00,5.07,0.681,3.452,25.0,0.0,0.0,7.4,1006,5122,6976,01:41:32,6092,1720684800.4303315
2024-07-11 10:00:00,5.08,0.665,3.378,25.0,0.0,0.0,7.6,1006,5122,6976,01:41:32,6092,1720684800.771612
2024-07-11 10:00:01,5.08,0.665,3.378,25.0,0.0,0.0,7.6,1006,5122,6976,01:41:33,6093,1720684801.1128018
2024-07-11 10:00:01,5.08,0.65,3.302,25.0,0.0,0.0,7.8,1006,5123,6977,01:41:33,6093,1720684801.4540808
2024-07-11 10:00:01,5.08,0.66,3.352,25.0,0.0,0.0,7.6,1006,5123,6977,01:41:33,6093,1720684801.8003118
2024-07-11 10:00:02,5.08,0.66,3.352,25.0,0.0,0.0,7.6,1006,5123,6977,01:41:34,6094,1720684802.1365523
2024-07-11 10:00:02,5.08,0.649,3.296,25.0,0.0,0.0,7.8,1006,5124,6978,01:41:34,6094,1720684802.4805844
2024-07-11 10:00:02,5.08,0.661,3.357,25.0,0.0,0.0,7.6,1006,5124,6978,01:41:34,6094,1720684802.827829
2024-07-11 10:00:03,5.08,0.661,3.357,25.0,0.0,0.0,7.6,1006,5124,6978,01:41:35,6095,1720684803.1602988
2024-07-11 10:00:03,5.08,0.672,3.413,25.0,0.0,0.0,7.5,1006,5125,6979,01:41:35,6095,1720684803.5007124
2024-07-11 10:00:03,5.08,0.672,3.413,25.0,0.0,0.0,7.5,1006,5125,6979,01:41:35,6095,1720684803.844082
2024-07-11 10:00:04,5.08,0.663,3.368,25.0,0.0,0.0,7.6,1006,5125,6979,01:41:36,6096,1720684804.182938
2024-07-11 10:00:04,5.07,0.671,3.401,25.0,0.0,0.0,7.5,1007,5126,6980,01:41:36,6096,1720684804.5240695
2024-07-11 10:00:04,5.07,0.671,3.401,25.0,0.0,0.0,7.5,1007,5126,6980,01:41:36,6096,1720684804.8678143
2024-07-11 10:00:05,5.07,0.673,3.412,25.0,0.0,0.0,7.5,1007,5126,6980,01:41:37,6097,1720684805.206535
2024-07-11 10:00:05,5.07,0.674,3.417,25.0,0.0,0.0,7.5,1007,5127,6981,01:41:37,6097,1720684805.547808
2024-07-11 10:00:05,5.07,0.674,3.417,25.0,0.0,0.0,7.5,1007,5127,6981,01:41:37,6097,1720684805.8910758
2024-07-11 10:00:06,5.08,0.656,3.332,25.0,0.0,0.0,7.7,1007,5128,6982,01:41:38,6098,1720684806.2303174
2024-07-11 10:00:06,5.08,0.656,3.332,25.0,0.0,0.0,7.7,1007,5128,6982,01:41:38,6098,1720684806.5740952
2024-07-11 10:00:06,5.07,0.673,3.412,25.0,0.01,0.0,7.5,1007,5128,6982,01:41:38,6098,1720684806.914031
2024-07-11 10:00:07,5.07,0.671,3.401,25.0,0.01,0.0,7.5,1007,5129,6983,01:41:39,6099,1720684807.2540498
2024-07-11 10:00:07,5.07,0.671,3.401,25.0,0.01,0.0,7.5,1007,5129,6983,01:41:39,6099,1720684807.5979054
2024-07-11 10:00:07,5.07,0.669,3.391,25.0,0.01,0.0,7.5,1007,5129,6983,01:41:39,6099,1720684807.945318
2024-07-11 10:00:08,5.08,0.657,3.337,25.0,0.01,0.0,7.7,1007,5130,6984,01:41:40,6100,1720684808.2778175
2024-07-11 10:00:08,5.08,0.657,3.337,25.0,0.01,0.0,7.7,1007,5130,6984,01:41:40,6100,1720684808.6190858
2024-07-11 10:00:08,5.07,0.661,3.351,25.0,0.01,0.0,7.6,1007,5130,6984,01:41:40,6100,1720684808.9690912
2024-07-11 10:00:09,5.07,0.661,3.351,25.0,0.01,0.0,7.6,1007,5131,6985,01:41:41,6101,1720684809.3015628
2024-07-11 10:00:09,5.08,0.658,3.342,25.0,0.01,0.0,7.7,1007,5131,6985,01:41:41,6101,1720684809.6427262
2024-07-11 10:00:09,5.08,0.661,3.357,25.0,0.01,0.0,7.6,1007,5131,6985,01:41:41,6101,1720684809.992693
2024-07-11 10:00:10,5.08,0.661,3.357,25.0,0.01,0.0,7.6,1008,5132,6986,01:41:42,6102,1720684810.3250828
2024-07-11 10:00:10,5.08,0.658,3.342,25.0,0.01,0.0,7.7,1008,5132,6986,01:41:42,6102,1720684810.6666028
2024-07-11 10:00:11,5.07,0.68,3.447,25.0,0.01,0.0,7.4,1008,5132,6986,01:41:42,6102,1720684811.016572
2024-07-11 10:00:11,5.07,0.68,3.447,25.0,0.01,0.0,7.4,1008,5133,6987,01:41:43,6103,1720684811.34908
2024-07-11 10:00:11,5.07,0.677,3.432,25.0,0.01,0.0,7.4,1008,5133,6987,01:41:43,6103,1720684811.6903303
2024-07-11 10:00:12,5.07,0.677,3.432,25.0,0.01,0.0,7.4,1008,5133,6987,01:41:43,6103,1720684812.0740852
2024-07-11 10:00:12,5.08,0.662,3.362,25.0,0.01,0.0,7.6,1008,5134,6988,01:41:44,6104,1720684812.372905
2024-07-11 10:00:12,5.07,0.667,3.381,25.0,0.01,0.0,7.6,1008,5134,6988,01:41:44,6104,1720684812.7182775
2024-07-11 10:00:13,5.07,0.667,3.381,25.0,0.01,0.0,7.6,1008,5134,6988,01:41:44,6104,1720684813.0603297
2024-07-11 10:00:13,5.07,0.67,3.396,25.0,0.01,0.0,7.5,1008,5134,6989,01:41:45,6105,1720684813.3966134
2024-07-11 10:00:13,5.07,0.669,3.391,25.0,0.01,0.0,7.5,1008,5134,6989,01:41:45,6105,1720684813.737549
2024-07-11 10:00:14,5.07,0.669,3.391,25.0,0.01,0.0,7.5,1008,5134,6989,01:41:45,6105,1720684814.082803
2024-07-11 10:00:14,5.07,0.67,3.396,25.0,0.01,0.0,7.5,1008,5135,6990,01:41:46,6106,1720684814.420303
2024-07-11 10:00:14,5.07,0.67,3.396,25.0,0.01,0.0,7.5,1008,5135,6990,01:41:46,6106,1720684814.7615583
2024-07-11 10:00:15,5.07,0.666,3.376,25.0,0.01,0.0,7.6,1008,5135,6990,01:41:47,6107,1720684815.106188
2024-07-11 10:00:15,5.07,0.667,3.381,25.0,0.01,0.0,7.6,1009,5136,6991,01:41:47,6107,1720684815.4440827
2024-07-11 10:00:15,5.07,0.667,3.381,25.0,0.01,0.0,7.6,1009,5136,6991,01:41:47,6107,1720684815.7853432
2024-07-11 10:00:16,5.08,0.626,3.18,25.0,0.01,0.0,8.1,1009,5136,6991,01:41:48,6108,1720684816.1340864
2024-07-11 10:00:16,5.07,0.678,3.437,25.0,0.01,0.0,7.4,1009,5137,6992,01:41:48,6108,1720684816.4677942
2024-07-11 10:00:16,5.07,0.678,3.437,25.0,0.01,0.0,7.4,1009,5137,6992,01:41:48,6108,1720684816.8090918
2024-07-11 10:00:17,5.07,0.67,3.396,25.0,0.01,0.0,7.5,1009,5137,6992,01:41:49,6109,1720684817.1531885
2024-07-11 10:00:17,5.07,0.67,3.396,25.0,0.01,0.0,7.5,1009,5138,6993,01:41:49,6109,1720684817.490315
2024-07-11 10:00:17,5.07,0.676,3.427,25.0,0.01,0.0,7.5,1009,5138,6993,01:41:49,6109,1720684817.838113
2024-07-11 10:00:18,5.08,0.665,3.378,25.0,0.01,0.0,7.6,1009,5138,6993,01:41:50,6110,1720684818.1790879
2024-07-11 10:00:18,5.08,0.665,3.378,25.0,0.01,0.0,7.6,1009,5139,6994,01:41:50,6110,1720684818.5140903
2024-07-11 10:00:18,5.08,0.675,3.429,25.0,0.01,0.0,7.5,1009,5139,6994,01:41:50,6110,1720684818.8546152
2024-07-11 10:00:19,5.07,0.676,3.427,25.0,0.0,0.0,7.5,1009,5140,6995,01:41:51,6111,1720684819.2053528
2024-07-11 10:00:19,5.07,0.676,3.427,25.0,0.0,0.0,7.5,1009,5140,6995,01:41:51,6111,1720684819.5376732
2024-07-11 10:00:19,5.08,0.658,3.342,25.0,0.0,0.0,7.7,1009,5140,6995,01:41:51,6111,1720684819.8789313
2024-07-11 10:00:20,5.08,0.658,3.342,25.0,0.0,0.0,7.7,1010,5141,6996,01:41:52,6112,1720684820.2283218
2024-07-11 10:00:20,5.08,0.66,3.352,25.0,0.0,0.0,7.6,1010,5141,6996,01:41:52,6112,1720684820.5606518
2024-07-11 10:00:20,5.07,0.672,3.407,25.0,0.01,0.0,7.5,1010,5141,6996,01:41:52,6112,1720684820.9027607
2024-07-11 10:00:21,5.07,0.672,3.407,25.0,0.01,0.0,7.5,1010,5142,6997,01:41:53,6113,1720684821.252653
2024-07-11 10:00:21,5.07,0.715,3.625,25.0,0.01,0.0,7.0,1010,5142,6997,01:41:53,6113,1720684821.5849018
2024-07-11 10:00:21,5.07,0.7,3.549,25.0,0.01,0.0,7.2,1010,5142,6997,01:41:53,6113,1720684821.9261389
2024-07-11 10:00:22,5.07,0.7,3.549,25.0,0.01,0.0,7.2,1010,5143,6998,01:41:54,6114,1720684822.271752
2024-07-11 10:00:22,5.07,0.667,3.381,25.0,0.01,0.0,7.6,1010,5143,6998,01:41:54,6114,1720684822.608404
2024-07-11 10:00:22,5.07,0.667,3.381,25.0,0.01,0.0,7.6,1010,5143,6998,01:41:54,6114,1720684822.9581013
2024-07-11 10:00:23,5.08,0.667,3.388,25.0,0.01,0.0,7.6,1010,5144,6999,01:41:55,6115,1720684823.2977288
2024-07-11 10:00:23,5.07,0.673,3.412,25.0,0.01,0.0,7.5,1010,5144,6999,01:41:55,6115,1720684823.6327453
2024-07-11 10:00:23,5.07,0.673,3.412,25.0,0.01,0.0,7.5,1010,5144,6999,01:41:55,6115,1720684823.9735491
2024-07-11 10:00:24,5.08,0.657,3.337,25.0,0.01,0.0,7.7,1010,5145,7000,01:41:56,6116,1720684824.3146389
2024-07-11 10:00:24,5.08,0.651,3.307,25.0,0.01,0.0,7.8,1010,5145,7000,01:41:56,6116,1720684824.6565988
2024-07-11 10:00:25,5.08,0.651,3.307,25.0,0.01,0.0,7.8,1010,5145,7000,01:41:56,6116,1720684825.0002327
2024-07-11 10:00:25,5.08,0.668,3.393,25.0,0.01,0.0,7.6,1010,5146,7001,01:41:57,6117,1720684825.3387465
2024-07-11 10:00:25,5.08,0.668,3.393,25.0,0.01,0.0,7.6,1010,5146,7001,01:41:57,6117,1720684825.6802447
2024-07-11 10:00:26,5.08,0.665,3.378,25.0,0.01,0.0,7.6,1010,5146,7001,01:41:57,6117,1720684826.021599
2024-07-11 10:00:26,5.05,0.82,4.141,25.0,0.01,0.0,6.1,1011,5147,7002,01:41:58,6118,1720684826.3628163
2024-07-11 10:00:26,5.05,0.82,4.141,25.0,0.01,0.0,6.1,1011,5147,7002,01:41:58,6118,1720684826.7041264
2024-07-11 10:00:27,5.08,0.67,3.403,25.0,0.01,0.0,7.5,1011,5147,7002,01:41:58,6118,1720684827.0453517
2024-07-11 10:00:27,5.08,0.667,3.388,25.0,0.01,0.0,7.6,1011,5148,7003,01:41:59,6119,1720684827.3860502
2024-07-11 10:00:27,5.08,0.667,3.388,25.0,0.01,0.0,7.6,1011,5148,7003,01:41:59,6119,1720684827.7278879
2024-07-11 10:00:28,5.08,0.647,3.286,25.0,0.01,0.0,7.8,1011,5148,7003,01:41:59,6119,1720684828.0781102
2024-07-11 10:00:28,5.08,0.647,3.286,25.0,0.01,0.0,7.8,1011,5149,7004,01:42:00,6120,1720684828.410091
2024-07-11 10:00:28,5.08,0.651,3.307,25.0,0.01,0.0,7.8,1011,5149,7004,01:42:00,6120,1720684828.7509062
2024-07-11 10:00:29,5.08,0.658,3.342,25.0,0.01,0.0,7.7,1011,5149,7004,01:42:00,6120,1720684829.0928407
2024-07-11 10:00:29,5.08,0.658,3.342,25.0,0.01,0.0,7.7,1011,5149,7005,01:42:01,6121,1720684829.4339533
2024-07-11 10:00:29,5.08,0.659,3.347,25.0,0.01,0.0,7.7,1011,5149,7005,01:42:01,6121,1720684829.7753448
2024-07-11 10:00:30,5.07,0.671,3.401,25.0,0.01,0.0,7.5,1011,5149,7005,01:42:02,6122,1720684830.1166205
2024-07-11 10:00:30,5.07,0.671,3.401,25.0,0.01,0.0,7.5,1011,5150,7006,01:42:02,6122,1720684830.4566345
2024-07-11 10:00:30,5.07,0.702,3.559,25.0,0.01,0.0,7.2,1011,5150,7006,01:42:02,6122,1720684830.7974088
2024-07-11 10:00:31,5.07,0.702,3.559,25.0,0.01,0.0,7.2,1011,5150,7006,01:42:03,6123,1720684831.1391048
2024-07-11 10:00:31,5.07,0.723,3.665,25.0,0.01,0.0,7.0,1012,5151,7007,01:42:03,6123,1720684831.480417
2024-07-11 10:00:31,5.08,0.645,3.276,25.0,0.01,0.0,7.8,1012,5151,7007,01:42:03,6123,1720684831.8209105
2024-07-11 10:00:32,5.08,0.645,3.276,25.0,0.01,0.0,7.8,1012,5152,7008,01:42:04,6124,1720684832.1630259
2024-07-11 10:00:32,5.08,0.654,3.322,25.0,0.01,0.0,7.7,1012,5152,7008,01:42:04,6124,1720684832.5041435
2024-07-11 10:00:32,5.08,0.667,3.388,25.0,0.01,0.0,7.6,1012,5152,7008,01:42:04,6124,1720684832.8453946
2024-07-11 10:00:33,5.08,0.667,3.388,25.0,0.01,0.0,7.6,1012,5153,7009,01:42:05,6125,1720684833.200716
2024-07-11 10:00:33,5.07,0.681,3.452,25.0,0.0,0.0,7.4,1012,5153,7009,01:42:05,6125,1720684833.5279224
2024-07-11 10:00:33,5.07,0.681,3.452,25.0,0.0,0.0,7.4,1012,5153,7009,01:42:05,6125,1720684833.8691561
2024-07-11 10:00:34,5.07,0.685,3.472,25.0,0.0,0.0,7.4,1012,5154,7010,01:42:06,6126,1720684834.2097712
2024-07-11 10:00:34,5.07,0.682,3.457,25.0,0.0,0.0,7.4,1012,5154,7010,01:42:06,6126,1720684834.553868
2024-07-11 10:00:34,5.07,0.682,3.457,25.0,0.0,0.0,7.4,1012,5154,7010,01:42:06,6126,1720684834.8916147
2024-07-11 10:00:35,5.07,0.699,3.543,25.0,0.0,0.0,7.2,1012,5155,7011,01:42:07,6127,1720684835.23285
2024-07-11 10:00:35,5.07,0.681,3.452,25.0,0.0,0.0,7.4,1012,5155,7011,01:42:07,6127,1720684835.5738916
2024-07-11 10:00:35,5.07,0.681,3.452,25.0,0.0,0.0,7.4,1012,5155,7011,01:42:07,6127,1720684835.9148762
2024-07-11 10:00:36,5.07,0.685,3.472,25.0,0.0,0.0,7.4,1013,5156,7012,01:42:08,6128,1720684836.2565992
2024-07-11 10:00:36,5.07,0.685,3.472,25.0,0.0,0.0,7.4,1013,5156,7012,01:42:08,6128,1720684836.5975838
2024-07-11 10:00:36,5.08,0.634,3.22,25.0,0.0,0.0,8.0,1013,5156,7012,01:42:08,6128,1720684836.939161
2024-07-11 10:00:37,5.07,0.671,3.401,25.0,0.0,0.0,7.5,1013,5157,7013,01:42:09,6129,1720684837.280389
2024-07-11 10:00:37,5.07,0.671,3.401,25.0,0.0,0.0,7.5,1013,5157,7013,01:42:09,6129,1720684837.621151
2024-07-11 10:00:37,5.08,0.651,3.307,25.0,0.0,0.0,7.8,1013,5157,7013,01:42:09,6129,1720684837.962482
2024-07-11 10:00:38,5.08,0.647,3.286,25.0,0.0,0.0,7.8,1013,5158,7014,01:42:10,6130,1720684838.3179355
2024-07-11 10:00:38,5.08,0.647,3.286,25.0,0.0,0.0,7.8,1013,5158,7014,01:42:10,6130,1720684838.6454241
2024-07-11 10:00:38,5.08,0.626,3.18,25.0,0.0,0.0,8.1,1013,5158,7014,01:42:10,6130,1720684838.9865968
2024-07-11 10:00:39,5.08,0.626,3.18,25.0,0.0,0.0,8.1,1013,5159,7015,01:42:11,6131,1720684839.3279204
2024-07-11 10:00:39,5.1,0.499,2.544,25.0,0.0,0.0,10.2,1013,5159,7015,01:42:11,6131,1720684839.6691477
2024-07-11 10:00:40,5.1,0.508,2.59,25.0,0.0,0.0,10.0,1013,5159,7015,01:42:11,6131,1720684840.0104215
2024-07-11 10:00:40,5.1,0.508,2.59,25.0,0.0,0.0,10.0,1013,5160,7016,01:42:12,6132,1720684840.3495078
2024-07-11 10:00:40,5.1,0.517,2.636,25.0,0.0,0.0,9.8,1013,5160,7016,01:42:12,6132,1720684840.6915917
2024-07-11 10:00:41,5.1,0.523,2.667,25.0,0.0,0.0,9.7,1013,5160,7016,01:42:12,6132,1720684841.0319266
2024-07-11 10:00:41,5.1,0.523,2.667,25.0,0.0,0.0,9.7,1013,5160,7017,01:42:13,6133,1720684841.3741808
2024-07-11 10:00:41,5.1,0.504,2.57,25.0,0.0,0.0,10.1,1013,5160,7017,01:42:13,6133,1720684841.7154236
2024-07-11 10:00:42,5.1,0.504,2.57,25.0,0.0,0.0,10.1,1013,5160,7017,01:42:13,6133,1720684842.0554204
2024-07-11 10:00:42,5.08,0.608,3.088,25.0,0.0,0.0,8.3,1013,5161,7018,01:42:14,6134,1720684842.3966331
2024-07-11 10:00:42,5.07,0.686,3.478,25.0,0.0,0.0,7.3,1013,5161,7018,01:42:14,6134,1720684842.7377105
2024-07-11 10:00:43,5.07,0.686,3.478,25.0,0.0,0.0,7.3,1013,5161,7018,01:42:14,6134,1720684843.0791276
2024-07-11 10:00:43,5.08,0.662,3.362,25.0,0.0,0.0,7.6,1014,5162,7019,01:42:15,6135,1720684843.437922
2024-07-11 10:00:43,5.08,0.661,3.357,25.0,0.0,0.0,7.6,1014,5162,7019,01:42:15,6135,1720684843.764118
2024-07-11 10:00:44,5.08,0.661,3.357,25.0,0.0,0.0,7.6,1014,5162,7019,01:42:15,6135,1720684844.1015685
2024-07-11 10:00:44,5.08,0.67,3.403,25.0,0.0,0.0,7.5,1014,5163,7020,01:42:16,6136,1720684844.4425588
2024-07-11 10:00:44,5.08,0.67,3.403,25.0,0.0,0.0,7.5,1014,5163,7020,01:42:16,6136,1720684844.7841294
2024-07-11 10:00:45,5.07,0.68,3.447,25.0,0.0,0.0,7.4,1014,5163,7020,01:42:17,6137,1720684845.1254313
2024-07-11 10:00:45,5.08,0.659,3.347,25.0,0.0,0.0,7.7,1014,5164,7021,01:42:17,6137,1720684845.4666324
2024-07-11 10:00:45,5.08,0.659,3.347,25.0,0.0,0.0,7.7,1014,5164,7021,01:42:17,6137,1720684845.8066237
2024-07-11 10:00:46,5.1,0.509,2.595,25.0,0.0,0.0,10.0,1014,5165,7022,01:42:18,6138,1720684846.1479442
2024-07-11 10:00:46,5.1,0.502,2.56,25.0,0.0,0.0,10.1,1014,5165,7022,01:42:18,6138,1720684846.491678
2024-07-11 10:00:46,5.1,0.502,2.56,25.0,0.0,0.0,10.1,1014,5165,7022,01:42:18,6138,1720684846.8304374
2024-07-11 10:00:47,5.1,0.505,2.575,25.0,0.0,0.0,10.0,1014,5166,7023,01:42:19,6139,1720684847.1704369
2024-07-11 10:00:47,5.1,0.505,2.575,25.0,0.0,0.0,10.0,1014,5166,7023,01:42:19,6139,1720684847.5116515
2024-07-11 10:00:47,5.1,0.526,2.682,25.0,0.01,0.0,9.6,1014,5166,7023,01:42:19,6139,1720684847.8540409
2024-07-11 10:00:48,5.1,0.518,2.641,25.0,0.01,0.0,9.8,1015,5166,7024,01:42:20,6140,1720684848.1940787
2024-07-11 10:00:48,5.1,0.518,2.641,25.0,0.01,0.0,9.8,1015,5166,7024,01:42:20,6140,1720684848.5582955
2024-07-11 10:00:48,5.1,0.518,2.641,25.0,0.01,0.0,9.8,1015,5166,7024,01:42:20,6140,1720684848.875434
2024-07-11 10:00:49,5.07,0.687,3.483,25.0,0.01,0.0,7.3,1015,5167,7025,01:42:21,6141,1720684849.2166615
2024-07-11 10:00:49,5.07,0.687,3.483,25.0,0.01,0.0,7.3,1015,5167,7025,01:42:21,6141,1720684849.557921
2024-07-11 10:00:49,5.07,0.674,3.417,25.0,0.01,0.0,7.5,1015,5167,7025,01:42:21,6141,1720684849.8991413
2024-07-11 10:00:50,5.07,0.674,3.417,25.0,0.01,0.0,7.5,1015,5168,7026,01:42:22,6142,1720684850.2391562
2024-07-11 10:00:50,5.07,0.672,3.407,25.0,0.01,0.0,7.5,1015,5168,7026,01:42:22,6142,1720684850.5804248
2024-07-11 10:00:50,5.08,0.653,3.317,25.0,0.01,0.0,7.7,1015,5168,7026,01:42:22,6142,1720684850.9216177
2024-07-11 10:00:51,5.08,0.653,3.317,25.0,0.01,0.0,7.7,1015,5169,7027,01:42:23,6143,1720684851.2622364
2024-07-11 10:00:51,5.07,0.694,3.518,25.0,0.01,0.0,7.3,1015,5169,7027,01:42:23,6143,1720684851.6039734
2024-07-11 10:00:51,5.07,0.706,3.579,25.0,0.01,0.0,7.1,1015,5169,7027,01:42:23,6143,1720684851.9441328
2024-07-11 10:00:52,5.07,0.706,3.579,25.0,0.01,0.0,7.1,1015,5170,7028,01:42:24,6144,1720684852.2854161
2024-07-11 10:00:52,5.08,0.66,3.352,25.0,0.01,0.0,7.6,1015,5170,7028,01:42:24,6144,1720684852.6266453
2024-07-11 10:00:52,5.08,0.66,3.352,25.0,0.01,0.0,7.6,1015,5170,7028,01:42:24,6144,1720684852.9666579
2024-07-11 10:00:53,5.08,0.656,3.332,25.0,0.01,0.0,7.7,1015,5171,7029,01:42:25,6145,1720684853.3091276
2024-07-11 10:00:53,5.07,0.695,3.523,25.0,0.01,0.0,7.2,1015,5171,7029,01:42:25,6145,1720684853.6779435
2024-07-11 10:00:53,5.07,0.695,3.523,25.0,0.01,0.0,7.2,1015,5171,7029,01:42:25,6145,1720684853.9891298
2024-07-11 10:00:54,5.07,0.674,3.417,25.0,0.01,0.0,7.5,1016,5172,7030,01:42:26,6146,1720684854.335717
2024-07-11 10:00:54,5.07,0.686,3.478,25.0,0.01,0.0,7.3,1016,5172,7030,01:42:26,6146,1720684854.6712227
2024-07-11 10:00:55,5.07,0.686,3.478,25.0,0.01,0.0,7.3,1016,5172,7030,01:42:26,6146,1720684855.0127676
2024-07-11 10:00:55,5.07,0.688,3.488,25.0,0.01,0.0,7.3,1016,5173,7031,01:42:27,6147,1720684855.3529477
2024-07-11 10:00:55,5.07,0.688,3.488,25.0,0.01,0.0,7.3,1016,5173,7031,01:42:27,6147,1720684855.694126
2024-07-11 10:00:56,5.07,0.677,3.432,25.0,0.01,0.0,7.4,1016,5173,7031,01:42:27,6147,1720684856.0354211
2024-07-11 10:00:56,5.07,0.675,3.422,25.0,0.01,0.0,7.5,1016,5174,7032,01:42:28,6148,1720684856.3767076
2024-07-11 10:00:56,5.07,0.675,3.422,25.0,0.01,0.0,7.5,1016,5174,7032,01:42:28,6148,1720684856.7161322
2024-07-11 10:00:57,5.09,0.59,3.003,25.0,0.01,0.0,8.6,1016,5174,7032,01:42:28,6148,1720684857.059057
2024-07-11 10:00:57,5.07,0.677,3.432,25.0,0.01,0.0,7.4,1016,5175,7033,01:42:29,6149,1720684857.3988304
2024-07-11 10:00:57,5.07,0.677,3.432,25.0,0.01,0.0,7.4,1016,5175,7033,01:42:29,6149,1720684857.739164
2024-07-11 10:00:58,5.07,0.677,3.432,25.0,0.01,0.0,7.4,1016,5175,7033,01:42:29,6149,1720684858.0794988
2024-07-11 10:00:58,5.07,0.677,3.432,25.0,0.01,0.0,7.4,1016,5175,7034,01:42:30,6150,1720684858.422845
2024-07-11 10:00:58,5.07,0.705,3.574,25.0,0.01,0.0,7.1,1016,5175,7034,01:42:30,6150,1720684858.7617106
2024-07-11 10:00:59,5.07,0.67,3.396,25.0,0.01,0.0,7.5,1017,5176,7035,01:42:30,6150,1720684859.1028433
2024-07-11 10:00:59,5.07,0.67,3.396,25.0,0.01,0.0,7.5,1017,5176,7035,01:42:31,6151,1720684859.4441838
2024-07-11 10:00:59,5.08,0.669,3.398,25.0,0.01,0.0,7.5,1017,5176,7035,01:42:31,6151,1720684859.7854578
2024-07-11 10:01:00,5.08,0.673,3.418,25.0,0.0,0.0,7.5,1017,5177,7036,01:42:32,6152,1720684860.1254141
2024-07-11 10:01:00,5.08,0.673,3.418,25.0,0.0,0.0,7.5,1017,5177,7036,01:42:32,6152,1720684860.4704802
2024-07-11 10:01:00,5.08,0.648,3.291,25.0,0.0,0.0,7.8,1017,5177,7036,01:42:32,6152,1720684860.8079352
2024-07-11 10:01:01,5.08,0.648,3.291,25.0,0.0,0.0,7.8,1017,5178,7037,01:42:33,6153,1720684861.147982
2024-07-11 10:01:01,5.08,0.649,3.296,25.0,0.0,0.0,7.8,1017,5178,7037,01:42:33,6153,1720684861.4970534
2024-07-11 10:01:01,5.08,0.657,3.337,25.0,0.0,0.0,7.7,1017,5178,7037,01:42:33,6153,1720684861.8304825
2024-07-11 10:01:02,5.08,0.657,3.337,25.0,0.0,0.0,7.7,1017,5179,7038,01:42:34,6154,1720684862.1717212
2024-07-11 10:01:02,5.07,0.708,3.589,25.0,0.0,0.0,7.1,1017,5179,7038,01:42:34,6154,1720684862.5205016
2024-07-11 10:01:02,5.08,0.663,3.368,25.0,0.0,0.0,7.6,1017,5179,7038,01:42:34,6154,1720684862.852854
2024-07-11 10:01:03,5.08,0.663,3.368,25.0,0.0,0.0,7.6,1017,5180,7039,01:42:35,6155,1720684863.1941826
2024-07-11 10:01:03,5.08,0.659,3.347,25.0,0.0,0.0,7.7,1017,5180,7039,01:42:35,6155,1720684863.5441158
2024-07-11 10:01:03,5.08,0.659,3.347,25.0,0.0,0.0,7.7,1017,5180,7039,01:42:35,6155,1720684863.8754733
2024-07-11 10:01:04,5.08,0.65,3.302,25.0,0.0,0.0,7.8,1017,5181,7040,01:42:36,6156,1720684864.2167063
2024-07-11 10:01:04,5.08,0.657,3.337,25.0,0.0,0.0,7.7,1017,5181,7040,01:42:36,6156,1720684864.5583806
2024-07-11 10:01:04,5.08,0.657,3.337,25.0,0.0,0.0,7.7,1017,5181,7040,01:42:36,6156,1720684864.897585
2024-07-11 10:01:05,5.08,0.66,3.352,25.0,0.0,0.0,7.6,1018,5182,7041,01:42:37,6157,1720684865.239236
2024-07-11 10:01:05,5.08,0.665,3.378,25.0,0.0,0.0,7.6,1018,5182,7041,01:42:37,6157,1720684865.580475
2024-07-11 10:01:05,5.08,0.665,3.378,25.0,0.0,0.0,7.6,1018,5182,7041,01:42:37,6157,1720684865.9204657
2024-07-11 10:01:06,5.08,0.677,3.439,25.0,0.0,0.0,7.5,1018,5183,7042,01:42:38,6158,1720684866.261693
2024-07-11 10:01:06,5.08,0.677,3.439,25.0,0.0,0.0,7.5,1018,5183,7042,01:42:38,6158,1720684866.6042173
2024-07-11 10:01:06,5.07,0.686,3.478,25.0,0.0,0.0,7.3,1018,5183,7042,01:42:38,6158,1720684866.9428904
2024-07-11 10:01:07,5.07,0.717,3.635,25.0,0.0,0.0,7.0,1018,5184,7043,01:42:39,6159,1720684867.2842317
2024-07-11 10:01:07,5.07,0.717,3.635,25.0,0.0,0.0,7.0,1018,5184,7043,01:42:39,6159,1720684867.6254945
2024-07-11 10:01:07,5.08,0.647,3.286,25.0,0.0,0.0,7.8,1018,5184,7043,01:42:39,6159,1720684867.965394
2024-07-11 10:01:08,5.08,0.657,3.337,25.0,0.0,0.0,7.7,1018,5185,7044,01:42:40,6160,1720684868.3063357
2024-07-11 10:01:08,5.08,0.657,3.337,25.0,0.0,0.0,7.7,1018,5185,7044,01:42:40,6160,1720684868.6480074
2024-07-11 10:01:08,5.07,0.678,3.437,25.0,0.0,0.0,7.4,1018,5185,7044,01:42:40,6160,1720684868.9892242
2024-07-11 10:01:09,5.07,0.678,3.437,25.0,0.0,0.0,7.4,1018,5186,7045,01:42:41,6161,1720684869.3304174
2024-07-11 10:01:09,5.08,0.669,3.398,25.0,0.0,0.0,7.5,1018,5186,7045,01:42:41,6161,1720684869.6782277
2024-07-11 10:01:10,5.07,0.701,3.554,25.0,0.0,0.0,7.2,1018,5186,7045,01:42:41,6161,1720684870.0115318
2024-07-11 10:01:10,5.07,0.701,3.554,25.0,0.0,0.0,7.2,1019,5187,7046,01:42:42,6162,1720684870.352988
2024-07-11 10:01:10,5.07,0.713,3.614,25.0,0.0,0.0,7.1,1019,5187,7046,01:42:42,6162,1720684870.6942236
2024-07-11 10:01:11,5.07,0.679,3.442,25.0,0.0,0.0,7.4,1019,5187,7046,01:42:42,6162,1720684871.0354712
2024-07-11 10:01:11,5.07,0.679,3.442,25.0,0.0,0.0,7.4,1019,5188,7047,01:42:43,6163,1720684871.376687
2024-07-11 10:01:11,5.08,0.669,3.398,25.0,0.0,0.0,7.5,1019,5188,7047,01:42:43,6163,1720684871.7173982
2024-07-11 10:01:12,5.08,0.669,3.398,25.0,0.0,0.0,7.5,1019,5188,7047,01:42:43,6163,1720684872.057774
2024-07-11 10:01:12,5.07,0.683,3.462,25.0,0.0,0.0,7.4,1019,5189,7048,01:42:44,6164,1720684872.3982792
2024-07-11 10:01:12,5.07,0.71,3.599,25.0,0.0,0.0,7.1,1019,5189,7048,01:42:44,6164,1720684872.7394557
2024-07-11 10:01:13,5.07,0.71,3.599,25.0,0.0,0.0,7.1,1019,5190,7049,01:42:44,6164,1720684873.081311
2024-07-11 10:01:13,5.07,0.679,3.442,25.0,0.0,0.0,7.4,1019,5190,7049,01:42:45,6165,1720684873.422658
2024-07-11 10:01:13,5.07,0.691,3.503,25.0,0.0,0.0,7.3,1019,5190,7049,01:42:45,6165,1720684873.7636266
2024-07-11 10:01:14,5.07,0.691,3.503,25.0,0.0,0.0,7.3,1019,5191,7050,01:42:46,6166,1720684874.103909
2024-07-11 10:01:14,5.07,0.7,3.549,25.0,0.0,0.0,7.2,1019,5191,7050,01:42:46,6166,1720684874.444849
2024-07-11 10:01:14,5.07,0.7,3.549,25.0,0.0,0.0,7.2,1019,5191,7050,01:42:46,6166,1720684874.7977748
2024-07-11 10:01:15,5.07,0.699,3.543,25.0,0.0,0.0,7.2,1020,5192,7051,01:42:47,6167,1720684875.1272092
2024-07-11 10:01:15,5.07,0.685,3.472,25.0,0.0,0.0,7.4,1020,5192,7051,01:42:47,6167,1720684875.468287
2024-07-11 10:01:15,5.07,0.685,3.472,25.0,0.0,0.0,7.4,1020,5192,7051,01:42:47,6167,1720684875.8102808
2024-07-11 10:01:16,5.08,0.667,3.388,25.0,0.0,0.0,7.6,1020,5193,7052,01:42:48,6168,1720684876.151653
2024-07-11 10:01:16,5.08,0.655,3.327,25.0,0.0,0.0,7.7,1020,5193,7052,01:42:48,6168,1720684876.4917188
2024-07-11 10:01:16,5.08,0.655,3.327,25.0,0.0,0.0,7.7,1020,5193,7052,01:42:48,6168,1720684876.833133
2024-07-11 10:01:17,5.08,0.662,3.362,25.0,0.0,0.0,7.6,1020,5194,7053,01:42:49,6169,1720684877.1751301
2024-07-11 10:01:17,5.08,0.662,3.362,25.0,0.0,0.0,7.6,1020,5194,7053,01:42:49,6169,1720684877.5154924
2024-07-11 10:01:17,5.06,0.757,3.83,25.0,0.0,0.0,6.6,1020,5194,7053,01:42:49,6169,1720684877.8567748
2024-07-11 10:01:18,5.07,0.675,3.422,25.0,0.0,0.0,7.5,1020,5195,7054,01:42:50,6170,1720684878.1978638
2024-07-11 10:01:18,5.07,0.675,3.422,25.0,0.0,0.0,7.5,1020,5195,7054,01:42:50,6170,1720684878.5374572
2024-07-11 10:01:18,5.07,0.681,3.452,25.0,0.0,0.0,7.4,1020,5195,7054,01:42:50,6170,1720684878.879194
2024-07-11 10:01:19,5.07,0.705,3.574,25.0,0.0,0.0,7.1,1020,5196,7055,01:42:51,6171,1720684879.2230854
2024-07-11 10:01:19,5.07,0.705,3.574,25.0,0.0,0.0,7.1,1020,5196,7055,01:42:51,6171,1720684879.5610468
2024-07-11 10:01:19,5.08,0.669,3.398,25.0,0.0,0.0,7.5,1020,5196,7055,01:42:51,6171,1720684879.9317882
2024-07-11 10:01:20,5.08,0.669,3.398,25.0,0.0,0.0,7.5,1020,5197,7056,01:42:52,6172,1720684880.2430768
2024-07-11 10:01:20,5.08,0.658,3.342,25.0,0.0,0.0,7.7,1020,5197,7056,01:42:52,6172,1720684880.584246
2024-07-11 10:01:20,5.08,0.65,3.302,25.0,0.0,0.0,7.8,1020,5197,7056,01:42:52,6172,1720684880.925504
2024-07-11 10:01:21,5.08,0.65,3.302,25.0,0.0,0.0,7.8,1021,5197,7057,01:42:53,6173,1720684881.2667606
2024-07-11 10:01:21,5.08,0.656,3.332,25.0,0.0,0.0,7.7,1021,5197,7057,01:42:53,6173,1720684881.606762
2024-07-11 10:01:21,5.08,0.664,3.373,25.0,0.0,0.0,7.6,1021,5197,7057,01:42:53,6173,1720684881.9479635
2024-07-11 10:01:22,5.08,0.664,3.373,25.0,0.0,0.0,7.6,1021,5198,7058,01:42:54,6174,1720684882.289196
2024-07-11 10:01:22,5.06,0.742,3.754,25.0,0.0,0.0,6.8,1021,5198,7058,01:42:54,6174,1720684882.6327775
2024-07-11 10:01:22,5.06,0.742,3.754,25.0,0.0,0.0,6.8,1021,5198,7058,01:42:54,6174,1720684882.9703517
2024-07-11 10:01:23,5.07,0.681,3.452,25.0,0.0,0.0,7.4,1021,5199,7059,01:42:55,6175,1720684883.3114552
2024-07-11 10:01:23,5.07,0.684,3.467,25.0,0.0,0.0,7.4,1021,5199,7059,01:42:55,6175,1720684883.6524932
2024-07-11 10:01:23,5.07,0.684,3.467,25.0,0.0,0.0,7.4,1021,5199,7059,01:42:55,6175,1720684883.9941823
2024-07-11 10:01:24,5.08,0.656,3.332,25.0,0.0,0.0,7.7,1021,5200,7060,01:42:56,6176,1720684884.3343062
2024-07-11 10:01:24,5.08,0.651,3.307,25.0,0.0,0.0,7.8,1021,5200,7060,01:42:56,6176,1720684884.6754806
2024-07-11 10:01:25,5.08,0.651,3.307,25.0,0.0,0.0,7.8,1021,5200,7060,01:42:56,6176,1720684885.0530639
2024-07-11 10:01:25,5.08,0.649,3.296,25.0,0.0,0.0,7.8,1021,5201,7061,01:42:57,6177,1720684885.3585064
2024-07-11 10:01:25,5.08,0.649,3.296,25.0,0.0,0.0,7.8,1021,5201,7061,01:42:57,6177,1720684885.6980026
2024-07-11 10:01:26,5.08,0.662,3.362,25.0,0.0,0.0,7.6,1022,5202,7062,01:42:57,6177,1720684886.0392678
2024-07-11 10:01:26,5.07,0.686,3.478,25.0,0.0,0.0,7.3,1022,5202,7062,01:42:58,6178,1720684886.3808434
2024-07-11 10:01:26,5.07,0.686,3.478,25.0,0.0,0.0,7.3,1022,5202,7062,01:42:58,6178,1720684886.7217681
2024-07-11 10:01:27,5.07,0.678,3.437,25.0,0.01,0.0,7.4,1022,5203,7063,01:42:58,6178,1720684887.063087
2024-07-11 10:01:27,5.07,0.687,3.483,25.0,0.0,0.0,7.3,1022,5203,7063,01:42:59,6179,1720684887.4080577
2024-07-11 10:01:27,5.07,0.687,3.483,25.0,0.0,0.0,7.3,1022,5203,7063,01:42:59,6179,1720684887.7467625
2024-07-11 10:01:28,5.08,0.646,3.281,25.0,0.0,0.0,7.8,1022,5204,7064,01:42:59,6179,1720684888.0855055
2024-07-11 10:01:28,5.08,0.646,3.281,25.0,0.0,0.0,7.8,1022,5204,7064,01:43:00,6180,1720684888.4268115
2024-07-11 10:01:28,5.08,0.645,3.276,25.0,0.0,0.0,7.8,1022,5204,7064,01:43:00,6180,1720684888.767177
2024-07-11 10:01:29,5.08,0.661,3.357,25.0,0.0,0.0,7.6,1022,5205,7065,01:43:01,6181,1720684889.1102855
2024-07-11 10:01:29,5.08,0.661,3.357,25.0,0.0,0.0,7.6,1022,5205,7065,01:43:01,6181,1720684889.455225
2024-07-11 10:01:29,5.08,0.668,3.393,25.0,0.0,0.0,7.6,1022,5205,7065,01:43:01,6181,1720684889.7905016
2024-07-11 10:01:30,5.07,0.675,3.422,25.0,0.0,0.0,7.5,1022,5206,7066,01:43:02,6182,1720684890.171903
2024-07-11 10:01:30,5.07,0.675,3.422,25.0,0.0,0.0,7.5,1022,5206,7066,01:43:02,6182,1720684890.4830387
2024-07-11 10:01:30,5.07,0.704,3.569,25.0,0.0,0.0,7.2,1022,5206,7066,01:43:02,6182,1720684890.8142948
2024-07-11 10:01:31,5.07,0.704,3.569,25.0,0.0,0.0,7.2,1023,5207,7067,01:43:03,6183,1720684891.1553762
2024-07-11 10:01:31,5.07,0.679,3.442,25.0,0.0,0.0,7.4,1023,5207,7067,01:43:03,6183,1720684891.5005171
2024-07-11 10:01:31,5.07,0.678,3.437,25.0,0.0,0.0,7.4,1023,5207,7067,01:43:03,6183,1720684891.8379118
2024-07-11 10:01:32,5.07,0.678,3.437,25.0,0.0,0.0,7.4,1023,5208,7068,01:43:04,6184,1720684892.17888
2024-07-11 10:01:32,5.07,0.688,3.488,25.0,0.0,0.0,7.3,1023,5208,7068,01:43:04,6184,1720684892.5278518
2024-07-11 10:01:32,5.09,0.544,2.768,25.0,0.0,0.0,9.3,1023,5208,7068,01:43:04,6184,1720684892.860493
2024-07-11 10:01:33,5.09,0.544,2.768,25.0,0.0,0.0,9.3,1023,5209,7069,01:43:05,6185,1720684893.2017837
2024-07-11 10:01:33,5.08,0.67,3.403,25.0,0.0,0.0,7.5,1023,5209,7069,01:43:05,6185,1720684893.5517983
2024-07-11 10:01:33,5.08,0.67,3.403,25.0,0.0,0.0,7.5,1023,5209,7069,01:43:05,6185,1720684893.8843098
2024-07-11 10:01:34,5.07,0.68,3.447,25.0,0.0,0.0,7.4,1023,5210,7070,01:43:06,6186,1720684894.2255223
2024-07-11 10:01:34,5.07,0.696,3.528,25.0,0.0,0.0,7.2,1023,5210,7070,01:43:06,6186,1720684894.5755374
2024-07-11 10:01:34,5.07,0.696,3.528,25.0,0.0,0.0,7.2,1023,5210,7070,01:43:06,6186,1720684894.9093115
2024-07-11 10:01:35,5.07,0.691,3.503,25.0,0.0,0.0,7.3,1023,5211,7071,01:43:07,6187,1720684895.277408
2024-07-11 10:01:35,5.07,0.685,3.472,25.0,0.0,0.0,7.4,1023,5211,7071,01:43:07,6187,1720684895.6020238
2024-07-11 10:01:35,5.07,0.685,3.472,25.0,0.0,0.0,7.4,1023,5211,7071,01:43:07,6187,1720684895.9315586
2024-07-11 10:01:36,5.08,0.673,3.418,25.0,0.0,0.0,7.5,1023,5212,7072,01:43:08,6188,1720684896.2753787
2024-07-11 10:01:36,5.08,0.673,3.418,25.0,0.0,0.0,7.5,1023,5212,7072,01:43:08,6188,1720684896.6243155
2024-07-11 10:01:36,5.07,0.69,3.498,25.0,0.0,0.0,7.3,1023,5212,7072,01:43:08,6188,1720684896.9542875
2024-07-11 10:01:37,5.07,0.682,3.457,25.0,0.0,0.0,7.4,1024,5213,7073,01:43:09,6189,1720684897.2955024
2024-07-11 10:01:37,5.07,0.682,3.457,25.0,0.0,0.0,7.4,1024,5213,7073,01:43:09,6189,1720684897.6405327
2024-07-11 10:01:37,5.09,0.58,2.952,25.0,0.0,0.0,8.7,1024,5213,7073,01:43:09,6189,1720684897.9777992
2024-07-11 10:01:38,5.07,0.68,3.447,25.0,0.0,0.0,7.4,1024,5213,7074,01:43:10,6190,1720684898.3191938
2024-07-11 10:01:38,5.07,0.68,3.447,25.0,0.0,0.0,7.4,1024,5213,7074,01:43:10,6190,1720684898.6693132
2024-07-11 10:01:39,5.07,0.694,3.518,25.0,0.0,0.0,7.3,1024,5213,7074,01:43:10,6190,1720684899.0015037
2024-07-11 10:01:39,5.07,0.694,3.518,25.0,0.0,0.0,7.3,1024,5214,7075,01:43:11,6191,1720684899.3430212
2024-07-11 10:01:39,5.07,0.705,3.574,25.0,0.0,0.0,7.1,1024,5214,7075,01:43:11,6191,1720684899.6876335
2024-07-11 10:01:40,5.07,0.685,3.472,25.0,0.0,0.0,7.4,1024,5215,7076,01:43:11,6191,1720684900.025522
2024-07-11 10:01:40,5.07,0.685,3.472,25.0,0.0,0.0,7.4,1024,5215,7076,01:43:12,6192,1720684900.3980567
2024-07-11 10:01:40,5.08,0.666,3.383,25.0,0.01,0.0,7.6,1024,5215,7076,01:43:12,6192,1720684900.7105885
2024-07-11 10:01:41,5.07,0.697,3.533,25.0,0.01,0.0,7.2,1024,5216,7077,01:43:12,6192,1720684901.0493248
2024-07-11 10:01:41,5.07,0.697,3.533,25.0,0.01,0.0,7.2,1024,5216,7077,01:43:13,6193,1720684901.38931
2024-07-11 10:01:41,5.08,0.663,3.368,25.0,0.01,0.0,7.6,1024,5216,7077,01:43:13,6193,1720684901.7305331
2024-07-11 10:01:42,5.08,0.663,3.368,25.0,0.01,0.0,7.6,1025,5217,7078,01:43:13,6193,1720684902.0719762
2024-07-11 10:01:42,5.08,0.648,3.291,25.0,0.01,0.0,7.8,1025,5217,7078,01:43:14,6194,1720684902.4123163
2024-07-11 10:01:42,5.08,0.658,3.342,25.0,0.01,0.0,7.7,1025,5217,7078,01:43:14,6194,1720684902.754084
2024-07-11 10:01:43,5.08,0.658,3.342,25.0,0.01,0.0,7.7,1025,5218,7079,01:43:14,6194,1720684903.0952213
2024-07-11 10:01:43,5.06,0.748,3.784,25.0,0.01,0.0,6.7,1025,5218,7079,01:43:15,6195,1720684903.4366615
2024-07-11 10:01:43,5.07,0.701,3.554,25.0,0.01,0.0,7.2,1025,5218,7079,01:43:15,6195,1720684903.7775438
2024-07-11 10:01:44,5.07,0.701,3.554,25.0,0.01,0.0,7.2,1025,5219,7080,01:43:16,6196,1720684904.1187062
2024-07-11 10:01:44,5.07,0.676,3.427,25.0,0.01,0.0,7.5,1025,5219,7080,01:43:16,6196,1720684904.4603443
2024-07-11 10:01:44,5.07,0.676,3.427,25.0,0.01,0.0,7.5,1025,5219,7080,01:43:16,6196,1720684904.8010042
2024-07-11 10:01:45,5.07,0.671,3.401,25.0,0.01,0.0,7.5,1025,5220,7081,01:43:17,6197,1720684905.142926
2024-07-11 10:01:45,5.07,0.667,3.381,25.0,0.01,0.0,7.6,1025,5220,7081,01:43:17,6197,1720684905.5143638
2024-07-11 10:01:45,5.07,0.667,3.381,25.0,0.01,0.0,7.6,1025,5220,7081,01:43:17,6197,1720684905.8254795
2024-07-11 10:01:46,5.08,0.653,3.317,25.0,0.01,0.0,7.7,1025,5221,7082,01:43:18,6198,1720684906.1664999
2024-07-11 10:01:46,5.08,0.66,3.352,25.0,0.01,0.0,7.6,1025,5221,7082,01:43:18,6198,1720684906.5080745
2024-07-11 10:01:46,5.08,0.66,3.352,25.0,0.01,0.0,7.6,1025,5221,7082,01:43:18,6198,1720684906.8470786
2024-07-11 10:01:47,5.08,0.666,3.383,25.0,0.01,0.0,7.6,1025,5222,7083,01:43:19,6199,1720684907.1911697
2024-07-11 10:01:47,5.08,0.666,3.383,25.0,0.01,0.0,7.6,1025,5222,7083,01:43:19,6199,1720684907.5301607
2024-07-11 10:01:47,5.07,0.667,3.381,25.0,0.01,0.0,7.6,1025,5222,7083,01:43:19,6199,1720684907.8718371
2024-07-11 10:01:48,5.05,0.846,4.272,25.0,0.0,0.0,5.9,1026,5223,7084,01:43:20,6200,1720684908.2130644
2024-07-11 10:01:48,5.05,0.846,4.272,25.0,0.0,0.0,5.9,1026,5223,7084,01:43:20,6200,1720684908.5560913
2024-07-11 10:01:48,5.08,0.664,3.373,25.0,0.01,0.0,7.6,1026,5223,7084,01:43:20,6200,1720684908.8956132
2024-07-11 10:01:49,5.08,0.621,3.154,25.0,0.01,0.0,8.1,1026,5224,7085,01:43:21,6201,1720684909.2360744
2024-07-11 10:01:49,5.08,0.621,3.154,25.0,0.01,0.0,8.1,1026,5224,7085,01:43:21,6201,1720684909.5780435
2024-07-11 10:01:49,5.08,0.652,3.312,25.0,0.01,0.0,7.7,1026,5224,7085,01:43:21,6201,1720684909.919303
2024-07-11 10:01:50,5.08,0.652,3.312,25.0,0.01,0.0,7.7,1026,5225,7086,01:43:22,6202,1720684910.2606084
2024-07-11 10:01:50,5.08,0.664,3.373,25.0,0.01,0.0,7.6,1026,5225,7086,01:43:22,6202,1720684910.6018617
2024-07-11 10:01:50,5.07,0.672,3.407,25.0,0.01,0.0,7.5,1026,5225,7086,01:43:22,6202,1720684910.9424102
2024-07-11 10:01:51,5.07,0.672,3.407,25.0,0.01,0.0,7.5,1026,5226,7087,01:43:23,6203,1720684911.2867408
2024-07-11 10:01:51,5.07,0.679,3.442,25.0,0.01,0.0,7.4,1026,5226,7087,01:43:23,6203,1720684911.6252131
2024-07-11 10:01:51,5.07,0.672,3.407,25.0,0.01,0.0,7.5,1026,5226,7087,01:43:23,6203,1720684911.966523
2024-07-11 10:01:52,5.07,0.672,3.407,25.0,0.01,0.0,7.5,1026,5227,7088,01:43:24,6204,1720684912.306812
2024-07-11 10:01:52,5.07,0.697,3.533,25.0,0.01,0.0,7.2,1026,5227,7088,01:43:24,6204,1720684912.6477911
2024-07-11 10:01:52,5.07,0.697,3.533,25.0,0.01,0.0,7.2,1027,5228,7089,01:43:24,6204,1720684912.9892843
2024-07-11 10:01:53,5.07,0.711,3.604,25.0,0.01,0.0,7.1,1027,5228,7089,01:43:25,6205,1720684913.3306293
2024-07-11 10:01:53,5.08,0.656,3.332,25.0,0.01,0.0,7.7,1027,5228,7089,01:43:25,6205,1720684913.6718621
2024-07-11 10:01:54,5.08,0.656,3.332,25.0,0.01,0.0,7.7,1027,5229,7090,01:43:25,6205,1720684914.0130968
2024-07-11 10:01:54,5.08,0.649,3.296,25.0,0.01,0.0,7.8,1027,5229,7090,01:43:26,6206,1720684914.353949
2024-07-11 10:01:54,5.07,0.666,3.376,25.0,0.01,0.0,7.6,1027,5229,7090,01:43:26,6206,1720684914.69561
2024-07-11 10:01:55,5.07,0.666,3.376,25.0,0.01,0.0,7.6,1027,5229,7091,01:43:26,6206,1720684915.0368598
2024-07-11 10:01:55,5.07,0.692,3.508,25.0,0.01,0.0,7.3,1027,5229,7091,01:43:27,6207,1720684915.3805842
2024-07-11 10:01:55,5.07,0.692,3.508,25.0,0.01,0.0,7.3,1027,5229,7091,01:43:27,6207,1720684915.7181153
2024-07-11 10:01:56,5.07,0.684,3.467,25.0,0.01,0.0,7.4,1027,5230,7092,01:43:27,6207,1720684916.059337
2024-07-11 10:01:56,5.07,0.677,3.432,25.0,0.01,0.0,7.4,1027,5230,7092,01:43:28,6208,1720684916.4018044
2024-07-11 10:01:56,5.07,0.677,3.432,25.0,0.01,0.0,7.4,1027,5230,7092,01:43:28,6208,1720684916.7418945
2024-07-11 10:01:57,5.07,0.702,3.559,25.0,0.01,0.0,7.2,1027,5231,7093,01:43:28,6208,1720684917.0830748
2024-07-11 10:01:57,5.07,0.711,3.604,25.0,0.01,0.0,7.1,1027,5231,7093,01:43:29,6209,1720684917.423585
2024-07-11 10:01:57,5.07,0.711,3.604,25.0,0.01,0.0,7.1,1027,5231,7093,01:43:29,6209,1720684917.7656145
2024-07-11 10:01:58,5.08,0.666,3.383,25.0,0.01,0.0,7.6,1028,5232,7094,01:43:30,6210,1720684918.1081216
2024-07-11 10:01:58,5.08,0.666,3.383,25.0,0.01,0.0,7.6,1028,5232,7094,01:43:30,6210,1720684918.4481082
2024-07-11 10:01:58,5.09,0.549,2.794,25.0,0.01,0.0,9.2,1028,5232,7094,01:43:30,6210,1720684918.7891424
2024-07-11 10:01:59,5.07,0.707,3.584,25.0,0.01,0.0,7.1,1028,5233,7095,01:43:31,6211,1720684919.1305845
2024-07-11 10:01:59,5.07,0.707,3.584,25.0,0.01,0.0,7.1,1028,5233,7095,01:43:31,6211,1720684919.4714904
2024-07-11 10:01:59,5.07,0.679,3.442,25.0,0.01,0.0,7.4,1028,5233,7095,01:43:31,6211,1720684919.8131056
2024-07-11 10:02:00,5.07,0.688,3.488,25.0,0.01,0.0,7.3,1028,5234,7096,01:43:32,6212,1720684920.1543424
2024-07-11 10:02:00,5.07,0.688,3.488,25.0,0.01,0.0,7.3,1028,5234,7096,01:43:32,6212,1720684920.4955976
2024-07-11 10:02:00,5.07,0.687,3.483,25.0,0.01,0.0,7.3,1028,5234,7096,01:43:32,6212,1720684920.8381076
2024-07-11 10:02:01,5.07,0.687,3.483,25.0,0.01,0.0,7.3,1028,5235,7097,01:43:33,6213,1720684921.176844
2024-07-11 10:02:01,5.07,0.706,3.579,25.0,0.01,0.0,7.1,1028,5235,7097,01:43:33,6213,1720684921.5184214
2024-07-11 10:02:01,5.07,0.681,3.452,25.0,0.01,0.0,7.4,1028,5235,7097,01:43:33,6213,1720684921.8593786
2024-07-11 10:02:02,5.07,0.681,3.452,25.0,0.01,0.0,7.4,1028,5236,7098,01:43:34,6214,1720684922.2005782
2024-07-11 10:02:02,5.07,0.672,3.407,25.0,0.01,0.0,7.5,1028,5236,7098,01:43:34,6214,1720684922.5418413
2024-07-11 10:02:02,5.07,0.679,3.442,25.0,0.01,0.0,7.4,1028,5236,7098,01:43:34,6214,1720684922.8830776
2024-07-11 10:02:03,5.07,0.679,3.442,25.0,0.01,0.0,7.4,1028,5237,7099,01:43:35,6215,1720684923.2243526
2024-07-11 10:02:03,5.09,0.539,2.743,25.0,0.01,0.0,9.4,1028,5237,7099,01:43:35,6215,1720684923.5655909
2024-07-11 10:02:03,5.09,0.539,2.743,25.0,0.01,0.0,9.4,1028,5237,7099,01:43:35,6215,1720684923.9051704
2024-07-11 10:02:04,5.07,0.696,3.528,25.0,0.01,0.0,7.2,1029,5238,7100,01:43:36,6216,1720684924.2468576
2024-07-11 10:02:04,5.07,0.676,3.427,25.0,0.01,0.0,7.5,1029,5238,7100,01:43:36,6216,1720684924.5881307
2024-07-11 10:02:04,5.07,0.676,3.427,25.0,0.01,0.0,7.5,1029,5238,7100,01:43:36,6216,1720684924.9293728
2024-07-11 10:02:05,5.07,0.679,3.442,25.0,0.01,0.0,7.4,1029,5239,7101,01:43:37,6217,1720684925.270452
2024-07-11 10:02:05,5.07,0.704,3.569,25.0,0.01,0.0,7.2,1029,5239,7101,01:43:37,6217,1720684925.6114845
2024-07-11 10:02:05,5.07,0.704,3.569,25.0,0.01,0.0,7.2,1029,5240,7102,01:43:37,6217,1720684925.9521387
2024-07-11 10:02:06,5.07,0.671,3.401,25.0,0.01,0.0,7.5,1029,5240,7102,01:43:38,6218,1720684926.2926466
2024-07-11 10:02:06,5.07,0.671,3.401,25.0,0.01,0.0,7.5,1029,5240,7102,01:43:38,6218,1720684926.6402364
2024-07-11 10:02:06,5.08,0.654,3.322,25.0,0.01,0.0,7.7,1029,5241,7103,01:43:38,6218,1720684926.9748235
2024-07-11 10:02:07,5.08,0.654,3.322,25.0,0.0,0.0,7.7,1029,5241,7103,01:43:39,6219,1720684927.316865
2024-07-11 10:02:07,5.08,0.654,3.322,25.0,0.0,0.0,7.7,1029,5241,7103,01:43:39,6219,1720684927.6581447
2024-07-11 10:02:07,5.08,0.663,3.368,25.0,0.0,0.0,7.6,1029,5242,7104,01:43:39,6219,1720684927.9994066
2024-07-11 10:02:08,5.08,0.629,3.195,25.0,0.0,0.0,8.0,1029,5242,7104,01:43:40,6220,1720684928.3405814
2024-07-11 10:02:08,5.08,0.629,3.195,25.0,0.0,0.0,8.0,1029,5242,7104,01:43:40,6220,1720684928.6831112
2024-07-11 10:02:09,5.07,0.681,3.452,25.0,0.0,0.0,7.4,1030,5243,7105,01:43:40,6220,1720684929.0218506
2024-07-11 10:02:09,5.07,0.681,3.452,25.0,0.0,0.0,7.4,1030,5243,7105,01:43:41,6221,1720684929.3625011
2024-07-11 10:02:09,5.07,0.678,3.437,25.0,0.0,0.0,7.4,1030,5243,7105,01:43:41,6221,1720684929.706473
2024-07-11 10:02:10,5.08,0.643,3.266,25.0,0.0,0.0,7.9,1030,5243,7106,01:43:41,6221,1720684930.0455856
2024-07-11 10:02:10,5.08,0.643,3.266,25.0,0.0,0.0,7.9,1030,5243,7106,01:43:42,6222,1720684930.3867161
2024-07-11 10:02:10,5.09,0.577,2.936,25.0,0.0,0.0,8.8,1030,5243,7106,01:43:42,6222,1720684930.729393
2024-07-11 10:02:11,5.1,0.517,2.636,25.0,0.0,0.0,9.8,1030,5244,7107,01:43:42,6222,1720684931.069419
2024-07-11 10:02:11,5.1,0.517,2.636,25.0,0.0,0.0,9.8,1030,5244,7107,01:43:43,6223,1720684931.409387
2024-07-11 10:02:11,5.1,0.51,2.601,25.0,0.0,0.0,10.0,1030,5244,7107,01:43:43,6223,1720684931.758358
2024-07-11 10:02:12,5.1,0.51,2.601,25.0,0.0,0.0,10.0,1030,5245,7108,01:43:43,6223,1720684932.091941
2024-07-11 10:02:12,5.1,0.511,2.606,25.0,0.0,0.0,9.9,1030,5245,7108,01:43:44,6224,1720684932.433134
2024-07-11 10:02:12,5.1,0.515,2.626,25.0,0.0,0.0,9.9,1030,5245,7108,01:43:44,6224,1720684932.7733197
2024-07-11 10:02:13,5.1,0.515,2.626,25.0,0.0,0.0,9.9,1030,5246,7109,01:43:45,6225,1720684933.1142366
2024-07-11 10:02:13,5.1,0.51,2.601,25.0,0.0,0.0,10.0,1030,5246,7109,01:43:45,6225,1720684933.4580822
2024-07-11 10:02:13,5.1,0.476,2.427,25.0,0.0,0.0,10.7,1030,5246,7109,01:43:45,6225,1720684933.7968822
2024-07-11 10:02:14,5.1,0.476,2.427,25.0,0.0,0.0,10.7,1030,5246,7110,01:43:46,6226,1720684934.136775
2024-07-11 10:02:14,5.1,0.472,2.407,25.0,0.0,0.0,10.8,1030,5246,7110,01:43:46,6226,1720684934.4781532
2024-07-11 10:02:14,5.1,0.472,2.407,25.0,0.0,0.0,10.8,1030,5246,7110,01:43:46,6226,1720684934.8187423
2024-07-11 10:02:15,5.1,0.471,2.402,25.0,0.0,0.0,10.8,1030,5247,7111,01:43:47,6227,1720684935.1606634
2024-07-11 10:02:15,5.1,0.469,2.391,25.0,0.0,0.0,10.8,1030,5247,7111,01:43:47,6227,1720684935.5017018
2024-07-11 10:02:15,5.1,0.469,2.391,25.0,0.0,0.0,10.8,1030,5247,7111,01:43:47,6227,1720684935.8436177
2024-07-11 10:02:16,5.1,0.471,2.402,25.0,0.0,0.0,10.8,1031,5248,7112,01:43:48,6228,1720684936.1827264
2024-07-11 10:02:16,5.1,0.477,2.432,25.0,0.0,0.0,10.6,1031,5248,7112,01:43:48,6228,1720684936.5243742
2024-07-11 10:02:16,5.1,0.477,2.432,25.0,0.0,0.0,10.6,1031,5248,7112,01:43:48,6228,1720684936.8782127
2024-07-11 10:02:17,5.1,0.468,2.386,25.0,0.0,0.0,10.8,1031,5248,7113,01:43:49,6229,1720684937.2069404
2024-07-11 10:02:17,5.1,0.468,2.386,25.0,0.0,0.0,10.8,1031,5248,7113,01:43:49,6229,1720684937.5468767
2024-07-11 10:02:17,5.1,0.469,2.391,25.0,0.0,0.0,10.8,1031,5248,7113,01:43:49,6229,1720684937.8881774
2024-07-11 10:02:18,5.1,0.471,2.402,25.0,0.0,0.0,10.8,1031,5249,7114,01:43:50,6230,1720684938.2293806
2024-07-11 10:02:18,5.1,0.471,2.402,25.0,0.0,0.0,10.8,1031,5249,7114,01:43:50,6230,1720684938.5706701
2024-07-11 10:02:18,5.1,0.469,2.391,25.0,0.0,0.0,10.8,1031,5249,7114,01:43:50,6230,1720684938.911986
2024-07-11 10:02:19,5.1,0.467,2.381,25.0,0.0,0.0,10.9,1031,5250,7115,01:43:51,6231,1720684939.2531607
2024-07-11 10:02:19,5.1,0.467,2.381,25.0,0.0,0.0,10.9,1031,5250,7115,01:43:51,6231,1720684939.594402
2024-07-11 10:02:19,5.1,0.47,2.397,25.0,0.0,0.0,10.8,1031,5250,7116,01:43:51,6231,1720684939.9418812
2024-07-11 10:02:20,5.1,0.47,2.397,25.0,0.0,0.0,10.8,1031,5250,7116,01:43:52,6232,1720684940.2768106
2024-07-11 10:02:20,5.1,0.469,2.391,25.0,0.0,0.0,10.8,1031,5250,7116,01:43:52,6232,1720684940.6181583
2024-07-11 10:02:20,5.1,0.467,2.381,25.0,0.0,0.0,10.9,1031,5251,7117,01:43:52,6232,1720684940.963134
2024-07-11 10:02:21,5.1,0.467,2.381,25.0,0.0,0.0,10.9,1031,5251,7117,01:43:53,6233,1720684941.2993774
2024-07-11 10:02:21,5.1,0.473,2.412,25.0,0.0,0.0,10.7,1031,5251,7117,01:43:53,6233,1720684941.640693
2024-07-11 10:02:21,5.1,0.47,2.397,25.0,0.0,0.0,10.8,1031,5252,7118,01:43:53,6233,1720684941.9981916
2024-07-11 10:02:22,5.1,0.47,2.397,25.0,0.0,0.0,10.8,1031,5252,7118,01:43:54,6234,1720684942.323313
2024-07-11 10:02:22,5.1,0.469,2.391,25.0,0.0,0.0,10.8,1031,5252,7118,01:43:54,6234,1720684942.6643713
2024-07-11 10:02:23,5.1,0.469,2.391,25.0,0.0,0.0,10.8,1031,5252,7119,01:43:54,6234,1720684943.0094051
2024-07-11 10:02:23,5.1,0.466,2.376,25.0,0.0,0.0,10.9,1031,5252,7119,01:43:55,6235,1720684943.3454046
2024-07-11 10:02:23,5.1,0.47,2.397,25.0,0.0,0.0,10.8,1031,5252,7119,01:43:55,6235,1720684943.685937
2024-07-11 10:02:24,5.1,0.47,2.397,25.0,0.0,0.0,10.8,1032,5253,7120,01:43:55,6235,1720684944.0348365
2024-07-11 10:02:24,5.1,0.477,2.432,25.0,0.0,0.0,10.6,1032,5253,7120,01:43:56,6236,1720684944.3693829
2024-07-11 10:02:24,5.11,0.466,2.381,25.0,0.0,0.0,10.9,1032,5253,7120,01:43:56,6236,1720684944.7106895
2024-07-11 10:02:25,5.11,0.466,2.381,25.0,0.0,0.0,10.9,1032,5254,7121,01:43:56,6236,1720684945.0544016
2024-07-11 10:02:25,5.1,0.469,2.391,25.0,0.0,0.0,10.8,1032,5254,7121,01:43:57,6237,1720684945.3932292
2024-07-11 10:02:25,5.1,0.469,2.391,25.0,0.0,0.0,10.8,1032,5254,7121,01:43:57,6237,1720684945.7343967
2024-07-11 10:02:26,5.1,0.468,2.386,25.0,0.0,0.0,10.8,1032,5254,7122,01:43:57,6237,1720684946.0781832
2024-07-11 10:02:26,5.1,0.468,2.386,25.0,0.0,0.0,10.8,1032,5254,7122,01:43:58,6238,1720684946.416936
2024-07-11 10:02:26,5.1,0.468,2.386,25.0,0.0,0.0,10.8,1032,5254,7122,01:43:58,6238,1720684946.7562633
2024-07-11 10:02:27,5.1,0.469,2.391,25.0,0.0,0.0,10.8,1032,5255,7123,01:43:59,6239,1720684947.1181335
2024-07-11 10:02:27,5.1,0.471,2.402,25.0,0.0,0.0,10.8,1032,5255,7123,01:43:59,6239,1720684947.4393873
2024-07-11 10:02:27,5.1,0.471,2.402,25.0,0.0,0.0,10.8,1032,5255,7123,01:43:59,6239,1720684947.7805018
2024-07-11 10:02:28,5.1,0.468,2.386,25.0,0.0,0.0,10.8,1032,5256,7124,01:44:00,6240,1720684948.1331654
2024-07-11 10:02:28,5.1,0.468,2.386,25.0,0.0,0.0,10.8,1032,5256,7124,01:44:00,6240,1720684948.4631383
2024-07-11 10:02:28,5.1,0.467,2.381,25.0,0.0,0.0,10.9,1032,5256,7124,01:44:00,6240,1720684948.8039005
2024-07-11 10:02:29,5.1,0.468,2.386,25.0,0.0,0.0,10.8,1032,5256,7125,01:44:01,6241,1720684949.1468866
2024-07-11 10:02:29,5.1,0.468,2.386,25.0,0.0,0.0,10.8,1032,5256,7125,01:44:01,6241,1720684949.4869561
2024-07-11 10:02:29,5.1,0.475,2.422,25.0,0.0,0.0,10.7,1032,5256,7125,01:44:01,6241,1720684949.8281956
2024-07-11 10:02:30,5.11,0.466,2.381,25.0,0.0,0.0,10.9,1032,5257,7126,01:44:02,6242,1720684950.1780882
2024-07-11 10:02:30,5.11,0.466,2.381,25.0,0.0,0.0,10.9,1032,5257,7126,01:44:02,6242,1720684950.510641
2024-07-11 10:02:30,5.1,0.469,2.391,25.0,0.0,0.0,10.8,1032,5257,7126,01:44:02,6242,1720684950.8519285
2024-07-11 10:02:31,5.1,0.469,2.391,25.0,0.0,0.0,10.8,1033,5258,7127,01:44:03,6243,1720684951.203169
2024-07-11 10:02:31,5.11,0.467,2.386,25.0,0.0,0.0,10.9,1033,5258,7127,01:44:03,6243,1720684951.534461
2024-07-11 10:02:31,5.1,0.47,2.397,25.0,0.0,0.0,10.8,1033,5258,7127,01:44:03,6243,1720684951.8755097
2024-07-11 10:02:32,5.1,0.47,2.397,25.0,0.0,0.0,10.8,1033,5258,7128,01:44:04,6244,1720684952.2385361
2024-07-11 10:02:32,5.1,0.466,2.376,25.0,0.0,0.0,10.9,1033,5258,7128,01:44:04,6244,1720684952.556827
2024-07-11 10:02:32,5.1,0.469,2.391,25.0,0.0,0.0,10.8,1033,5259,7129,01:44:04,6244,1720684952.8994422
2024-07-11 10:02:33,5.1,0.469,2.391,25.0,0.0,0.0,10.8,1033,5259,7129,01:44:05,6245,1720684953.2444193
2024-07-11 10:02:33,5.1,0.468,2.386,25.0,0.0,0.0,10.8,1033,5259,7129,01:44:05,6245,1720684953.5797322
2024-07-11 10:02:33,5.1,0.468,2.386,25.0,0.0,0.0,10.8,1033,5260,7130,01:44:05,6245,1720684953.921561
2024-07-11 10:02:34,5.1,0.466,2.376,25.0,0.0,0.0,10.9,1033,5260,7130,01:44:06,6246,1720684954.27196
2024-07-11 10:02:34,5.1,0.468,2.386,25.0,0.01,0.0,10.8,1033,5260,7130,01:44:06,6246,1720684954.6044304
2024-07-11 10:02:34,5.1,0.468,2.386,25.0,0.01,0.0,10.8,1033,5260,7131,01:44:06,6246,1720684954.9457269
2024-07-11 10:02:35,5.1,0.468,2.386,25.0,0.01,0.0,10.8,1033,5260,7131,01:44:07,6247,1720684955.2905717
2024-07-11 10:02:35,5.1,0.468,2.386,25.0,0.01,0.0,10.8,1033,5260,7131,01:44:07,6247,1720684955.62817
2024-07-11 10:02:35,5.1,0.468,2.386,25.0,0.01,0.0,10.8,1033,5261,7132,01:44:07,6247,1720684955.969432
2024-07-11 10:02:36,5.1,0.466,2.376,25.0,0.01,0.0,10.9,1033,5261,7132,01:44:08,6248,1720684956.3144453
2024-07-11 10:02:36,5.1,0.466,2.376,25.0,0.01,0.0,10.9,1033,5261,7132,01:44:08,6248,1720684956.6519632
2024-07-11 10:02:36,5.1,0.467,2.381,25.0,0.01,0.0,10.9,1033,5262,7133,01:44:08,6248,1720684956.9947684
2024-07-11 10:02:37,5.1,0.469,2.391,25.0,0.01,0.0,10.8,1033,5262,7133,01:44:09,6249,1720684957.3585064
2024-07-11 10:02:37,5.1,0.469,2.391,25.0,0.01,0.0,10.8,1033,5262,7133,01:44:09,6249,1720684957.6757221
2024-07-11 10:02:38,5.1,0.465,2.371,25.0,0.01,0.0,10.9,1033,5262,7134,01:44:09,6249,1720684958.0169678
2024-07-11 10:02:38,5.1,0.468,2.386,25.0,0.01,0.0,10.8,1033,5262,7134,01:44:10,6250,1720684958.358204
2024-07-11 10:02:38,5.1,0.468,2.386,25.0,0.01,0.0,10.8,1033,5262,7134,01:44:10,6250,1720684958.6995075
2024-07-11 10:02:39,5.1,0.467,2.381,25.0,0.01,0.0,10.9,1034,5263,7135,01:44:10,6250,1720684959.0402176
2024-07-11 10:02:39,5.1,0.467,2.381,25.0,0.01,0.0,10.9,1034,5263,7135,01:44:11,6251,1720684959.382007
2024-07-11 10:02:39,5.1,0.467,2.381,25.0,0.01,0.0,10.9,1034,5263,7135,01:44:11,6251,1720684959.7232556
2024-07-11 10:02:40,5.1,0.466,2.376,25.0,0.01,0.0,10.9,1034,5264,7136,01:44:11,6251,1720684960.0645025
2024-07-11 10:02:40,5.1,0.466,2.376,25.0,0.01,0.0,10.9,1034,5264,7136,01:44:12,6252,1720684960.4047875
2024-07-11 10:02:40,5.1,0.468,2.386,25.0,0.01,0.0,10.8,1034,5264,7136,01:44:12,6252,1720684960.7469478
2024-07-11 10:02:41,5.1,0.468,2.386,25.0,0.01,0.0,10.8,1034,5264,7137,01:44:12,6252,1720684961.0880923
2024-07-11 10:02:41,5.1,0.468,2.386,25.0,0.01,0.0,10.8,1034,5264,7137,01:44:13,6253,1720684961.4294255
2024-07-11 10:02:41,5.1,0.466,2.376,25.0,0.01,0.0,10.9,1034,5264,7137,01:44:13,6253,1720684961.7701836
2024-07-11 10:02:42,5.1,0.466,2.376,25.0,0.01,0.0,10.9,1034,5265,7138,01:44:14,6254,1720684962.1107626
2024-07-11 10:02:42,5.1,0.469,2.391,25.0,0.01,0.0,10.8,1034,5265,7138,01:44:14,6254,1720684962.4782145
2024-07-11 10:02:42,5.1,0.468,2.386,25.0,0.01,0.0,10.8,1034,5265,7138,01:44:14,6254,1720684962.7944057
2024-07-11 10:02:43,5.1,0.468,2.386,25.0,0.01,0.0,10.8,1034,5266,7139,01:44:15,6255,1720684963.134505
2024-07-11 10:02:43,5.1,0.47,2.397,25.0,0.01,0.0,10.8,1034,5266,7139,01:44:15,6255,1720684963.4754295
2024-07-11 10:02:43,5.1,0.469,2.391,25.0,0.01,0.0,10.8,1034,5266,7139,01:44:15,6255,1720684963.8163927
2024-07-11 10:02:44,5.1,0.469,2.391,25.0,0.01,0.0,10.8,1034,5266,7140,01:44:16,6256,1720684964.1581728
2024-07-11 10:02:44,5.1,0.467,2.381,25.0,0.01,0.0,10.9,1034,5266,7140,01:44:16,6256,1720684964.502003
2024-07-11 10:02:44,5.1,0.467,2.381,25.0,0.01,0.0,10.9,1034,5266,7140,01:44:16,6256,1720684964.840772
2024-07-11 10:02:45,5.1,0.468,2.386,25.0,0.01,0.0,10.8,1034,5267,7141,01:44:17,6257,1720684965.1819906
2024-07-11 10:02:45,5.1,0.465,2.371,25.0,0.01,0.0,10.9,1034,5267,7141,01:44:17,6257,1720684965.5231836
2024-07-11 10:02:45,5.1,0.465,2.371,25.0,0.01,0.0,10.9,1034,5267,7141,01:44:17,6257,1720684965.864501
2024-07-11 10:02:46,5.1,0.467,2.381,25.0,0.01,0.0,10.9,1034,5268,7142,01:44:18,6258,1720684966.20546
2024-07-11 10:02:46,5.1,0.466,2.376,25.0,0.01,0.0,10.9,1034,5268,7142,01:44:18,6258,1720684966.546975
2024-07-11 10:02:46,5.1,0.466,2.376,25.0,0.01,0.0,10.9,1035,5268,7143,01:44:18,6258,1720684966.8882368
2024-07-11 10:02:47,5.1,0.465,2.371,25.0,0.0,0.0,10.9,1035,5268,7143,01:44:19,6259,1720684967.2291484
2024-07-11 10:02:47,5.1,0.465,2.371,25.0,0.0,0.0,10.9,1035,5268,7143,01:44:19,6259,1720684967.5982425
2024-07-11 10:02:47,5.1,0.468,2.386,25.0,0.0,0.0,10.8,1035,5269,7144,01:44:19,6259,1720684967.9120865
2024-07-11 10:02:48,5.1,0.47,2.397,25.0,0.0,0.0,10.8,1035,5269,7144,01:44:20,6260,1720684968.2532768
2024-07-11 10:02:48,5.1,0.47,2.397,25.0,0.0,0.0,10.8,1035,5269,7144,01:44:20,6260,1720684968.593185
2024-07-11 10:02:48,5.1,0.467,2.381,25.0,0.0,0.0,10.9,1035,5270,7145,01:44:20,6260,1720684968.9357743
2024-07-11 10:02:49,5.1,0.464,2.366,25.0,0.0,0.0,10.9,1035,5270,7145,01:44:21,6261,1720684969.2768607
2024-07-11 10:02:49,5.1,0.464,2.366,25.0,0.0,0.0,10.9,1035,5270,7145,01:44:21,6261,1720684969.6182384
2024-07-11 10:02:49,5.1,0.467,2.381,25.0,0.0,0.0,10.9,1035,5270,7146,01:44:21,6261,1720684969.9594958
2024-07-11 10:02:50,5.1,0.467,2.381,25.0,0.0,0.0,10.9,1035,5270,7146,01:44:22,6262,1720684970.3007643
2024-07-11 10:02:50,5.1,0.467,2.381,25.0,0.0,0.0,10.9,1035,5270,7146,01:44:22,6262,1720684970.6416907
2024-07-11 10:02:50,5.11,0.465,2.376,25.0,0.0,0.0,10.9,1035,5271,7147,01:44:22,6262,1720684970.9824789
2024-07-11 10:02:51,5.11,0.465,2.376,25.0,0.0,0.0,10.9,1035,5271,7147,01:44:23,6263,1720684971.324525
2024-07-11 10:02:51,5.1,0.469,2.391,25.0,0.0,0.0,10.8,1035,5271,7147,01:44:23,6263,1720684971.6655293
2024-07-11 10:02:52,5.1,0.467,2.381,25.0,0.0,0.0,10.9,1035,5272,7148,01:44:23,6263,1720684972.0069766
2024-07-11 10:02:52,5.1,0.467,2.381,25.0,0.0,0.0,10.9,1035,5272,7148,01:44:24,6264,1720684972.3482418
2024-07-11 10:02:52,5.1,0.468,2.386,25.0,0.0,0.0,10.8,1035,5272,7148,01:44:24,6264,1720684972.7176054
2024-07-11 10:02:53,5.1,0.468,2.386,25.0,0.0,0.0,10.8,1035,5272,7149,01:44:24,6264,1720684973.0321615
2024-07-11 10:02:53,5.1,0.466,2.376,25.0,0.0,0.0,10.9,1035,5272,7149,01:44:25,6265,1720684973.37324
2024-07-11 10:02:53,5.1,0.467,2.381,25.0,0.0,0.0,10.9,1035,5272,7149,01:44:25,6265,1720684973.7144806
2024-07-11 10:02:54,5.1,0.467,2.381,25.0,0.0,0.0,10.9,1036,5273,7150,01:44:25,6265,1720684974.0555801
2024-07-11 10:02:54,5.1,0.467,2.381,25.0,0.0,0.0,10.9,1036,5273,7150,01:44:26,6266,1720684974.399439
2024-07-11 10:02:54,5.11,0.465,2.376,25.0,0.0,0.0,10.9,1036,5273,7150,01:44:26,6266,1720684974.7379003
2024-07-11 10:02:55,5.11,0.465,2.376,25.0,0.0,0.0,10.9,1036,5274,7151,01:44:26,6266,1720684975.0796177
2024-07-11 10:02:55,5.1,0.467,2.381,25.0,0.0,0.0,10.9,1036,5274,7151,01:44:27,6267,1720684975.4218733
2024-07-11 10:02:55,5.1,0.467,2.381,25.0,0.0,0.0,10.9,1036,5274,7151,01:44:27,6267,1720684975.762033
2024-07-11 10:02:56,5.1,0.467,2.381,25.0,0.0,0.0,10.9,1036,5274,7152,01:44:28,6268,1720684976.104486
2024-07-11 10:02:56,5.1,0.467,2.381,25.0,0.0,0.0,10.9,1036,5274,7152,01:44:28,6268,1720684976.4457908
2024-07-11 10:02:56,5.1,0.467,2.381,25.0,0.0,0.0,10.9,1036,5274,7152,01:44:28,6268,1720684976.785623
2024-07-11 10:02:57,5.1,0.464,2.366,25.0,0.0,0.0,10.9,1036,5275,7153,01:44:29,6269,1720684977.1282547
2024-07-11 10:02:57,5.1,0.469,2.391,25.0,0.0,0.0,10.8,1036,5275,7153,01:44:29,6269,1720684977.4687726
2024-07-11 10:02:57,5.1,0.469,2.391,25.0,0.0,0.0,10.8,1036,5275,7153,01:44:29,6269,1720684977.837799
2024-07-11 10:02:58,5.1,0.467,2.381,25.0,0.0,0.0,10.9,1036,5276,7154,01:44:30,6270,1720684978.1511292
2024-07-11 10:02:58,5.1,0.467,2.381,25.0,0.0,0.0,10.9,1036,5276,7154,01:44:30,6270,1720684978.4927511
2024-07-11 10:02:58,5.1,0.465,2.371,25.0,0.0,0.0,10.9,1036,5276,7154,01:44:30,6270,1720684978.8339944
2024-07-11 10:02:59,5.1,0.466,2.376,25.0,0.0,0.0,10.9,1036,5276,7155,01:44:31,6271,1720684979.1754768
2024-07-11 10:02:59,5.1,0.466,2.376,25.0,0.0,0.0,10.9,1036,5276,7155,01:44:31,6271,1720684979.5166466
2024-07-11 10:02:59,5.1,0.467,2.381,25.0,0.0,0.0,10.9,1036,5277,7156,01:44:31,6271,1720684979.8582873
2024-07-11 10:03:00,5.1,0.468,2.386,25.0,0.0,0.0,10.8,1036,5277,7156,01:44:32,6272,1720684980.1995127
2024-07-11 10:03:00,5.1,0.468,2.386,25.0,0.0,0.0,10.8,1036,5277,7156,01:44:32,6272,1720684980.5407932
2024-07-11 10:03:00,5.1,0.467,2.381,25.0,0.0,0.0,10.9,1036,5278,7157,01:44:32,6272,1720684980.881048
2024-07-11 10:03:01,5.1,0.467,2.381,25.0,0.0,0.0,10.9,1036,5278,7157,01:44:33,6273,1720684981.2231972
2024-07-11 10:03:01,5.1,0.466,2.376,25.0,0.01,0.0,10.9,1036,5278,7157,01:44:33,6273,1720684981.5638454
2024-07-11 10:03:01,5.1,0.466,2.376,25.0,0.01,0.0,10.9,1037,5278,7158,01:44:33,6273,1720684981.9070337
2024-07-11 10:03:02,5.1,0.466,2.376,25.0,0.01,0.0,10.9,1037,5278,7158,01:44:34,6274,1720684982.2470062
2024-07-11 10:03:02,5.1,0.465,2.371,25.0,0.01,0.0,10.9,1037,5278,7158,01:44:34,6274,1720684982.589488
2024-07-11 10:03:02,5.1,0.467,2.381,25.0,0.01,0.0,10.9,1037,5279,7159,01:44:34,6274,1720684982.9582868
2024-07-11 10:03:03,5.1,0.467,2.381,25.0,0.01,0.0,10.9,1037,5279,7159,01:44:35,6275,1720684983.2720404
2024-07-11 10:03:03,5.1,0.467,2.381,25.0,0.01,0.0,10.9,1037,5279,7159,01:44:35,6275,1720684983.6132715
2024-07-11 10:03:03,5.1,0.467,2.381,25.0,0.01,0.0,10.9,1037,5280,7160,01:44:35,6275,1720684983.9545045
2024-07-11 10:03:04,5.1,0.464,2.366,25.0,0.01,0.0,10.9,1037,5280,7160,01:44:36,6276,1720684984.2948232
2024-07-11 10:03:04,5.1,0.466,2.376,25.0,0.01,0.0,10.9,1037,5280,7160,01:44:36,6276,1720684984.636996
2024-07-11 10:03:04,5.1,0.466,2.376,25.0,0.01,0.0,10.9,1037,5280,7161,01:44:36,6276,1720684984.9782834
2024-07-11 10:03:05,5.1,0.466,2.376,25.0,0.01,0.0,10.9,1037,5280,7161,01:44:37,6277,1720684985.3194802
2024-07-11 10:03:05,5.1,0.466,2.376,25.0,0.01,0.0,10.9,1037,5280,7161,01:44:37,6277,1720684985.6615295
2024-07-11 10:03:06,5.1,0.466,2.376,25.0,0.01,0.0,10.9,1037,5281,7162,01:44:37,6277,1720684986.0032256
2024-07-11 10:03:06,5.1,0.464,2.366,25.0,0.01,0.0,10.9,1037,5281,7162,01:44:38,6278,1720684986.3437643
2024-07-11 10:03:06,5.1,0.464,2.366,25.0,0.01,0.0,10.9,1037,5281,7162,01:44:38,6278,1720684986.6856086
2024-07-11 10:03:07,5.1,0.467,2.381,25.0,0.01,0.0,10.9,1037,5282,7163,01:44:38,6278,1720684987.0270367
2024-07-11 10:03:07,5.1,0.467,2.381,25.0,0.01,0.0,10.9,1037,5282,7163,01:44:39,6279,1720684987.3683035
2024-07-11 10:03:07,5.1,0.467,2.381,25.0,0.01,0.0,10.9,1037,5282,7163,01:44:39,6279,1720684987.7092443
2024-07-11 10:03:08,5.1,0.466,2.376,25.0,0.01,0.0,10.9,1037,5282,7164,01:44:39,6279,1720684988.0808012
2024-07-11 10:03:08,5.1,0.466,2.376,25.0,0.01,0.0,10.9,1037,5282,7164,01:44:40,6280,1720684988.3919928
2024-07-11 10:03:08,5.1,0.466,2.376,25.0,0.01,0.0,10.9,1037,5282,7164,01:44:40,6280,1720684988.7332592
2024-07-11 10:03:09,5.1,0.466,2.376,25.0,0.01,0.0,10.9,1037,5283,7165,01:44:40,6280,1720684989.0745077
2024-07-11 10:03:09,5.1,0.466,2.376,25.0,0.01,0.0,10.9,1037,5283,7165,01:44:41,6281,1720684989.4183095
2024-07-11 10:03:09,5.1,0.467,2.381,25.0,0.01,0.0,10.9,1037,5283,7165,01:44:41,6281,1720684989.757018
2024-07-11 10:03:10,5.1,0.465,2.371,25.0,0.01,0.0,10.9,1038,5284,7166,01:44:41,6281,1720684990.0982897
2024-07-11 10:03:10,5.1,0.465,2.371,25.0,0.01,0.0,10.9,1038,5284,7166,01:44:42,6282,1720684990.4395423
2024-07-11 10:03:10,5.09,0.569,2.896,25.0,0.01,0.0,8.9,1038,5284,7166,01:44:42,6282,1720684990.780821
2024-07-11 10:03:11,5.08,0.647,3.286,25.0,0.01,0.0,7.8,1038,5284,7167,01:44:43,6283,1720684991.1210723
2024-07-11 10:03:11,5.08,0.647,3.286,25.0,0.01,0.0,7.8,1038,5284,7167,01:44:43,6283,1720684991.4633026
2024-07-11 10:03:11,5.07,0.738,3.741,25.0,0.01,0.0,6.8,1038,5284,7167,01:44:43,6283,1720684991.8045223
2024-07-11 10:03:12,5.07,0.738,3.741,25.0,0.01,0.0,6.8,1038,5285,7168,01:44:44,6284,1720684992.1458187
2024-07-11 10:03:12,5.06,0.766,3.875,25.0,0.01,0.0,6.6,1038,5285,7168,01:44:44,6284,1720684992.4869463
2024-07-11 10:03:12,5.09,0.553,2.814,25.0,0.01,0.0,9.2,1038,5286,7169,01:44:44,6284,1720684992.8282764
2024-07-11 10:03:13,5.09,0.553,2.814,25.0,0.01,0.0,9.2,1038,5286,7169,01:44:45,6285,1720684993.2007773
2024-07-11 10:03:13,5.1,0.514,2.621,25.0,0.01,0.0,9.9,1038,5286,7169,01:44:45,6285,1720684993.508307
2024-07-11 10:03:13,5.09,0.542,2.758,25.0,0.01,0.0,9.3,1038,5287,7170,01:44:45,6285,1720684993.848293
2024-07-11 10:03:14,5.09,0.542,2.758,25.0,0.01,0.0,9.3,1038,5287,7170,01:44:46,6286,1720684994.1879435
2024-07-11 10:03:14,5.09,0.552,2.809,25.0,0.01,0.0,9.2,1038,5287,7170,01:44:46,6286,1720684994.527573
2024-07-11 10:03:14,5.09,0.552,2.809,25.0,0.01,0.0,9.2,1038,5288,7171,01:44:46,6286,1720684994.8675153
2024-07-11 10:03:15,5.09,0.531,2.702,25.0,0.01,0.0,9.5,1038,5288,7171,01:44:47,6287,1720684995.2095826
2024-07-11 10:03:15,5.1,0.491,2.504,25.0,0.01,0.0,10.3,1038,5288,7171,01:44:47,6287,1720684995.5495121
2024-07-11 10:03:15,5.1,0.491,2.504,25.0,0.01,0.0,10.3,1039,5289,7172,01:44:47,6287,1720684995.889171
2024-07-11 10:03:16,5.09,0.564,2.87,25.0,0.01,0.0,9.0,1039,5289,7172,01:44:48,6288,1720684996.2295158
2024-07-11 10:03:16,5.07,0.703,3.564,25.0,0.01,0.0,7.2,1039,5289,7172,01:44:48,6288,1720684996.570835
2024-07-11 10:03:16,5.07,0.703,3.564,25.0,0.01,0.0,7.2,1039,5290,7173,01:44:48,6288,1720684996.910837
2024-07-11 10:03:17,5.07,0.675,3.422,25.0,0.01,0.0,7.5,1039,5290,7173,01:44:49,6289,1720684997.2508092
2024-07-11 10:03:17,5.07,0.675,3.422,25.0,0.01,0.0,7.5,1039,5290,7173,01:44:49,6289,1720684997.5911562
2024-07-11 10:03:17,5.07,0.687,3.483,25.0,0.01,0.0,7.3,1039,5291,7174,01:44:49,6289,1720684997.9297998
2024-07-11 10:03:18,5.06,0.766,3.875,25.0,0.0,0.0,6.6,1039,5291,7174,01:44:50,6290,1720684998.2720027
2024-07-11 10:03:18,5.06,0.766,3.875,25.0,0.0,0.0,6.6,1039,5291,7174,01:44:50,6290,1720684998.6120763
2024-07-11 10:03:18,5.08,0.622,3.159,25.0,0.01,0.0,8.1,1039,5292,7175,01:44:50,6290,1720684998.9611
2024-07-11 10:03:19,5.09,0.532,2.707,25.0,0.01,0.0,9.5,1039,5292,7175,01:44:51,6291,1720684999.2932942
2024-07-11 10:03:19,5.09,0.532,2.707,25.0,0.01,0.0,9.5,1039,5292,7175,01:44:51,6291,1720684999.6345413
2024-07-11 10:03:19,5.09,0.558,2.84,25.0,0.01,0.0,9.1,1039,5292,7176,01:44:51,6291,1720684999.973393
2024-07-11 10:03:20,5.09,0.558,2.84,25.0,0.01,0.0,9.1,1039,5292,7176,01:44:52,6292,1720685000.3166878
2024-07-11 10:03:20,5.09,0.546,2.779,25.0,0.01,0.0,9.3,1039,5292,7176,01:44:52,6292,1720685000.6570756
2024-07-11 10:03:20,5.1,0.518,2.641,25.0,0.01,0.0,9.8,1039,5293,7177,01:44:52,6292,1720685000.9949143
2024-07-11 10:03:21,5.1,0.518,2.641,25.0,0.01,0.0,9.8,1039,5293,7177,01:44:53,6293,1720685001.3339503
2024-07-11 10:03:21,5.1,0.499,2.544,25.0,0.01,0.0,10.2,1039,5293,7177,01:44:53,6293,1720685001.6807926
2024-07-11 10:03:22,5.1,0.494,2.519,25.0,0.01,0.0,10.3,1040,5294,7178,01:44:53,6293,1720685002.015567
2024-07-11 10:03:22,5.1,0.494,2.519,25.0,0.01,0.0,10.3,1040,5294,7178,01:44:54,6294,1720685002.355781
2024-07-11 10:03:22,5.07,0.695,3.523,25.0,0.01,0.0,7.2,1040,5294,7178,01:44:54,6294,1720685002.6970782
2024-07-11 10:03:23,5.07,0.695,3.523,25.0,0.01,0.0,7.2,1040,5295,7179,01:44:54,6294,1720685003.0370982
2024-07-11 10:03:23,5.07,0.68,3.447,25.0,0.01,0.0,7.4,1040,5295,7179,01:44:55,6295,1720685003.3795657
2024-07-11 10:03:23,5.07,0.716,3.63,25.0,0.01,0.0,7.0,1040,5295,7179,01:44:55,6295,1720685003.718115
2024-07-11 10:03:24,5.07,0.716,3.63,25.0,0.01,0.0,7.0,1040,5296,7180,01:44:55,6295,1720685004.079629
2024-07-11 10:03:24,5.07,0.731,3.706,25.0,0.0,0.0,6.9,1040,5296,7180,01:44:56,6296,1720685004.4008243
2024-07-11 10:03:24,5.07,0.698,3.538,25.0,0.01,0.0,7.2,1040,5296,7180,01:44:56,6296,1720685004.7390513
2024-07-11 10:03:25,5.07,0.698,3.538,25.0,0.01,0.0,7.2,1040,5297,7181,01:44:56,6296,1720685005.079536
2024-07-11 10:03:25,5.1,0.517,2.636,25.0,0.01,0.0,9.8,1040,5297,7181,01:44:57,6297,1720685005.4193885
2024-07-11 10:03:25,5.1,0.517,2.636,25.0,0.01,0.0,9.8,1040,5297,7181,01:44:57,6297,1720685005.7608232
2024-07-11 10:03:26,5.1,0.522,2.662,25.0,0.01,0.0,9.7,1040,5298,7182,01:44:57,6297,1720685006.1008675
2024-07-11 10:03:26,5.09,0.541,2.753,25.0,0.01,0.0,9.4,1040,5298,7182,01:44:58,6298,1720685006.4420824
2024-07-11 10:03:26,5.09,0.541,2.753,25.0,0.01,0.0,9.4,1040,5298,7183,01:44:58,6298,1720685006.7819283
2024-07-11 10:03:27,5.09,0.545,2.774,25.0,0.01,0.0,9.3,1040,5298,7183,01:44:59,6299,1720685007.122115
2024-07-11 10:03:27,5.1,0.523,2.667,25.0,0.01,0.0,9.7,1040,5298,7183,01:44:59,6299,1720685007.4631603
2024-07-11 10:03:27,5.1,0.523,2.667,25.0,0.01,0.0,9.7,1041,5299,7184,01:44:59,6299,1720685007.8035188
2024-07-11 10:03:28,5.08,0.643,3.266,25.0,0.01,0.0,7.9,1041,5299,7184,01:45:00,6300,1720685008.144533
2024-07-11 10:03:28,5.08,0.643,3.266,25.0,0.01,0.0,7.9,1041,5299,7184,01:45:00,6300,1720685008.4845572
2024-07-11 10:03:28,5.08,0.63,3.2,25.0,0.01,0.0,8.0,1041,5300,7185,01:45:00,6300,1720685008.825865
2024-07-11 10:03:29,5.07,0.725,3.675,25.0,0.01,0.0,6.9,1041,5300,7185,01:45:01,6301,1720685009.1983116
2024-07-11 10:03:29,5.07,0.725,3.675,25.0,0.01,0.0,6.9,1041,5300,7185,01:45:01,6301,1720685009.5071063
2024-07-11 10:03:29,5.06,0.786,3.977,25.0,0.01,0.0,6.4,1041,5301,7186,01:45:01,6301,1720685009.8471065
2024-07-11 10:03:30,5.08,0.644,3.271,25.0,0.01,0.0,7.8,1041,5301,7186,01:45:02,6302,1720685010.1908586
2024-07-11 10:03:30,5.08,0.644,3.271,25.0,0.01,0.0,7.8,1041,5301,7186,01:45:02,6302,1720685010.5283272
2024-07-11 10:03:30,5.07,0.708,3.589,25.0,0.01,0.0,7.1,1041,5302,7187,01:45:02,6302,1720685010.869379
2024-07-11 10:03:31,5.07,0.708,3.589,25.0,0.01,0.0,7.1,1041,5302,7187,01:45:03,6303,1720685011.2124174
2024-07-11 10:03:31,5.08,0.612,3.108,25.0,0.01,0.0,8.3,1041,5302,7187,01:45:03,6303,1720685011.54993
2024-07-11 10:03:31,5.09,0.54,2.748,25.0,0.01,0.0,9.4,1041,5303,7188,01:45:03,6303,1720685011.890813
2024-07-11 10:03:32,5.09,0.54,2.748,25.0,0.01,0.0,9.4,1041,5303,7188,01:45:04,6304,1720685012.2346528
2024-07-11 10:03:32,5.09,0.563,2.865,25.0,0.01,0.0,9.0,1041,5303,7188,01:45:04,6304,1720685012.571407
2024-07-11 10:03:32,5.09,0.564,2.87,25.0,0.01,0.0,9.0,1042,5304,7189,01:45:04,6304,1720685012.9131875
2024-07-11 10:03:33,5.09,0.564,2.87,25.0,0.01,0.0,9.0,1042,5304,7189,01:45:05,6305,1720685013.2584043
2024-07-11 10:03:33,5.1,0.51,2.601,25.0,0.01,0.0,10.0,1042,5304,7189,01:45:05,6305,1720685013.594643
2024-07-11 10:03:33,5.1,0.51,2.601,25.0,0.01,0.0,10.0,1042,5304,7190,01:45:05,6305,1720685013.934631
2024-07-11 10:03:34,5.1,0.494,2.519,25.0,0.01,0.0,10.3,1042,5304,7190,01:45:06,6306,1720685014.2820415
2024-07-11 10:03:34,5.08,0.615,3.124,25.0,0.01,0.0,8.2,1042,5304,7190,01:45:06,6306,1720685014.6158006
2024-07-11 10:03:34,5.08,0.615,3.124,25.0,0.01,0.0,8.2,1042,5305,7191,01:45:06,6306,1720685014.9606872
2024-07-11 10:03:35,5.07,0.672,3.407,25.0,0.01,0.0,7.5,1042,5305,7191,01:45:07,6307,1720685015.3095171
2024-07-11 10:03:35,5.06,0.772,3.906,25.0,0.01,0.0,6.5,1042,5305,7191,01:45:07,6307,1720685015.6383922
2024-07-11 10:03:35,5.06,0.772,3.906,25.0,0.01,0.0,6.5,1042,5306,7192,01:45:07,6307,1720685015.9784048
2024-07-11 10:03:36,5.07,0.722,3.66,25.0,0.01,0.0,7.0,1042,5306,7192,01:45:08,6308,1720685016.3232274
2024-07-11 10:03:36,5.07,0.722,3.66,25.0,0.01,0.0,7.0,1042,5306,7192,01:45:08,6308,1720685016.6593685
2024-07-11 10:03:37,5.08,0.648,3.291,25.0,0.01,0.0,7.8,1042,5307,7193,01:45:08,6308,1720685017.0007946
2024-07-11 10:03:37,5.1,0.516,2.631,25.0,0.01,0.0,9.8,1042,5307,7193,01:45:09,6309,1720685017.3408847
2024-07-11 10:03:37,5.1,0.516,2.631,25.0,0.01,0.0,9.8,1042,5307,7193,01:45:09,6309,1720685017.6846464
2024-07-11 10:03:38,5.1,0.491,2.504,25.0,0.01,0.0,10.3,1042,5308,7194,01:45:09,6309,1720685018.0221407
2024-07-11 10:03:38,5.1,0.494,2.519,25.0,0.01,0.0,10.3,1042,5308,7194,01:45:10,6310,1720685018.3626487
2024-07-11 10:03:38,5.1,0.494,2.519,25.0,0.01,0.0,10.3,1042,5308,7194,01:45:10,6310,1720685018.7033384
2024-07-11 10:03:39,5.09,0.547,2.784,25.0,0.01,0.0,9.3,1043,5309,7195,01:45:10,6310,1720685019.0443609
2024-07-11 10:03:39,5.09,0.547,2.784,25.0,0.01,0.0,9.3,1043,5309,7195,01:45:11,6311,1720685019.3846366
2024-07-11 10:03:39,5.09,0.561,2.855,25.0,0.01,0.0,9.0,1043,5309,7195,01:45:11,6311,1720685019.7258391
2024-07-11 10:03:40,5.09,0.548,2.789,25.0,0.01,0.0,9.2,1043,5309,7196,01:45:11,6311,1720685020.0823605
2024-07-11 10:03:40,5.09,0.548,2.789,25.0,0.01,0.0,9.2,1043,5309,7196,01:45:12,6312,1720685020.40711
2024-07-11 10:03:40,5.08,0.66,3.352,25.0,0.01,0.0,7.6,1043,5310,7197,01:45:12,6312,1720685020.74838
2024-07-11 10:03:41,5.07,0.714,3.619,25.0,0.0,0.0,7.1,1043,5310,7197,01:45:12,6312,1720685021.0883865
2024-07-11 10:03:41,5.07,0.714,3.619,25.0,0.0,0.0,7.1,1043,5310,7197,01:45:13,6313,1720685021.428698
2024-07-11 10:03:41,5.07,0.712,3.609,25.0,0.0,0.0,7.1,1043,5311,7198,01:45:13,6313,1720685021.7688417
2024-07-11 10:03:42,5.07,0.712,3.609,25.0,0.0,0.0,7.1,1043,5311,7198,01:45:14,6314,1720685022.1107914
2024-07-11 10:03:42,5.07,0.694,3.518,25.0,0.0,0.0,7.3,1043,5311,7198,01:45:14,6314,1720685022.4521775
2024-07-11 10:03:42,5.07,0.695,3.523,25.0,0.01,0.0,7.2,1043,5312,7199,01:45:14,6314,1720685022.7913516
2024-07-11 10:03:43,5.07,0.695,3.523,25.0,0.01,0.0,7.2,1043,5312,7199,01:45:15,6315,1720685023.1333706
2024-07-11 10:03:43,5.09,0.554,2.819,25.0,0.01,0.0,9.1,1043,5312,7199,01:45:15,6315,1720685023.474171
2024-07-11 10:03:43,5.1,0.512,2.611,25.0,0.01,0.0,9.9,1043,5313,7200,01:45:15,6315,1720685023.814657
2024-07-11 10:03:44,5.1,0.512,2.611,25.0,0.01,0.0,9.9,1043,5313,7200,01:45:16,6316,1720685024.1554127
2024-07-11 10:03:44,5.1,0.509,2.595,25.0,0.01,0.0,10.0,1043,5313,7200,01:45:16,6316,1720685024.4971373
2024-07-11 10:03:44,5.1,0.509,2.595,25.0,0.01,0.0,10.0,1044,5314,7201,01:45:16,6316,1720685024.8371496
2024-07-11 10:03:45,5.1,0.525,2.677,25.0,0.01,0.0,9.7,1044,5314,7201,01:45:17,6317,1720685025.1976333
2024-07-11 10:03:45,5.09,0.554,2.819,25.0,0.01,0.0,9.1,1044,5314,7201,01:45:17,6317,1720685025.5196664
2024-07-11 10:03:45,5.09,0.554,2.819,25.0,0.01,0.0,9.1,1044,5315,7202,01:45:17,6317,1720685025.860864
2024-07-11 10:03:46,5.09,0.545,2.774,25.0,0.01,0.0,9.3,1044,5315,7202,01:45:18,6318,1720685026.2008636
2024-07-11 10:03:46,5.07,0.668,3.386,25.0,0.01,0.0,7.5,1044,5315,7202,01:45:18,6318,1720685026.5420387
2024-07-11 10:03:46,5.07,0.668,3.386,25.0,0.01,0.0,7.5,1044,5315,7203,01:45:18,6318,1720685026.8831284
2024-07-11 10:03:47,5.07,0.715,3.625,25.0,0.01,0.0,7.0,1044,5315,7203,01:45:19,6319,1720685027.2245998
2024-07-11 10:03:47,5.07,0.715,3.625,25.0,0.01,0.0,7.0,1044,5315,7203,01:45:19,6319,1720685027.5646307
2024-07-11 10:03:47,5.08,0.656,3.332,25.0,0.01,0.0,7.7,1044,5316,7204,01:45:19,6319,1720685027.9083624
2024-07-11 10:03:48,5.07,0.697,3.533,25.0,0.01,0.0,7.2,1044,5316,7204,01:45:20,6320,1720685028.2471628
2024-07-11 10:03:48,5.07,0.697,3.533,25.0,0.01,0.0,7.2,1044,5316,7204,01:45:20,6320,1720685028.588137
2024-07-11 10:03:48,5.06,0.772,3.906,25.0,0.0,0.0,6.5,1044,5317,7205,01:45:20,6320,1720685028.928325
2024-07-11 10:03:49,5.09,0.568,2.891,25.0,0.01,0.0,8.9,1044,5317,7205,01:45:21,6321,1720685029.268895
2024-07-11 10:03:49,5.09,0.568,2.891,25.0,0.01,0.0,8.9,1044,5317,7205,01:45:21,6321,1720685029.6133533
2024-07-11 10:03:49,5.09,0.532,2.707,25.0,0.01,0.0,9.5,1044,5318,7206,01:45:21,6321,1720685029.9522007
2024-07-11 10:03:50,5.09,0.532,2.707,25.0,0.01,0.0,9.5,1044,5318,7206,01:45:22,6322,1720685030.3183618
2024-07-11 10:03:50,5.1,0.492,2.509,25.0,0.01,0.0,10.3,1044,5318,7206,01:45:22,6322,1720685030.6332426
2024-07-11 10:03:50,5.1,0.477,2.432,25.0,0.01,0.0,10.6,1045,5319,7207,01:45:22,6322,1720685030.9746513
2024-07-11 10:03:51,5.1,0.477,2.432,25.0,0.01,0.0,10.6,1045,5319,7207,01:45:23,6323,1720685031.3157458
2024-07-11 10:03:51,5.1,0.523,2.667,25.0,0.01,0.0,9.7,1045,5319,7207,01:45:23,6323,1720685031.6571558
2024-07-11 10:03:52,5.09,0.558,2.84,25.0,0.01,0.0,9.1,1045,5320,7208,01:45:23,6323,1720685032.0011635
2024-07-11 10:03:52,5.09,0.558,2.84,25.0,0.01,0.0,9.1,1045,5320,7208,01:45:24,6324,1720685032.3383784
2024-07-11 10:03:52,5.07,0.67,3.396,25.0,0.01,0.0,7.5,1045,5320,7208,01:45:24,6324,1720685032.679665
2024-07-11 10:03:53,5.07,0.67,3.396,25.0,0.01,0.0,7.5,1045,5321,7209,01:45:24,6324,1720685033.0207093
2024-07-11 10:03:53,5.06,0.747,3.779,25.0,0.0,0.0,6.7,1045,5321,7209,01:45:25,6325,1720685033.3623579
2024-07-11 10:03:53,5.07,0.695,3.523,25.0,0.01,0.0,7.2,1045,5321,7209,01:45:25,6325,1720685033.7046456
2024-07-11 10:03:54,5.07,0.695,3.523,25.0,0.01,0.0,7.2,1045,5322,7210,01:45:25,6325,1720685034.0458217
2024-07-11 10:03:54,5.07,0.697,3.533,25.0,0.01,0.0,7.2,1045,5322,7210,01:45:26,6326,1720685034.3837137
2024-07-11 10:03:54,5.07,0.701,3.554,25.0,0.01,0.0,7.2,1045,5323,7211,01:45:26,6326,1720685034.725062
2024-07-11 10:03:55,5.07,0.701,3.554,25.0,0.01,0.0,7.2,1045,5323,7211,01:45:26,6326,1720685035.0716176
2024-07-11 10:03:55,5.06,0.742,3.754,25.0,0.01,0.0,6.8,1045,5323,7211,01:45:27,6327,1720685035.4379108
2024-07-11 10:03:55,5.06,0.742,3.754,25.0,0.01,0.0,6.8,1045,5324,7212,01:45:27,6327,1720685035.7496457
2024-07-11 10:03:56,5.09,0.532,2.707,25.0,0.01,0.0,9.5,1045,5324,7212,01:45:27,6327,1720685036.0937212
2024-07-11 10:03:56,5.09,0.562,2.86,25.0,0.01,0.0,9.0,1045,5324,7212,01:45:28,6328,1720685036.4332676
2024-07-11 10:03:56,5.09,0.562,2.86,25.0,0.01,0.0,9.0,1046,5324,7213,01:45:28,6328,1720685036.7720447
2024-07-11 10:03:57,5.09,0.545,2.774,25.0,0.01,0.0,9.3,1046,5324,7213,01:45:29,6329,1720685037.119725
2024-07-11 10:03:57,5.09,0.544,2.768,25.0,0.01,0.0,9.3,1046,5324,7213,01:45:29,6329,1720685037.454701
2024-07-11 10:03:57,5.09,0.544,2.768,25.0,0.01,0.0,9.3,1046,5325,7214,01:45:29,6329,1720685037.7958581
2024-07-11 10:03:58,5.1,0.503,2.565,25.0,0.01,0.0,10.1,1046,5325,7214,01:45:30,6330,1720685038.1434252
2024-07-11 10:03:58,5.1,0.503,2.565,25.0,0.01,0.0,10.1,1046,5325,7214,01:45:30,6330,1720685038.4784205
2024-07-11 10:03:58,5.09,0.586,2.982,25.0,0.01,0.0,8.6,1046,5326,7215,01:45:30,6330,1720685038.8195593
2024-07-11 10:03:59,5.06,0.776,3.926,25.0,0.01,0.0,6.5,1046,5326,7215,01:45:31,6331,1720685039.1659436
2024-07-11 10:03:59,5.06,0.776,3.926,25.0,0.01,0.0,6.5,1046,5326,7215,01:45:31,6331,1720685039.5009308
2024-07-11 10:03:59,5.07,0.732,3.711,25.0,0.01,0.0,6.9,1046,5327,7216,01:45:31,6331,1720685039.8421404
2024-07-11 10:04:00,5.08,0.634,3.22,25.0,0.01,0.0,8.0,1046,5327,7216,01:45:32,6332,1720685040.192241
2024-07-11 10:04:00,5.08,0.634,3.22,25.0,0.01,0.0,8.0,1046,5327,7216,01:45:32,6332,1720685040.554739
2024-07-11 10:04:00,5.07,0.71,3.599,25.0,0.01,0.0,7.1,1046,5328,7217,01:45:32,6332,1720685040.8659472
2024-07-11 10:04:01,5.07,0.71,3.599,25.0,0.01,0.0,7.1,1046,5328,7217,01:45:33,6333,1720685041.2084517
2024-07-11 10:04:01,5.08,0.611,3.103,25.0,0.01,0.0,8.3,1046,5328,7217,01:45:33,6333,1720685041.5482438
2024-07-11 10:04:01,5.09,0.576,2.931,25.0,0.01,0.0,8.8,1046,5329,7218,01:45:33,6333,1720685041.8884435
2024-07-11 10:04:02,5.09,0.576,2.931,25.0,0.01,0.0,8.8,1046,5329,7218,01:45:34,6334,1720685042.237937
2024-07-11 10:04:02,5.09,0.554,2.819,25.0,0.01,0.0,9.1,1046,5329,7218,01:45:34,6334,1720685042.5709543
2024-07-11 10:04:02,5.1,0.515,2.626,25.0,0.01,0.0,9.9,1047,5330,7219,01:45:34,6334,1720685042.91206
2024-07-11 10:04:03,5.1,0.515,2.626,25.0,0.01,0.0,9.9,1047,5330,7219,01:45:35,6335,1720685043.2559586
2024-07-11 10:04:03,5.1,0.487,2.483,25.0,0.01,0.0,10.4,1047,5330,7219,01:45:35,6335,1720685043.593226
2024-07-11 10:04:03,5.1,0.487,2.483,25.0,0.01,0.0,10.4,1047,5330,7220,01:45:35,6335,1720685043.9346828
2024-07-11 10:04:04,5.1,0.498,2.539,25.0,0.01,0.0,10.2,1047,5330,7220,01:45:36,6336,1720685044.2758436
2024-07-11 10:04:04,5.09,0.587,2.987,25.0,0.01,0.0,8.6,1047,5330,7220,01:45:36,6336,1720685044.6171887
2024-07-11 10:04:04,5.09,0.587,2.987,25.0,0.01,0.0,8.6,1047,5331,7221,01:45:36,6336,1720685044.9584565
2024-07-11 10:04:05,5.07,0.722,3.66,25.0,0.0,0.0,7.0,1047,5331,7221,01:45:37,6337,1720685045.3016582
2024-07-11 10:04:05,5.07,0.7,3.549,25.0,0.01,0.0,7.2,1047,5331,7221,01:45:37,6337,1720685045.6389706
2024-07-11 10:04:05,5.07,0.7,3.549,25.0,0.01,0.0,7.2,1047,5332,7222,01:45:37,6337,1720685045.9809368
2024-07-11 10:04:06,5.07,0.691,3.503,25.0,0.01,0.0,7.3,1047,5332,7222,01:45:38,6338,1720685046.327185
2024-07-11 10:04:06,5.07,0.691,3.503,25.0,0.01,0.0,7.3,1047,5332,7222,01:45:38,6338,1720685046.6634467
2024-07-11 10:04:07,5.07,0.7,3.549,25.0,0.01,0.0,7.2,1047,5333,7223,01:45:38,6338,1720685047.0034523
2024-07-11 10:04:07,5.08,0.628,3.19,25.0,0.01,0.0,8.0,1047,5333,7223,01:45:39,6339,1720685047.3484876
2024-07-11 10:04:07,5.08,0.628,3.19,25.0,0.01,0.0,8.0,1047,5334,7224,01:45:39,6339,1720685047.6854453
2024-07-11 10:04:08,5.1,0.505,2.575,25.0,0.01,0.0,10.0,1047,5334,7224,01:45:39,6339,1720685048.0270605
2024-07-11 10:04:08,5.1,0.503,2.565,25.0,0.01,0.0,10.1,1047,5334,7224,01:45:40,6340,1720685048.3784726
2024-07-11 10:04:08,5.1,0.503,2.565,25.0,0.01,0.0,10.1,1048,5335,7225,01:45:40,6340,1720685048.709755
2024-07-11 10:04:09,5.1,0.531,2.708,25.0,0.01,0.0,9.6,1048,5335,7225,01:45:40,6340,1720685049.0504107
2024-07-11 10:04:09,5.1,0.531,2.708,25.0,0.01,0.0,9.6,1048,5335,7225,01:45:41,6341,1720685049.3904853
2024-07-11 10:04:09,5.09,0.557,2.835,25.0,0.01,0.0,9.1,1048,5335,7226,01:45:41,6341,1720685049.7345867
2024-07-11 10:04:10,5.09,0.561,2.855,25.0,0.01,0.0,9.0,1048,5335,7226,01:45:41,6341,1720685050.0730798
2024-07-11 10:04:10,5.09,0.561,2.855,25.0,0.01,0.0,9.0,1048,5335,7226,01:45:42,6342,1720685050.4140484
2024-07-11 10:04:10,5.07,0.674,3.417,25.0,0.01,0.0,7.5,1048,5336,7227,01:45:42,6342,1720685050.755876
2024-07-11 10:04:11,5.07,0.675,3.422,25.0,0.01,0.0,7.5,1048,5336,7227,01:45:42,6342,1720685051.0971441
2024-07-11 10:04:11,5.07,0.675,3.422,25.0,0.01,0.0,7.5,1048,5336,7227,01:45:43,6343,1720685051.4497519
2024-07-11 10:04:11,5.07,0.704,3.569,25.0,0.01,0.0,7.2,1048,5337,7228,01:45:43,6343,1720685051.7784379
2024-07-11 10:04:12,5.07,0.704,3.569,25.0,0.01,0.0,7.2,1048,5337,7228,01:45:44,6344,1720685052.1195252
2024-07-11 10:04:12,5.07,0.728,3.69,25.0,0.01,0.0,6.9,1048,5337,7228,01:45:44,6344,1720685052.4604652
2024-07-11 10:04:12,5.07,0.712,3.609,25.0,0.01,0.0,7.1,1048,5338,7229,01:45:44,6344,1720685052.8020058
2024-07-11 10:04:13,5.07,0.712,3.609,25.0,0.01,0.0,7.1,1048,5338,7229,01:45:45,6345,1720685053.1434364
2024-07-11 10:04:13,5.07,0.682,3.457,25.0,0.01,0.0,7.4,1048,5338,7229,01:45:45,6345,1720685053.4847484
2024-07-11 10:04:13,5.09,0.541,2.753,25.0,0.01,0.0,9.4,1049,5339,7230,01:45:45,6345,1720685053.8259873
2024-07-11 10:04:14,5.09,0.541,2.753,25.0,0.01,0.0,9.4,1049,5339,7230,01:45:46,6346,1720685054.1659496
2024-07-11 10:04:14,5.1,0.524,2.672,25.0,0.01,0.0,9.7,1049,5339,7230,01:45:46,6346,1720685054.5071583
2024-07-11 10:04:14,5.1,0.524,2.672,25.0,0.01,0.0,9.7,1049,5340,7231,01:45:46,6346,1720685054.8484569
2024-07-11 10:04:15,5.1,0.52,2.652,25.0,0.01,0.0,9.8,1049,5340,7231,01:45:47,6347,1720685055.1897147
2024-07-11 10:04:15,5.09,0.549,2.794,25.0,0.01,0.0,9.2,1049,5340,7231,01:45:47,6347,1720685055.5309658
2024-07-11 10:04:15,5.09,0.549,2.794,25.0,0.01,0.0,9.2,1049,5341,7232,01:45:47,6347,1720685055.8708267
2024-07-11 10:04:16,5.1,0.523,2.667,25.0,0.01,0.0,9.7,1049,5341,7232,01:45:48,6348,1720685056.212319
2024-07-11 10:04:16,5.08,0.601,3.053,25.0,0.01,0.0,8.4,1049,5341,7232,01:45:48,6348,1720685056.5712068
2024-07-11 10:04:16,5.08,0.601,3.053,25.0,0.01,0.0,8.4,1049,5341,7233,01:45:48,6348,1720685056.894734
2024-07-11 10:04:17,5.07,0.716,3.63,25.0,0.01,0.0,7.0,1049,5341,7233,01:45:49,6349,1720685057.2354584
2024-07-11 10:04:17,5.07,0.716,3.63,25.0,0.01,0.0,7.0,1049,5341,7233,01:45:49,6349,1720685057.5759609
2024-07-11 10:04:17,5.07,0.686,3.478,25.0,0.01,0.0,7.3,1049,5342,7234,01:45:49,6349,1720685057.916654
2024-07-11 10:04:18,5.07,0.696,3.528,25.0,0.01,0.0,7.2,1049,5342,7234,01:45:50,6350,1720685058.2582684
2024-07-11 10:04:18,5.07,0.696,3.528,25.0,0.01,0.0,7.2,1049,5342,7234,01:45:50,6350,1720685058.5996451
2024-07-11 10:04:18,5.07,0.711,3.604,25.0,0.01,0.0,7.1,1049,5343,7235,01:45:50,6350,1720685058.9409769
2024-07-11 10:04:19,5.08,0.622,3.159,25.0,0.01,0.0,8.1,1049,5343,7235,01:45:51,6351,1720685059.2819555
2024-07-11 10:04:19,5.08,0.622,3.159,25.0,0.01,0.0,8.1,1049,5343,7235,01:45:51,6351,1720685059.6220853
2024-07-11 10:04:19,5.1,0.525,2.677,25.0,0.01,0.0,9.7,1050,5344,7236,01:45:51,6351,1720685059.9634585
2024-07-11 10:04:20,5.1,0.525,2.677,25.0,0.01,0.0,9.7,1050,5344,7236,01:45:52,6352,1720685060.3047485
2024-07-11 10:04:20,5.09,0.543,2.763,25.0,0.01,0.0,9.3,1050,5344,7236,01:45:52,6352,1720685060.6458542
2024-07-11 10:04:20,5.09,0.55,2.799,25.0,0.01,0.0,9.2,1050,5345,7237,01:45:52,6352,1720685060.9872134
2024-07-11 10:04:21,5.09,0.55,2.799,25.0,0.01,0.0,9.2,1050,5345,7237,01:45:53,6353,1720685061.3271883
2024-07-11 10:04:21,5.09,0.537,2.733,25.0,0.01,0.0,9.4,1050,5346,7238,01:45:53,6353,1720685061.678833
2024-07-11 10:04:22,5.1,0.517,2.636,25.0,0.0,0.0,9.8,1050,5346,7238,01:45:53,6353,1720685062.0095859
2024-07-11 10:04:22,5.1,0.517,2.636,25.0,0.0,0.0,9.8,1050,5346,7238,01:45:54,6354,1720685062.350983
2024-07-11 10:04:22,5.09,0.552,2.809,25.0,0.0,0.0,9.2,1050,5347,7239,01:45:54,6354,1720685062.6918604
2024-07-11 10:04:23,5.09,0.552,2.809,25.0,0.0,0.0,9.2,1050,5347,7239,01:45:54,6354,1720685063.0319395
2024-07-11 10:04:23,5.07,0.737,3.736,25.0,0.0,0.0,6.8,1050,5347,7239,01:45:55,6355,1720685063.373492
2024-07-11 10:04:23,5.07,0.685,3.472,25.0,0.0,0.0,7.4,1050,5348,7240,01:45:55,6355,1720685063.714744
2024-07-11 10:04:24,5.07,0.685,3.472,25.0,0.0,0.0,7.4,1050,5348,7240,01:45:55,6355,1720685064.055975
2024-07-11 10:04:24,5.08,0.659,3.347,25.0,0.0,0.0,7.7,1050,5348,7240,01:45:56,6356,1720685064.3972244
2024-07-11 10:04:24,5.06,0.755,3.82,25.0,0.0,0.0,6.7,1050,5349,7241,01:45:56,6356,1720685064.7380922
2024-07-11 10:04:25,5.06,0.755,3.82,25.0,0.0,0.0,6.7,1050,5349,7241,01:45:56,6356,1720685065.0809731
2024-07-11 10:04:25,5.08,0.639,3.246,25.0,0.0,0.0,7.9,1050,5349,7241,01:45:57,6357,1720685065.4197304
2024-07-11 10:04:25,5.08,0.639,3.246,25.0,0.0,0.0,7.9,1051,5349,7242,01:45:57,6357,1720685065.760981
2024-07-11 10:04:26,5.1,0.511,2.606,25.0,0.0,0.0,9.9,1051,5349,7242,01:45:58,6358,1720685066.104295
2024-07-11 10:04:26,5.09,0.568,2.891,25.0,0.0,0.0,8.9,1051,5349,7242,01:45:58,6358,1720685066.443201
2024-07-11 10:04:26,5.09,0.568,2.891,25.0,0.0,0.0,8.9,1051,5350,7243,01:45:58,6358,1720685066.7981157
2024-07-11 10:04:27,5.09,0.572,2.911,25.0,0.0,0.0,8.8,1051,5350,7243,01:45:59,6359,1720685067.127289
2024-07-11 10:04:27,5.09,0.55,2.799,25.0,0.0,0.0,9.2,1051,5350,7243,01:45:59,6359,1720685067.465991
2024-07-11 10:04:27,5.09,0.55,2.799,25.0,0.0,0.0,9.2,1051,5351,7244,01:45:59,6359,1720685067.8072915
2024-07-11 10:04:28,5.1,0.5,2.55,25.0,0.0,0.0,10.2,1051,5351,7244,01:46:00,6360,1720685068.1497667
2024-07-11 10:04:28,5.1,0.5,2.55,25.0,0.0,0.0,10.2,1051,5351,7244,01:46:00,6360,1720685068.4897492
2024-07-11 10:04:28,5.1,0.523,2.667,25.0,0.0,0.0,9.7,1051,5352,7245,01:46:00,6360,1720685068.8310144
2024-07-11 10:04:29,5.08,0.673,3.418,25.0,0.0,0.0,7.5,1051,5352,7245,01:46:01,6361,1720685069.1721094
2024-07-11 10:04:29,5.08,0.673,3.418,25.0,0.0,0.0,7.5,1051,5352,7245,01:46:01,6361,1720685069.5120835
2024-07-11 10:04:29,5.07,0.734,3.721,25.0,0.0,0.0,6.9,1051,5353,7246,01:46:01,6361,1720685069.8534677
2024-07-11 10:04:30,5.07,0.728,3.69,25.0,0.0,0.0,6.9,1051,5353,7246,01:46:02,6362,1720685070.2010272
2024-07-11 10:04:30,5.07,0.728,3.69,25.0,0.0,0.0,6.9,1051,5353,7246,01:46:02,6362,1720685070.5360026
2024-07-11 10:04:30,5.07,0.686,3.478,25.0,0.0,0.0,7.3,1051,5354,7247,01:46:02,6362,1720685070.8759923
2024-07-11 10:04:31,5.07,0.686,3.478,25.0,0.0,0.0,7.3,1051,5354,7247,01:46:03,6363,1720685071.2176468
2024-07-11 10:04:31,5.07,0.672,3.407,25.0,0.0,0.0,7.5,1051,5354,7247,01:46:03,6363,1720685071.5580258
2024-07-11 10:04:31,5.1,0.5,2.55,25.0,0.0,0.0,10.2,1052,5355,7248,01:46:03,6363,1720685071.9185388
2024-07-11 10:04:32,5.1,0.5,2.55,25.0,0.0,0.0,10.2,1052,5355,7248,01:46:04,6364,1720685072.2413516
2024-07-11 10:04:32,5.1,0.5,2.55,25.0,0.0,0.0,10.2,1052,5355,7248,01:46:04,6364,1720685072.5800645
2024-07-11 10:04:32,5.1,0.508,2.59,25.0,0.0,0.0,10.0,1052,5355,7249,01:46:04,6364,1720685072.9220881
2024-07-11 10:04:33,5.1,0.508,2.59,25.0,0.0,0.0,10.0,1052,5355,7249,01:46:05,6365,1720685073.265973
2024-07-11 10:04:33,5.09,0.542,2.758,25.0,0.0,0.0,9.3,1052,5355,7249,01:46:05,6365,1720685073.6047616
2024-07-11 10:04:33,5.09,0.542,2.758,25.0,0.0,0.0,9.3,1052,5356,7250,01:46:05,6365,1720685073.9442558
2024-07-11 10:04:34,5.09,0.553,2.814,25.0,0.0,0.0,9.2,1052,5356,7250,01:46:06,6366,1720685074.2912858
2024-07-11 10:04:34,5.09,0.552,2.809,25.0,0.0,0.0,9.2,1052,5357,7251,01:46:06,6366,1720685074.6272714
2024-07-11 10:04:34,5.09,0.552,2.809,25.0,0.0,0.0,9.2,1052,5357,7251,01:46:06,6366,1720685074.9685516
2024-07-11 10:04:35,5.06,0.754,3.815,25.0,0.0,0.0,6.7,1052,5357,7251,01:46:07,6367,1720685075.3135378
2024-07-11 10:04:35,5.07,0.708,3.589,25.0,0.01,0.0,7.1,1052,5358,7252,01:46:07,6367,1720685075.6510434
2024-07-11 10:04:35,5.07,0.708,3.589,25.0,0.01,0.0,7.1,1052,5358,7252,01:46:07,6367,1720685075.9922447
2024-07-11 10:04:36,5.07,0.665,3.371,25.0,0.01,0.0,7.6,1052,5358,7252,01:46:08,6368,1720685076.3364568
2024-07-11 10:04:36,5.07,0.665,3.371,25.0,0.01,0.0,7.6,1052,5359,7253,01:46:08,6368,1720685076.6735168
2024-07-11 10:04:37,5.07,0.696,3.528,25.0,0.01,0.0,7.2,1052,5359,7253,01:46:08,6368,1720685077.0450926
2024-07-11 10:04:37,5.05,0.848,4.282,25.0,0.01,0.0,5.9,1052,5359,7253,01:46:09,6369,1720685077.356047
2024-07-11 10:04:37,5.05,0.848,4.282,25.0,0.01,0.0,5.9,1053,5360,7254,01:46:09,6369,1720685077.6972685
2024-07-11 10:04:38,5.09,0.556,2.83,25.0,0.01,0.0,9.1,1053,5360,7254,01:46:09,6369,1720685078.037272
2024-07-11 10:04:38,5.09,0.555,2.824,25.0,0.01,0.0,9.1,1053,5360,7254,01:46:10,6370,1720685078.3903978
2024-07-11 10:04:38,5.09,0.555,2.824,25.0,0.01,0.0,9.1,1053,5361,7255,01:46:10,6370,1720685078.718539
2024-07-11 10:04:39,5.09,0.555,2.824,25.0,0.01,0.0,9.1,1053,5361,7255,01:46:10,6370,1720685079.0597677
2024-07-11 10:04:39,5.09,0.555,2.824,25.0,0.01,0.0,9.1,1053,5361,7255,01:46:11,6371,1720685079.4097917
2024-07-11 10:04:39,5.09,0.548,2.789,25.0,0.01,0.0,9.2,1053,5362,7256,01:46:11,6371,1720685079.7408476
2024-07-11 10:04:40,5.1,0.498,2.539,25.0,0.01,0.0,10.2,1053,5362,7256,01:46:11,6371,1720685080.0823689
2024-07-11 10:04:40,5.1,0.498,2.539,25.0,0.01,0.0,10.2,1053,5362,7256,01:46:12,6372,1720685080.4235256
2024-07-11 10:04:40,5.1,0.517,2.636,25.0,0.01,0.0,9.8,1053,5362,7257,01:46:12,6372,1720685080.7647815
2024-07-11 10:04:41,5.06,0.742,3.754,25.0,0.01,0.0,6.8,1053,5362,7257,01:46:13,6373,1720685081.1060126
2024-07-11 10:04:41,5.06,0.742,3.754,25.0,0.01,0.0,6.8,1053,5362,7257,01:46:13,6373,1720685081.4572816
2024-07-11 10:04:41,5.07,0.681,3.452,25.0,0.01,0.0,7.4,1053,5363,7258,01:46:13,6373,1720685081.7868836
2024-07-11 10:04:42,5.07,0.681,3.452,25.0,0.01,0.0,7.4,1053,5363,7258,01:46:14,6374,1720685082.157256
2024-07-11 10:04:42,5.07,0.679,3.442,25.0,0.01,0.0,7.4,1053,5363,7258,01:46:14,6374,1720685082.4747932
2024-07-11 10:04:42,5.07,0.736,3.731,25.0,0.01,0.0,6.8,1054,5364,7259,01:46:14,6374,1720685082.8092198
2024-07-11 10:04:43,5.07,0.736,3.731,25.0,0.01,0.0,6.8,1054,5364,7259,01:46:15,6375,1720685083.1496804
2024-07-11 10:04:43,5.07,0.681,3.452,25.0,0.01,0.0,7.4,1054,5364,7259,01:46:15,6375,1720685083.4910047
2024-07-11 10:04:43,5.09,0.574,2.921,25.0,0.01,0.0,8.8,1054,5365,7260,01:46:15,6375,1720685083.8310723
2024-07-11 10:04:44,5.09,0.574,2.921,25.0,0.01,0.0,8.8,1054,5365,7260,01:46:16,6376,1720685084.174835
2024-07-11 10:04:44,5.1,0.508,2.59,25.0,0.01,0.0,10.0,1054,5365,7260,01:46:16,6376,1720685084.511436
2024-07-11 10:04:44,5.1,0.508,2.59,25.0,0.01,0.0,10.0,1054,5366,7261,01:46:16,6376,1720685084.8535578
2024-07-11 10:04:45,5.1,0.501,2.555,25.0,0.01,0.0,10.1,1054,5366,7261,01:46:17,6377,1720685085.194805
2024-07-11 10:04:45,5.1,0.503,2.565,25.0,0.01,0.0,10.1,1054,5366,7261,01:46:17,6377,1720685085.5360518
2024-07-11 10:04:45,5.1,0.503,2.565,25.0,0.01,0.0,10.1,1054,5367,7262,01:46:17,6377,1720685085.8772776
2024-07-11 10:04:46,5.09,0.529,2.692,25.0,0.01,0.0,9.6,1054,5367,7262,01:46:18,6378,1720685086.2185469
2024-07-11 10:04:46,5.09,0.556,2.83,25.0,0.01,0.0,9.1,1054,5367,7262,01:46:18,6378,1720685086.5584288
2024-07-11 10:04:46,5.09,0.556,2.83,25.0,0.01,0.0,9.1,1054,5368,7263,01:46:18,6378,1720685086.8993936
2024-07-11 10:04:47,5.07,0.672,3.407,25.0,0.01,0.0,7.5,1054,5368,7263,01:46:19,6379,1720685087.239663
2024-07-11 10:04:47,5.07,0.672,3.407,25.0,0.01,0.0,7.5,1054,5368,7263,01:46:19,6379,1720685087.5804777
2024-07-11 10:04:47,5.06,0.787,3.982,25.0,0.01,0.0,6.4,1054,5369,7264,01:46:19,6379,1720685087.922212
2024-07-11 10:04:48,5.07,0.712,3.609,25.0,0.01,0.0,7.1,1054,5369,7264,01:46:20,6380,1720685088.2621772
2024-07-11 10:04:48,5.07,0.712,3.609,25.0,0.01,0.0,7.1,1055,5370,7265,01:46:20,6380,1720685088.6035526
2024-07-11 10:04:48,5.08,0.637,3.235,25.0,0.0,0.0,7.9,1055,5370,7265,01:46:20,6380,1720685088.9435835
2024-07-11 10:04:49,5.06,0.757,3.83,25.0,0.0,0.0,6.6,1055,5370,7265,01:46:21,6381,1720685089.284821
2024-07-11 10:04:49,5.06,0.757,3.83,25.0,0.0,0.0,6.6,1055,5371,7266,01:46:21,6381,1720685089.6260722
2024-07-11 10:04:49,5.06,0.748,3.784,25.0,0.0,0.0,6.7,1055,5371,7266,01:46:21,6381,1720685089.9653006
2024-07-11 10:04:50,5.06,0.748,3.784,25.0,0.0,0.0,6.7,1055,5371,7266,01:46:22,6382,1720685090.3072374
2024-07-11 10:04:50,5.07,0.683,3.462,25.0,0.0,0.0,7.4,1055,5372,7267,01:46:22,6382,1720685090.6470947
2024-07-11 10:04:50,5.07,0.725,3.675,25.0,0.0,0.0,6.9,1055,5372,7267,01:46:22,6382,1720685090.9910746
2024-07-11 10:04:51,5.07,0.725,3.675,25.0,0.0,0.0,6.9,1055,5372,7267,01:46:23,6383,1720685091.3297966
2024-07-11 10:04:51,5.07,0.713,3.614,25.0,0.0,0.0,7.1,1055,5373,7268,01:46:23,6383,1720685091.6695755
2024-07-11 10:04:52,5.07,0.677,3.432,25.0,0.0,0.0,7.4,1055,5373,7268,01:46:23,6383,1720685092.012235
2024-07-11 10:04:52,5.07,0.677,3.432,25.0,0.0,0.0,7.4,1055,5373,7268,01:46:24,6384,1720685092.3534236
2024-07-11 10:04:52,5.07,0.693,3.513,25.0,0.0,0.0,7.3,1055,5374,7269,01:46:24,6384,1720685092.6921258
2024-07-11 10:04:53,5.07,0.693,3.513,25.0,0.0,0.0,7.3,1055,5374,7269,01:46:24,6384,1720685093.0383022
2024-07-11 10:04:53,5.06,0.762,3.855,25.0,0.0,0.0,6.6,1055,5374,7269,01:46:25,6385,1720685093.3727038
2024-07-11 10:04:53,5.07,0.698,3.538,25.0,0.0,0.0,7.2,1056,5375,7270,01:46:25,6385,1720685093.7148092
2024-07-11 10:04:54,5.07,0.698,3.538,25.0,0.0,0.0,7.2,1056,5375,7270,01:46:25,6385,1720685094.0572543
2024-07-11 10:04:54,5.07,0.672,3.407,25.0,0.0,0.0,7.5,1056,5375,7270,01:46:26,6386,1720685094.396086
2024-07-11 10:04:54,5.07,0.739,3.746,25.0,0.0,0.0,6.8,1056,5376,7271,01:46:26,6386,1720685094.7369227
2024-07-11 10:04:55,5.07,0.739,3.746,25.0,0.0,0.0,6.8,1056,5376,7271,01:46:26,6386,1720685095.0798395
2024-07-11 10:04:55,5.07,0.736,3.731,25.0,0.0,0.0,6.8,1056,5376,7271,01:46:27,6387,1720685095.4184036
2024-07-11 10:04:55,5.07,0.736,3.731,25.0,0.0,0.0,6.8,1056,5377,7272,01:46:27,6387,1720685095.758558
2024-07-11 10:04:56,5.07,0.676,3.427,25.0,0.0,0.0,7.5,1056,5377,7272,01:46:27,6387,1720685096.1010919
2024-07-11 10:04:56,5.07,0.696,3.528,25.0,0.0,0.0,7.2,1056,5377,7272,01:46:28,6388,1720685096.4410594
2024-07-11 10:04:56,5.07,0.696,3.528,25.0,0.0,0.0,7.2,1056,5378,7273,01:46:28,6388,1720685096.7801335
2024-07-11 10:04:57,5.06,0.742,3.754,25.0,0.0,0.0,6.8,1056,5378,7273,01:46:29,6389,1720685097.1251097
2024-07-11 10:04:57,5.07,0.711,3.604,25.0,0.0,0.0,7.1,1056,5378,7273,01:46:29,6389,1720685097.463553
2024-07-11 10:04:57,5.07,0.711,3.604,25.0,0.0,0.0,7.1,1056,5379,7274,01:46:29,6389,1720685097.8035781
2024-07-11 10:04:58,5.07,0.671,3.401,25.0,0.0,0.0,7.5,1056,5379,7274,01:46:30,6390,1720685098.1585956
2024-07-11 10:04:58,5.07,0.671,3.401,25.0,0.0,0.0,7.5,1056,5379,7274,01:46:30,6390,1720685098.4860797
2024-07-11 10:04:58,5.07,0.737,3.736,25.0,0.0,0.0,6.8,1057,5380,7275,01:46:30,6390,1720685098.8260648
2024-07-11 10:04:59,5.06,0.751,3.8,25.0,0.0,0.0,6.7,1057,5380,7275,01:46:31,6391,1720685099.1721904
2024-07-11 10:04:59,5.06,0.751,3.8,25.0,0.0,0.0,6.7,1057,5380,7275,01:46:31,6391,1720685099.5084774
2024-07-11 10:04:59,5.07,0.695,3.523,25.0,0.0,0.0,7.2,1057,5381,7276,01:46:31,6391,1720685099.8485444
2024-07-11 10:05:00,5.07,0.675,3.422,25.0,0.0,0.0,7.5,1057,5381,7276,01:46:32,6392,1720685100.1970356
2024-07-11 10:05:00,5.07,0.675,3.422,25.0,0.0,0.0,7.5,1057,5381,7276,01:46:32,6392,1720685100.5309258
2024-07-11 10:05:00,5.06,0.755,3.82,25.0,0.0,0.0,6.7,1057,5382,7277,01:46:32,6392,1720685100.8710496
2024-07-11 10:05:01,5.06,0.755,3.82,25.0,0.0,0.0,6.7,1057,5382,7277,01:46:33,6393,1720685101.2205622
2024-07-11 10:05:01,5.08,0.623,3.164,25.0,0.0,0.0,8.1,1057,5382,7277,01:46:33,6393,1720685101.5523949
2024-07-11 10:05:01,5.07,0.71,3.599,25.0,0.0,0.0,7.1,1057,5383,7278,01:46:33,6393,1720685101.8935854
2024-07-11 10:05:02,5.07,0.71,3.599,25.0,0.0,0.0,7.1,1057,5383,7278,01:46:34,6394,1720685102.2373447
2024-07-11 10:05:02,5.06,0.758,3.835,25.0,0.0,0.0,6.6,1057,5384,7279,01:46:34,6394,1720685102.5759706
2024-07-11 10:05:02,5.07,0.695,3.523,25.0,0.0,0.0,7.2,1057,5384,7279,01:46:34,6394,1720685102.916076
2024-07-11 10:05:03,5.07,0.695,3.523,25.0,0.0,0.0,7.2,1057,5384,7279,01:46:35,6395,1720685103.2789536
2024-07-11 10:05:03,5.07,0.673,3.412,25.0,0.0,0.0,7.5,1057,5384,7280,01:46:35,6395,1720685103.5980415
2024-07-11 10:05:03,5.07,0.673,3.412,25.0,0.0,0.0,7.5,1057,5384,7280,01:46:35,6395,1720685103.9385302
2024-07-11 10:05:04,5.07,0.728,3.69,25.0,0.0,0.0,6.9,1057,5384,7280,01:46:36,6396,1720685104.2809663
2024-07-11 10:05:04,5.06,0.746,3.774,25.0,0.0,0.0,6.7,1058,5386,7281,01:46:36,6396,1720685104.620724
2024-07-11 10:05:04,5.06,0.746,3.774,25.0,0.0,0.0,6.7,1058,5386,7281,01:46:36,6396,1720685104.9610832
2024-07-11 10:05:05,5.07,0.677,3.432,25.0,0.0,0.0,7.4,1058,5386,7281,01:46:37,6397,1720685105.3024426
2024-07-11 10:05:05,5.07,0.699,3.543,25.0,0.0,0.0,7.2,1058,5386,7282,01:46:37,6397,1720685105.6436086
2024-07-11 10:05:05,5.07,0.699,3.543,25.0,0.0,0.0,7.2,1058,5386,7282,01:46:37,6397,1720685105.9848177
2024-07-11 10:05:06,5.06,0.751,3.8,25.0,0.0,0.0,6.7,1058,5386,7282,01:46:38,6398,1720685106.3246877
2024-07-11 10:05:06,5.06,0.751,3.8,25.0,0.0,0.0,6.7,1058,5388,7283,01:46:38,6398,1720685106.6657636
2024-07-11 10:05:07,5.07,0.73,3.701,25.0,0.0,0.0,6.9,1058,5388,7283,01:46:38,6398,1720685107.007017
2024-07-11 10:05:07,5.08,0.656,3.332,25.0,0.0,0.0,7.7,1058,5388,7283,01:46:39,6399,1720685107.3473203
2024-07-11 10:05:07,5.08,0.656,3.332,25.0,0.0,0.0,7.7,1058,5388,7284,01:46:39,6399,1720685107.6884751
2024-07-11 10:05:08,5.07,0.699,3.543,25.0,0.0,0.0,7.2,1058,5388,7284,01:46:39,6399,1720685108.0298526
2024-07-11 10:05:08,5.06,0.78,3.946,25.0,0.0,0.0,6.4,1058,5388,7284,01:46:40,6400,1720685108.401092
2024-07-11 10:05:08,5.06,0.78,3.946,25.0,0.0,0.0,6.4,1058,5390,7285,01:46:40,6400,1720685108.7110853
2024-07-11 10:05:09,5.07,0.739,3.746,25.0,0.0,0.0,6.8,1058,5390,7285,01:46:40,6400,1720685109.0524392
2024-07-11 10:05:09,5.07,0.739,3.746,25.0,0.0,0.0,6.8,1058,5390,7285,01:46:41,6401,1720685109.391884
2024-07-11 10:05:09,5.08,0.642,3.261,25.0,0.0,0.0,7.9,1059,5391,7286,01:46:41,6401,1720685109.7333875
2024-07-11 10:05:10,5.07,0.729,3.696,25.0,0.0,0.0,6.9,1059,5391,7286,01:46:41,6401,1720685110.0748723
2024-07-11 10:05:10,5.07,0.729,3.696,25.0,0.0,0.0,6.9,1059,5391,7286,01:46:42,6402,1720685110.415783
2024-07-11 10:05:10,5.06,0.785,3.972,25.0,0.0,0.0,6.4,1059,5392,7287,01:46:42,6402,1720685110.755986
2024-07-11 10:05:11,5.09,0.587,2.987,25.0,0.0,0.0,8.6,1059,5392,7287,01:46:42,6402,1720685111.0973787
2024-07-11 10:05:11,5.09,0.587,2.987,25.0,0.0,0.0,8.6,1059,5392,7287,01:46:43,6403,1720685111.438643
2024-07-11 10:05:11,5.06,0.78,3.946,25.0,0.0,0.0,6.4,1059,5392,7288,01:46:43,6403,1720685111.7797203
2024-07-11 10:05:12,5.06,0.78,3.946,25.0,0.0,0.0,6.4,1059,5392,7288,01:46:44,6404,1720685112.1198468
2024-07-11 10:05:12,5.07,0.714,3.619,25.0,0.0,0.0,7.1,1059,5392,7288,01:46:44,6404,1720685112.4610522
2024-07-11 10:05:12,5.08,0.65,3.302,25.0,0.0,0.0,7.8,1059,5393,7289,01:46:44,6404,1720685112.8023763
2024-07-11 10:05:13,5.08,0.65,3.302,25.0,0.0,0.0,7.8,1059,5393,7289,01:46:45,6405,1720685113.142405
2024-07-11 10:05:13,5.07,0.715,3.625,25.0,0.0,0.0,7.0,1059,5393,7289,01:46:45,6405,1720685113.4836435
2024-07-11 10:05:13,5.06,0.791,4.002,25.0,0.0,0.0,6.3,1059,5394,7290,01:46:45,6405,1720685113.8243248
2024-07-11 10:05:14,5.06,0.791,4.002,25.0,0.0,0.0,6.3,1059,5394,7290,01:46:46,6406,1720685114.1686778
2024-07-11 10:05:14,5.07,0.705,3.574,25.0,0.0,0.0,7.1,1059,5394,7290,01:46:46,6406,1720685114.506076
2024-07-11 10:05:14,5.07,0.705,3.574,25.0,0.0,0.0,7.1,1060,5395,7291,01:46:46,6406,1720685114.8471646
2024-07-11 10:05:15,5.08,0.653,3.317,25.0,0.0,0.0,7.7,1060,5395,7291,01:46:47,6407,1720685115.188615
2024-07-11 10:05:15,5.07,0.737,3.736,25.0,0.0,0.0,6.8,1060,5396,7292,01:46:47,6407,1720685115.5298944
2024-07-11 10:05:15,5.07,0.737,3.736,25.0,0.0,0.0,6.8,1060,5396,7292,01:46:47,6407,1720685115.8723195
2024-07-11 10:05:16,5.06,0.758,3.835,25.0,0.0,0.0,6.6,1060,5396,7292,01:46:48,6408,1720685116.2111006
2024-07-11 10:05:16,5.07,0.727,3.685,25.0,0.0,0.0,6.9,1060,5397,7293,01:46:48,6408,1720685116.5520306
2024-07-11 10:05:16,5.07,0.727,3.685,25.0,0.0,0.0,6.9,1060,5397,7293,01:46:48,6408,1720685116.8962405
2024-07-11 10:05:17,5.06,0.787,3.982,25.0,0.0,0.0,6.4,1060,5397,7293,01:46:49,6409,1720685117.2346716
2024-07-11 10:05:17,5.06,0.787,3.982,25.0,0.0,0.0,6.4,1060,5399,7294,01:46:49,6409,1720685117.574818
2024-07-11 10:05:17,5.07,0.709,3.594,25.0,0.0,0.0,7.1,1060,5399,7294,01:46:49,6409,1720685117.9209974
2024-07-11 10:05:18,5.08,0.655,3.327,25.0,0.0,0.0,7.7,1060,5399,7294,01:46:50,6410,1720685118.2573907
2024-07-11 10:05:18,5.08,0.655,3.327,25.0,0.0,0.0,7.7,1060,5399,7295,01:46:50,6410,1720685118.598634
2024-07-11 10:05:18,5.07,0.725,3.675,25.0,0.0,0.0,6.9,1060,5399,7295,01:46:50,6410,1720685118.9424748
2024-07-11 10:05:19,5.06,0.774,3.916,25.0,0.0,0.0,6.5,1060,5399,7295,01:46:51,6411,1720685119.2848742
2024-07-11 10:05:19,5.06,0.774,3.916,25.0,0.0,0.0,6.5,1061,5401,7296,01:46:51,6411,1720685119.6211166
2024-07-11 10:05:19,5.07,0.713,3.614,25.0,0.0,0.0,7.1,1061,5401,7296,01:46:51,6411,1720685119.9624789
2024-07-11 10:05:20,5.07,0.713,3.614,25.0,0.0,0.0,7.1,1061,5401,7296,01:46:52,6412,1720685120.3036456
2024-07-11 10:05:20,5.08,0.658,3.342,25.0,0.0,0.0,7.7,1061,5402,7297,01:46:52,6412,1720685120.6446712
2024-07-11 10:05:20,5.07,0.729,3.696,25.0,0.0,0.0,6.9,1061,5402,7297,01:46:52,6412,1720685120.987345
2024-07-11 10:05:21,5.07,0.729,3.696,25.0,0.0,0.0,6.9,1061,5402,7297,01:46:53,6413,1720685121.3260896
2024-07-11 10:05:21,5.08,0.654,3.322,25.0,0.0,0.0,7.7,1061,5403,7298,01:46:53,6413,1720685121.6673894
2024-07-11 10:05:22,5.07,0.689,3.493,25.0,0.0,0.0,7.3,1061,5403,7298,01:46:53,6413,1720685122.0099123
2024-07-11 10:05:22,5.07,0.689,3.493,25.0,0.0,0.0,7.3,1061,5403,7298,01:46:54,6414,1720685122.3498428
2024-07-11 10:05:22,5.06,0.778,3.936,25.0,0.0,0.0,6.5,1061,5404,7299,01:46:54,6414,1720685122.6911814
2024-07-11 10:05:23,5.06,0.778,3.936,25.0,0.0,0.0,6.5,1061,5404,7299,01:46:54,6414,1720685123.0325947
2024-07-11 10:05:23,5.08,0.669,3.398,25.0,0.0,0.0,7.5,1061,5404,7299,01:46:55,6415,1720685123.37215
2024-07-11 10:05:23,5.08,0.648,3.291,25.0,0.0,0.0,7.8,1061,5404,7300,01:46:55,6415,1720685123.7136452
2024-07-11 10:05:24,5.08,0.648,3.291,25.0,0.0,0.0,7.8,1061,5404,7300,01:46:55,6415,1720685124.0558913
2024-07-11 10:05:24,5.06,0.784,3.967,25.0,0.0,0.0,6.4,1061,5404,7300,01:46:56,6416,1720685124.401391
2024-07-11 10:05:24,5.06,0.745,3.769,25.0,0.0,0.0,6.7,1062,5406,7301,01:46:56,6416,1720685124.7354984
2024-07-11 10:05:25,5.06,0.745,3.769,25.0,0.0,0.0,6.7,1062,5406,7301,01:46:56,6416,1720685125.0799472
2024-07-11 10:05:25,5.08,0.653,3.317,25.0,0.0,0.0,7.7,1062,5406,7301,01:46:57,6417,1720685125.4198585
2024-07-11 10:05:25,5.08,0.653,3.317,25.0,0.0,0.0,7.7,1062,5407,7302,01:46:57,6417,1720685125.7586758
2024-07-11 10:05:26,5.07,0.72,3.65,25.0,0.0,0.0,7.0,1062,5407,7302,01:46:58,6418,1720685126.1061819
2024-07-11 10:05:26,5.06,0.774,3.916,25.0,0.0,0.0,6.5,1062,5407,7302,01:46:58,6418,1720685126.4411635
2024-07-11 10:05:26,5.06,0.774,3.916,25.0,0.0,0.0,6.5,1062,5408,7303,01:46:58,6418,1720685126.7811863
2024-07-11 10:05:27,5.07,0.673,3.412,25.0,0.0,0.0,7.5,1062,5408,7303,01:46:59,6419,1720685127.1298902
2024-07-11 10:05:27,5.06,0.77,3.896,25.0,0.0,0.0,6.5,1062,5408,7303,01:46:59,6419,1720685127.4636126
2024-07-11 10:05:27,5.06,0.77,3.896,25.0,0.0,0.0,6.5,1062,5409,7304,01:46:59,6419,1720685127.8073893
2024-07-11 10:05:28,5.06,0.763,3.86,25.0,0.0,0.0,6.6,1062,5409,7304,01:47:00,6420,1720685128.152492
2024-07-11 10:05:28,5.06,0.763,3.86,25.0,0.0,0.0,6.6,1062,5409,7304,01:47:00,6420,1720685128.4861465
2024-07-11 10:05:28,5.08,0.666,3.383,25.0,0.0,0.0,7.6,1062,5410,7305,01:47:00,6420,1720685128.8271294
2024-07-11 10:05:29,5.08,0.663,3.368,25.0,0.0,0.0,7.6,1062,5410,7305,01:47:01,6421,1720685129.1761703
2024-07-11 10:05:29,5.08,0.663,3.368,25.0,0.0,0.0,7.6,1063,5411,7306,01:47:01,6421,1720685129.5190074
2024-07-11 10:05:29,5.06,0.773,3.911,25.0,0.0,0.0,6.5,1063,5411,7306,01:47:01,6421,1720685129.8498812
2024-07-11 10:05:30,5.07,0.667,3.381,25.0,0.01,0.0,7.6,1063,5411,7306,01:47:02,6422,1720685130.199897
2024-07-11 10:05:30,5.07,0.667,3.381,25.0,0.01,0.0,7.6,1063,5412,7307,01:47:02,6422,1720685130.5323906
2024-07-11 10:05:30,5.07,0.672,3.407,25.0,0.0,0.0,7.5,1063,5412,7307,01:47:02,6422,1720685130.8732324
2024-07-11 10:05:31,5.07,0.672,3.407,25.0,0.0,0.0,7.5,1063,5412,7307,01:47:03,6423,1720685131.2186525
2024-07-11 10:05:31,5.05,0.812,4.1,25.0,0.0,0.0,6.2,1063,5413,7308,01:47:03,6423,1720685131.556166
2024-07-11 10:05:31,5.08,0.639,3.246,25.0,0.0,0.0,7.9,1063,5413,7308,01:47:03,6423,1720685131.898678
2024-07-11 10:05:32,5.08,0.639,3.246,25.0,0.0,0.0,7.9,1063,5413,7308,01:47:04,6424,1720685132.2486677
2024-07-11 10:05:32,5.06,0.746,3.774,25.0,0.0,0.0,6.7,1063,5413,7309,01:47:04,6424,1720685132.577698
2024-07-11 10:05:32,5.06,0.78,3.946,25.0,0.0,0.0,6.4,1063,5413,7309,01:47:04,6424,1720685132.9198804
2024-07-11 10:05:33,5.06,0.78,3.946,25.0,0.0,0.0,6.4,1063,5413,7309,01:47:05,6425,1720685133.264889
2024-07-11 10:05:33,5.07,0.692,3.508,25.0,0.0,0.0,7.3,1063,5415,7310,01:47:05,6425,1720685133.6024554
2024-07-11 10:05:33,5.07,0.692,3.508,25.0,0.0,0.0,7.3,1063,5415,7310,01:47:05,6425,1720685133.9420052
2024-07-11 10:05:34,5.08,0.634,3.22,25.0,0.0,0.0,8.0,1063,5415,7310,01:47:06,6426,1720685134.29155
2024-07-11 10:05:34,5.06,0.786,3.977,25.0,0.0,0.0,6.4,1064,5415,7311,01:47:06,6426,1720685134.6411932
2024-07-11 10:05:34,5.06,0.786,3.977,25.0,0.0,0.0,6.4,1064,5415,7311,01:47:06,6426,1720685134.9661584
2024-07-11 10:05:35,5.07,0.693,3.513,25.0,0.0,0.0,7.3,1064,5415,7311,01:47:07,6427,1720685135.3111658
2024-07-11 10:05:35,5.08,0.668,3.393,25.0,0.0,0.0,7.6,1064,5416,7312,01:47:07,6427,1720685135.6471126
2024-07-11 10:05:35,5.08,0.668,3.393,25.0,0.0,0.0,7.6,1064,5416,7312,01:47:07,6427,1720685135.9886491
2024-07-11 10:05:36,5.06,0.787,3.982,25.0,0.0,0.0,6.4,1064,5416,7312,01:47:08,6428,1720685136.329872
2024-07-11 10:05:36,5.06,0.787,3.982,25.0,0.0,0.0,6.4,1064,5418,7313,01:47:08,6428,1720685136.6711416
2024-07-11 10:05:37,5.08,0.662,3.362,25.0,0.0,0.0,7.6,1064,5418,7313,01:47:08,6428,1720685137.0148191
2024-07-11 10:05:37,5.07,0.715,3.625,25.0,0.0,0.0,7.0,1064,5418,7313,01:47:09,6429,1720685137.3536172
2024-07-11 10:05:37,5.07,0.715,3.625,25.0,0.0,0.0,7.0,1064,5419,7314,01:47:09,6429,1720685137.692891
2024-07-11 10:05:38,5.06,0.777,3.931,25.0,0.0,0.0,6.5,1064,5419,7314,01:47:09,6429,1720685138.034911
2024-07-11 10:05:38,5.08,0.654,3.322,25.0,0.0,0.0,7.7,1064,5419,7314,01:47:10,6430,1720685138.375669
2024-07-11 10:05:38,5.08,0.654,3.322,25.0,0.0,0.0,7.7,1064,5419,7315,01:47:10,6430,1720685138.7168932
2024-07-11 10:05:39,5.07,0.722,3.66,25.0,0.0,0.0,7.0,1064,5419,7315,01:47:10,6430,1720685139.0581558
2024-07-11 10:05:39,5.07,0.722,3.66,25.0,0.0,0.0,7.0,1064,5419,7315,01:47:11,6431,1720685139.397803
2024-07-11 10:05:39,5.07,0.743,3.767,25.0,0.0,0.0,6.8,1065,5420,7316,01:47:11,6431,1720685139.7606432
2024-07-11 10:05:40,5.07,0.673,3.412,25.0,0.0,0.0,7.5,1065,5420,7316,01:47:11,6431,1720685140.0810885
2024-07-11 10:05:40,5.07,0.673,3.412,25.0,0.0,0.0,7.5,1065,5420,7316,01:47:12,6432,1720685140.4222615
2024-07-11 10:05:40,5.08,0.68,3.454,25.0,0.0,0.0,7.4,1065,5421,7317,01:47:12,6432,1720685140.7637453
2024-07-11 10:05:41,5.06,0.764,3.865,25.0,0.0,0.0,6.6,1065,5421,7317,01:47:13,6433,1720685141.107053
2024-07-11 10:05:41,5.06,0.764,3.865,25.0,0.0,0.0,6.6,1065,5421,7317,01:47:13,6433,1720685141.4447193
2024-07-11 10:05:41,5.06,0.748,3.784,25.0,0.0,0.0,6.7,1065,5423,7318,01:47:13,6433,1720685141.7859547
2024-07-11 10:05:42,5.06,0.748,3.784,25.0,0.0,0.0,6.7,1065,5423,7318,01:47:14,6434,1720685142.1271045
2024-07-11 10:05:42,5.08,0.665,3.378,25.0,0.0,0.0,7.6,1065,5424,7319,01:47:14,6434,1720685142.4682674
2024-07-11 10:05:42,5.07,0.678,3.437,25.0,0.0,0.0,7.4,1065,5424,7319,01:47:14,6434,1720685142.809983
2024-07-11 10:05:43,5.07,0.678,3.437,25.0,0.0,0.0,7.4,1065,5424,7319,01:47:15,6435,1720685143.1512153
2024-07-11 10:05:43,5.05,0.843,4.257,25.0,0.0,0.0,5.9,1065,5425,7320,01:47:15,6435,1720685143.4918826
2024-07-11 10:05:43,5.08,0.648,3.291,25.0,0.01,0.0,7.8,1065,5425,7320,01:47:15,6435,1720685143.8331301
2024-07-11 10:05:44,5.08,0.648,3.291,25.0,0.01,0.0,7.8,1065,5425,7320,01:47:16,6436,1720685144.173434
2024-07-11 10:05:44,5.05,0.827,4.176,25.0,0.01,0.0,6.1,1066,5425,7321,01:47:16,6436,1720685144.5140078
2024-07-11 10:05:44,5.05,0.827,4.176,25.0,0.01,0.0,6.1,1066,5425,7321,01:47:16,6436,1720685144.8789706
2024-07-11 10:05:45,5.08,0.614,3.119,25.0,0.01,0.0,8.2,1066,5425,7321,01:47:17,6437,1720685145.199786
2024-07-11 10:05:45,5.07,0.733,3.716,25.0,0.01,0.0,6.9,1066,5426,7322,01:47:17,6437,1720685145.5387073
2024-07-11 10:05:45,5.07,0.733,3.716,25.0,0.01,0.0,6.9,1066,5426,7322,01:47:17,6437,1720685145.8799503
2024-07-11 10:05:46,5.05,0.821,4.146,25.0,0.01,0.0,6.1,1066,5426,7322,01:47:18,6438,1720685146.2211509
2024-07-11 10:05:46,5.08,0.643,3.266,25.0,0.01,0.0,7.9,1066,5427,7323,01:47:18,6438,1720685146.5649037
2024-07-11 10:05:46,5.08,0.643,3.266,25.0,0.01,0.0,7.9,1066,5427,7323,01:47:18,6438,1720685146.9018843
2024-07-11 10:05:47,5.07,0.702,3.559,25.0,0.01,0.0,7.2,1066,5427,7323,01:47:19,6439,1720685147.243712
2024-07-11 10:05:47,5.07,0.702,3.559,25.0,0.01,0.0,7.2,1066,5428,7324,01:47:19,6439,1720685147.5849566
2024-07-11 10:05:47,5.08,0.649,3.296,25.0,0.01,0.0,7.8,1066,5428,7324,01:47:19,6439,1720685147.9254625
2024-07-11 10:05:48,5.06,0.758,3.835,25.0,0.01,0.0,6.6,1066,5428,7324,01:47:20,6440,1720685148.2674491
2024-07-11 10:05:48,5.06,0.758,3.835,25.0,0.01,0.0,6.6,1066,5430,7325,01:47:20,6440,1720685148.6087232
2024-07-11 10:05:48,5.06,0.741,3.749,25.0,0.01,0.0,6.8,1066,5430,7325,01:47:20,6440,1720685148.9499693
2024-07-11 10:05:49,5.08,0.66,3.352,25.0,0.01,0.0,7.6,1066,5430,7325,01:47:21,6441,1720685149.2899454
2024-07-11 10:05:49,5.08,0.66,3.352,25.0,0.01,0.0,7.6,1067,5430,7326,01:47:21,6441,1720685149.6312225
2024-07-11 10:05:49,5.07,0.703,3.564,25.0,0.01,0.0,7.2,1067,5430,7326,01:47:21,6441,1720685149.9987223
2024-07-11 10:05:50,5.07,0.703,3.564,25.0,0.01,0.0,7.2,1067,5430,7326,01:47:22,6442,1720685150.313712
2024-07-11 10:05:50,5.07,0.715,3.625,25.0,0.01,0.0,7.0,1067,5431,7327,01:47:22,6442,1720685150.6537316
2024-07-11 10:05:50,5.07,0.678,3.437,25.0,0.01,0.0,7.4,1067,5431,7327,01:47:22,6442,1720685150.9949658
2024-07-11 10:05:51,5.07,0.678,3.437,25.0,0.01,0.0,7.4,1067,5431,7327,01:47:23,6443,1720685151.3355055
2024-07-11 10:05:51,5.06,0.767,3.881,25.0,0.0,0.0,6.5,1067,5432,7328,01:47:23,6443,1720685151.6775315
2024-07-11 10:05:52,5.08,0.635,3.225,25.0,0.01,0.0,8.0,1067,5432,7328,01:47:23,6443,1720685152.0187054
2024-07-11 10:05:52,5.08,0.635,3.225,25.0,0.01,0.0,8.0,1067,5432,7328,01:47:24,6444,1720685152.3583238
2024-07-11 10:05:52,5.07,0.69,3.498,25.0,0.01,0.0,7.3,1067,5433,7329,01:47:24,6444,1720685152.6999688
2024-07-11 10:05:53,5.07,0.69,3.498,25.0,0.01,0.0,7.3,1067,5433,7329,01:47:24,6444,1720685153.0409522
2024-07-11 10:05:53,5.06,0.783,3.961,25.0,0.01,0.0,6.4,1067,5433,7329,01:47:25,6445,1720685153.3825333
2024-07-11 10:05:53,5.07,0.667,3.381,25.0,0.01,0.0,7.6,1067,5434,7330,01:47:25,6445,1720685153.7236814
2024-07-11 10:05:54,5.07,0.667,3.381,25.0,0.01,0.0,7.6,1067,5434,7330,01:47:25,6445,1720685154.0656354
2024-07-11 10:05:54,5.05,0.824,4.161,25.0,0.0,0.0,6.1,1067,5434,7330,01:47:26,6446,1720685154.404194
2024-07-11 10:05:54,5.07,0.675,3.422,25.0,0.01,0.0,7.5,1068,5436,7331,01:47:26,6446,1720685154.7457643
2024-07-11 10:05:55,5.07,0.675,3.422,25.0,0.01,0.0,7.5,1068,5436,7331,01:47:27,6447,1720685155.1168282
2024-07-11 10:05:55,5.08,0.656,3.332,25.0,0.01,0.0,7.7,1068,5436,7332,01:47:27,6447,1720685155.4287007
2024-07-11 10:05:55,5.08,0.656,3.332,25.0,0.01,0.0,7.7,1068,5436,7332,01:47:27,6447,1720685155.7699568
2024-07-11 10:05:56,5.06,0.77,3.896,25.0,0.01,0.0,6.5,1068,5436,7332,01:47:28,6448,1720685156.110891
2024-07-11 10:05:56,5.07,0.735,3.726,25.0,0.01,0.0,6.8,1068,5438,7333,01:47:28,6448,1720685156.4526231
2024-07-11 10:05:56,5.07,0.735,3.726,25.0,0.01,0.0,6.8,1068,5438,7333,01:47:28,6448,1720685156.7917216
2024-07-11 10:05:57,5.05,0.842,4.252,25.0,0.0,0.0,5.9,1068,5438,7333,01:47:29,6449,1720685157.1361752
2024-07-11 10:05:57,5.08,0.604,3.068,25.0,0.01,0.0,8.4,1068,5439,7334,01:47:29,6449,1720685157.4750009
2024-07-11 10:05:57,5.08,0.604,3.068,25.0,0.01,0.0,8.4,1068,5439,7334,01:47:29,6449,1720685157.8161967
2024-07-11 10:05:58,5.06,0.8,4.048,25.0,0.01,0.0,6.3,1068,5439,7334,01:47:30,6450,1720685158.159376
2024-07-11 10:05:58,5.06,0.8,4.048,25.0,0.01,0.0,6.3,1068,5440,7335,01:47:30,6450,1720685158.4987183
2024-07-11 10:05:58,5.08,0.656,3.332,25.0,0.01,0.0,7.7,1068,5440,7335,01:47:30,6450,1720685158.8399317
2024-07-11 10:05:59,5.05,0.807,4.075,25.0,0.0,0.0,6.2,1068,5440,7335,01:47:31,6451,1720685159.1812024
2024-07-11 10:05:59,5.05,0.807,4.075,25.0,0.0,0.0,6.2,1069,5441,7336,01:47:31,6451,1720685159.5212426
2024-07-11 10:05:59,5.09,0.598,3.043,25.0,0.01,0.0,8.5,1069,5441,7336,01:47:31,6451,1720685159.8625486
2024-07-11 10:06:00,5.06,0.754,3.815,25.0,0.01,0.0,6.7,1069,5441,7336,01:47:32,6452,1720685160.2037816
2024-07-11 10:06:00,5.06,0.754,3.815,25.0,0.01,0.0,6.7,1069,5442,7337,01:47:32,6452,1720685160.5443935
2024-07-11 10:06:00,5.09,0.596,3.033,25.0,0.01,0.0,8.5,1069,5442,7337,01:47:32,6452,1720685160.888746
2024-07-11 10:06:01,5.09,0.596,3.033,25.0,0.01,0.0,8.5,1069,5442,7337,01:47:33,6453,1720685161.227837
2024-07-11 10:06:01,5.06,0.739,3.739,25.0,0.01,0.0,6.8,1069,5443,7338,01:47:33,6453,1720685161.5678992
2024-07-11 10:06:01,5.09,0.575,2.926,25.0,0.01,0.0,8.8,1069,5443,7338,01:47:33,6453,1720685161.9099371
2024-07-11 10:06:02,5.09,0.575,2.926,25.0,0.01,0.0,8.8,1069,5443,7338,01:47:34,6454,1720685162.2497869
2024-07-11 10:06:02,5.06,0.807,4.083,25.0,0.01,0.0,6.2,1069,5444,7339,01:47:34,6454,1720685162.5924711
2024-07-11 10:06:02,5.09,0.553,2.814,25.0,0.01,0.0,9.2,1069,5444,7339,01:47:34,6454,1720685162.9324462
2024-07-11 10:06:03,5.09,0.553,2.814,25.0,0.01,0.0,9.2,1069,5444,7339,01:47:35,6455,1720685163.276589
2024-07-11 10:06:03,5.09,0.583,2.967,25.0,0.01,0.0,8.7,1069,5444,7340,01:47:35,6455,1720685163.6150177
2024-07-11 10:06:03,5.09,0.583,2.967,25.0,0.01,0.0,8.7,1069,5444,7340,01:47:35,6455,1720685163.9562619
2024-07-11 10:06:04,5.06,0.762,3.855,25.0,0.01,0.0,6.6,1069,5444,7340,01:47:36,6456,1720685164.2975242
2024-07-11 10:06:04,5.08,0.613,3.114,25.0,0.01,0.0,8.2,1070,5446,7341,01:47:36,6456,1720685164.638793
2024-07-11 10:06:04,5.08,0.613,3.114,25.0,0.01,0.0,8.2,1070,5446,7341,01:47:36,6456,1720685164.978182
2024-07-11 10:06:05,5.05,0.817,4.125,25.0,0.0,0.0,6.1,1070,5446,7341,01:47:37,6457,1720685165.3238387
2024-07-11 10:06:05,5.07,0.715,3.625,25.0,0.01,0.0,7.0,1070,5447,7342,01:47:37,6457,1720685165.6609063
2024-07-11 10:06:06,5.07,0.715,3.625,25.0,0.01,0.0,7.0,1070,5447,7342,01:47:37,6457,1720685166.0037382
2024-07-11 10:06:06,5.08,0.645,3.276,25.0,0.01,0.0,7.8,1070,5447,7342,01:47:38,6458,1720685166.3437397
2024-07-11 10:06:06,5.08,0.645,3.276,25.0,0.01,0.0,7.8,1070,5448,7343,01:47:38,6458,1720685166.6849587
2024-07-11 10:06:07,5.06,0.772,3.906,25.0,0.0,0.0,6.5,1070,5448,7343,01:47:38,6458,1720685167.0261338
2024-07-11 10:06:07,5.08,0.658,3.342,25.0,0.01,0.0,7.7,1070,5448,7343,01:47:39,6459,1720685167.371927
2024-07-11 10:06:07,5.08,0.658,3.342,25.0,0.01,0.0,7.7,1070,5449,7344,01:47:39,6459,1720685167.707242
2024-07-11 10:06:08,5.05,0.823,4.156,25.0,0.01,0.0,6.1,1070,5449,7344,01:47:39,6459,1720685168.0487618
2024-07-11 10:06:08,5.08,0.663,3.368,25.0,0.01,0.0,7.6,1070,5449,7344,01:47:40,6460,1720685168.3960028
2024-07-11 10:06:08,5.08,0.663,3.368,25.0,0.01,0.0,7.6,1070,5449,7345,01:47:40,6460,1720685168.73119
2024-07-11 10:06:09,5.06,0.789,3.992,25.0,0.0,0.0,6.4,1070,5449,7345,01:47:40,6460,1720685169.0726511
2024-07-11 10:06:09,5.06,0.789,3.992,25.0,0.0,0.0,6.4,1071,5451,7346,01:47:41,6461,1720685169.4200122
2024-07-11 10:06:09,5.09,0.578,2.942,25.0,0.01,0.0,8.8,1071,5451,7346,01:47:41,6461,1720685169.7549853
2024-07-11 10:06:10,5.06,0.785,3.972,25.0,0.01,0.0,6.4,1071,5451,7346,01:47:41,6461,1720685170.0987828
2024-07-11 10:06:10,5.06,0.785,3.972,25.0,0.01,0.0,6.4,1071,5452,7347,01:47:42,6462,1720685170.4357038
2024-07-11 10:06:10,5.08,0.644,3.271,25.0,0.01,0.0,7.8,1071,5452,7347,01:47:42,6462,1720685170.7775135
2024-07-11 10:06:11,5.1,0.515,2.626,25.0,0.01,0.0,9.9,1071,5452,7347,01:47:43,6463,1720685171.1189868
2024-07-11 10:06:11,5.1,0.515,2.626,25.0,0.01,0.0,9.9,1071,5452,7348,01:47:43,6463,1720685171.4675298
2024-07-11 10:06:11,5.1,0.512,2.611,25.0,0.01,0.0,9.9,1071,5452,7348,01:47:43,6463,1720685171.8009408
2024-07-11 10:06:12,5.1,0.512,2.611,25.0,0.01,0.0,9.9,1071,5452,7348,01:47:44,6464,1720685172.141886
2024-07-11 10:06:12,5.1,0.482,2.458,25.0,0.01,0.0,10.5,1071,5453,7349,01:47:44,6464,1720685172.4862733
2024-07-11 10:06:12,5.1,0.475,2.422,25.0,0.01,0.0,10.7,1071,5453,7349,01:47:44,6464,1720685172.8274953
2024-07-11 10:06:13,5.1,0.475,2.422,25.0,0.01,0.0,10.7,1071,5453,7349,01:47:45,6465,1720685173.1649864
2024-07-11 10:06:13,5.1,0.472,2.407,25.0,0.01,0.0,10.8,1071,5454,7350,01:47:45,6465,1720685173.5100284
2024-07-11 10:06:13,5.1,0.471,2.402,25.0,0.01,0.0,10.8,1071,5454,7350,01:47:45,6465,1720685173.8475327
2024-07-11 10:06:14,5.1,0.471,2.402,25.0,0.01,0.0,10.8,1071,5454,7350,01:47:46,6466,1720685174.188781
2024-07-11 10:06:14,5.1,0.473,2.412,25.0,0.01,0.0,10.7,1071,5454,7351,01:47:46,6466,1720685174.5337622
2024-07-11 10:06:14,5.1,0.473,2.412,25.0,0.01,0.0,10.7,1071,5454,7351,01:47:46,6466,1720685174.8713078
2024-07-11 10:06:15,5.1,0.472,2.407,25.0,0.01,0.0,10.8,1071,5454,7351,01:47:47,6467,1720685175.2122717
2024-07-11 10:06:15,5.1,0.469,2.391,25.0,0.01,0.0,10.8,1071,5455,7352,01:47:47,6467,1720685175.5610156
2024-07-11 10:06:15,5.1,0.469,2.391,25.0,0.01,0.0,10.8,1071,5455,7352,01:47:47,6467,1720685175.896275
2024-07-11 10:06:16,5.1,0.472,2.407,25.0,0.01,0.0,10.8,1071,5455,7352,01:47:48,6468,1720685176.241102
2024-07-11 10:06:16,5.1,0.471,2.402,25.0,0.01,0.0,10.8,1072,5456,7353,01:47:48,6468,1720685176.5848408
2024-07-11 10:06:16,5.1,0.471,2.402,25.0,0.01,0.0,10.8,1072,5456,7353,01:47:48,6468,1720685176.9166567
2024-07-11 10:06:17,5.1,0.47,2.397,25.0,0.01,0.0,10.8,1072,5456,7353,01:47:49,6469,1720685177.2611394
2024-07-11 10:06:17,5.1,0.47,2.397,25.0,0.01,0.0,10.8,1072,5456,7354,01:47:49,6469,1720685177.6067584
2024-07-11 10:06:17,5.1,0.471,2.402,25.0,0.01,0.0,10.8,1072,5456,7354,01:47:49,6469,1720685177.9393573
2024-07-11 10:06:18,5.1,0.472,2.407,25.0,0.01,0.0,10.8,1072,5456,7354,01:47:50,6470,1720685178.280757
2024-07-11 10:06:18,5.1,0.472,2.407,25.0,0.01,0.0,10.8,1072,5457,7355,01:47:50,6470,1720685178.633024
2024-07-11 10:06:18,5.1,0.471,2.402,25.0,0.01,0.0,10.8,1072,5457,7355,01:47:50,6470,1720685178.9630427
2024-07-11 10:06:19,5.1,0.468,2.386,25.0,0.01,0.0,10.8,1072,5457,7355,01:47:51,6471,1720685179.303784
2024-07-11 10:06:19,5.1,0.468,2.386,25.0,0.01,0.0,10.8,1072,5458,7356,01:47:51,6471,1720685179.6441503
2024-07-11 10:06:19,5.1,0.471,2.402,25.0,0.01,0.0,10.8,1072,5458,7356,01:47:51,6471,1720685179.9854474
2024-07-11 10:06:20,5.1,0.471,2.402,25.0,0.01,0.0,10.8,1072,5458,7356,01:47:52,6472,1720685180.3270524
2024-07-11 10:06:20,5.1,0.471,2.402,25.0,0.01,0.0,10.8,1072,5458,7357,01:47:52,6472,1720685180.6674554
2024-07-11 10:06:21,5.1,0.468,2.386,25.0,0.01,0.0,10.8,1072,5458,7357,01:47:52,6472,1720685181.0085602
2024-07-11 10:06:21,5.1,0.468,2.386,25.0,0.01,0.0,10.8,1072,5458,7357,01:47:53,6473,1720685181.361475
2024-07-11 10:06:21,5.1,0.472,2.407,25.0,0.01,0.0,10.8,1072,5459,7358,01:47:53,6473,1720685181.6913195
2024-07-11 10:06:22,5.1,0.471,2.402,25.0,0.01,0.0,10.8,1072,5459,7358,01:47:53,6473,1720685182.0315657
2024-07-11 10:06:22,5.1,0.471,2.402,25.0,0.01,0.0,10.8,1072,5460,7359,01:47:54,6474,1720685182.3737247
2024-07-11 10:06:22,5.1,0.469,2.391,25.0,0.0,0.0,10.8,1072,5460,7359,01:47:54,6474,1720685182.713787
2024-07-11 10:06:23,5.1,0.469,2.391,25.0,0.0,0.0,10.8,1072,5460,7359,01:47:54,6474,1720685183.055058
2024-07-11 10:06:23,5.1,0.468,2.386,25.0,0.0,0.0,10.8,1072,5460,7360,01:47:55,6475,1720685183.3962312
2024-07-11 10:06:23,5.1,0.47,2.397,25.0,0.0,0.0,10.8,1072,5460,7360,01:47:55,6475,1720685183.7375593
2024-07-11 10:06:24,5.1,0.47,2.397,25.0,0.0,0.0,10.8,1072,5460,7360,01:47:55,6475,1720685184.0786636
2024-07-11 10:06:24,5.1,0.47,2.397,25.0,0.0,0.0,10.8,1073,5461,7361,01:47:56,6476,1720685184.420065
2024-07-11 10:06:24,5.1,0.467,2.381,25.0,0.0,0.0,10.9,1073,5461,7361,01:47:56,6476,1720685184.7613266
2024-07-11 10:06:25,5.1,0.467,2.381,25.0,0.0,0.0,10.9,1073,5461,7361,01:47:56,6476,1720685185.101291
2024-07-11 10:06:25,5.1,0.47,2.397,25.0,0.0,0.0,10.8,1073,5462,7362,01:47:57,6477,1720685185.4417446
2024-07-11 10:06:25,5.1,0.47,2.397,25.0,0.0,0.0,10.8,1073,5462,7362,01:47:57,6477,1720685185.7837927
2024-07-11 10:06:26,5.1,0.474,2.417,25.0,0.0,0.0,10.7,1073,5462,7362,01:47:58,6478,1720685186.1250525
2024-07-11 10:06:26,5.1,0.467,2.381,25.0,0.0,0.0,10.9,1073,5462,7363,01:47:58,6478,1720685186.479064
2024-07-11 10:06:26,5.1,0.467,2.381,25.0,0.0,0.0,10.9,1073,5462,7363,01:47:58,6478,1720685186.8063354
2024-07-11 10:06:27,5.1,0.474,2.417,25.0,0.0,0.0,10.7,1073,5462,7363,01:47:59,6479,1720685187.147509
2024-07-11 10:06:27,5.1,0.471,2.402,25.0,0.0,0.0,10.8,1073,5463,7364,01:47:59,6479,1720685187.4888234
2024-07-11 10:06:27,5.1,0.471,2.402,25.0,0.0,0.0,10.8,1073,5463,7364,01:47:59,6479,1720685187.8299751
2024-07-11 10:06:28,5.1,0.469,2.391,25.0,0.0,0.0,10.8,1073,5463,7364,01:48:00,6480,1720685188.1713135
2024-07-11 10:06:28,5.1,0.469,2.391,25.0,0.0,0.0,10.8,1073,5464,7365,01:48:00,6480,1720685188.5110173
2024-07-11 10:06:28,5.1,0.466,2.376,25.0,0.0,0.0,10.9,1073,5464,7365,01:48:00,6480,1720685188.8522894
2024-07-11 10:06:29,5.1,0.47,2.397,25.0,0.0,0.0,10.8,1073,5464,7365,01:48:01,6481,1720685189.1936939
2024-07-11 10:06:29,5.1,0.47,2.397,25.0,0.0,0.0,10.8,1073,5464,7366,01:48:01,6481,1720685189.5350337
2024-07-11 10:06:29,5.1,0.469,2.391,25.0,0.0,0.0,10.8,1073,5464,7366,01:48:01,6481,1720685189.8763404
2024-07-11 10:06:30,5.1,0.467,2.381,25.0,0.0,0.0,10.9,1073,5464,7366,01:48:02,6482,1720685190.2176054
2024-07-11 10:06:30,5.1,0.467,2.381,25.0,0.0,0.0,10.9,1073,5465,7367,01:48:02,6482,1720685190.5574465
2024-07-11 10:06:30,5.1,0.469,2.391,25.0,0.0,0.0,10.8,1073,5465,7367,01:48:02,6482,1720685190.8986864
2024-07-11 10:06:31,5.1,0.469,2.391,25.0,0.0,0.0,10.8,1073,5465,7367,01:48:03,6483,1720685191.2405558
2024-07-11 10:06:31,5.1,0.469,2.391,25.0,0.0,0.0,10.8,1073,5466,7368,01:48:03,6483,1720685191.5978706
2024-07-11 10:06:31,5.11,0.47,2.401,25.0,0.0,0.0,10.8,1073,5466,7368,01:48:03,6483,1720685191.9220607
2024-07-11 10:06:32,5.11,0.47,2.401,25.0,0.0,0.0,10.8,1073,5466,7368,01:48:04,6484,1720685192.2624354
2024-07-11 10:06:32,5.1,0.474,2.417,25.0,0.0,0.0,10.7,1074,5466,7369,01:48:04,6484,1720685192.6037138
2024-07-11 10:06:32,5.1,0.471,2.402,25.0,0.0,0.0,10.8,1074,5466,7369,01:48:04,6484,1720685192.9450417
2024-07-11 10:06:33,5.1,0.471,2.402,25.0,0.0,0.0,10.8,1074,5466,7369,01:48:05,6485,1720685193.2862818
2024-07-11 10:06:33,5.1,0.468,2.386,25.0,0.0,0.0,10.8,1074,5467,7370,01:48:05,6485,1720685193.6338382
2024-07-11 10:06:33,5.1,0.468,2.386,25.0,0.0,0.0,10.8,1074,5467,7370,01:48:05,6485,1720685193.968818
2024-07-11 10:06:34,5.1,0.466,2.376,25.0,0.0,0.0,10.9,1074,5467,7370,01:48:06,6486,1720685194.3100412
2024-07-11 10:06:34,5.1,0.468,2.386,25.0,0.0,0.0,10.8,1074,5468,7371,01:48:06,6486,1720685194.651005
2024-07-11 10:06:34,5.1,0.468,2.386,25.0,0.0,0.0,10.8,1074,5468,7371,01:48:06,6486,1720685194.9913597
2024-07-11 10:06:35,5.1,0.469,2.391,25.0,0.0,0.0,10.8,1074,5468,7371,01:48:07,6487,1720685195.331685
2024-07-11 10:06:35,5.1,0.468,2.386,25.0,0.0,0.0,10.8,1074,5468,7372,01:48:07,6487,1720685195.6741564
2024-07-11 10:06:36,5.1,0.468,2.386,25.0,0.0,0.0,10.8,1074,5468,7372,01:48:07,6487,1720685196.0174668
2024-07-11 10:06:36,5.11,0.469,2.396,25.0,0.0,0.0,10.8,1074,5469,7373,01:48:08,6488,1720685196.356366
2024-07-11 10:06:36,5.11,0.469,2.396,25.0,0.0,0.0,10.8,1074,5469,7373,01:48:08,6488,1720685196.719166
2024-07-11 10:06:37,5.1,0.468,2.386,25.0,0.0,0.0,10.8,1074,5469,7373,01:48:08,6488,1720685197.0388055
2024-07-11 10:06:37,5.1,0.47,2.397,25.0,0.0,0.0,10.8,1074,5470,7374,01:48:09,6489,1720685197.3801124
2024-07-11 10:06:37,5.1,0.47,2.397,25.0,0.0,0.0,10.8,1074,5470,7374,01:48:09,6489,1720685197.7213545
2024-07-11 10:06:38,5.1,0.466,2.376,25.0,0.01,0.0,10.9,1074,5470,7374,01:48:09,6489,1720685198.0624604
2024-07-11 10:06:38,5.1,0.469,2.391,25.0,0.01,0.0,10.8,1074,5470,7375,01:48:10,6490,1720685198.4063292
2024-07-11 10:06:38,5.1,0.469,2.391,25.0,0.01,0.0,10.8,1074,5470,7375,01:48:10,6490,1720685198.7451012
2024-07-11 10:06:39,5.1,0.47,2.397,25.0,0.01,0.0,10.8,1074,5470,7375,01:48:10,6490,1720685199.0855258
2024-07-11 10:06:39,5.1,0.47,2.397,25.0,0.01,0.0,10.8,1075,5471,7376,01:48:11,6491,1720685199.4275823
2024-07-11 10:06:39,5.1,0.466,2.376,25.0,0.01,0.0,10.9,1075,5471,7376,01:48:11,6491,1720685199.7688382
2024-07-11 10:06:40,5.1,0.468,2.386,25.0,0.01,0.0,10.8,1075,5471,7376,01:48:12,6492,1720685200.1100938
2024-07-11 10:06:40,5.1,0.468,2.386,25.0,0.01,0.0,10.8,1075,5472,7377,01:48:12,6492,1720685200.451402
2024-07-11 10:06:40,5.1,0.468,2.386,25.0,0.01,0.0,10.8,1075,5472,7377,01:48:12,6492,1720685200.7924953
2024-07-11 10:06:41,5.1,0.469,2.391,25.0,0.01,0.0,10.8,1075,5472,7377,01:48:13,6493,1720685201.133847
2024-07-11 10:06:41,5.1,0.469,2.391,25.0,0.01,0.0,10.8,1075,5472,7378,01:48:13,6493,1720685201.4751394
2024-07-11 10:06:41,5.1,0.465,2.371,25.0,0.01,0.0,10.9,1075,5472,7378,01:48:13,6493,1720685201.839179
2024-07-11 10:06:42,5.1,0.465,2.371,25.0,0.01,0.0,10.9,1075,5472,7378,01:48:14,6494,1720685202.1562486
2024-07-11 10:06:42,5.1,0.47,2.397,25.0,0.01,0.0,10.8,1075,5473,7379,01:48:14,6494,1720685202.5000305
2024-07-11 10:06:42,5.1,0.47,2.397,25.0,0.01,0.0,10.8,1075,5473,7379,01:48:14,6494,1720685202.8388164
2024-07-11 10:06:43,5.1,0.47,2.397,25.0,0.01,0.0,10.8,1075,5473,7379,01:48:15,6495,1720685203.1794415
2024-07-11 10:06:43,5.1,0.466,2.376,25.0,0.01,0.0,10.9,1075,5474,7380,01:48:15,6495,1720685203.5213642
2024-07-11 10:06:43,5.1,0.469,2.391,25.0,0.01,0.0,10.8,1075,5474,7380,01:48:15,6495,1720685203.8626084
2024-07-11 10:06:44,5.1,0.469,2.391,25.0,0.01,0.0,10.8,1075,5474,7380,01:48:16,6496,1720685204.2038481
2024-07-11 10:06:44,5.1,0.468,2.386,25.0,0.01,0.0,10.8,1075,5474,7381,01:48:16,6496,1720685204.5475938
2024-07-11 10:06:44,5.1,0.468,2.386,25.0,0.01,0.0,10.8,1075,5474,7381,01:48:16,6496,1720685204.8851118
2024-07-11 10:06:45,5.1,0.467,2.381,25.0,0.01,0.0,10.9,1075,5474,7381,01:48:17,6497,1720685205.2263181
2024-07-11 10:06:45,5.1,0.467,2.381,25.0,0.01,0.0,10.9,1075,5475,7382,01:48:17,6497,1720685205.5675924
2024-07-11 10:06:45,5.1,0.467,2.381,25.0,0.01,0.0,10.9,1075,5475,7382,01:48:17,6497,1720685205.908279
2024-07-11 10:06:46,5.1,0.468,2.386,25.0,0.01,0.0,10.8,1075,5475,7382,01:48:18,6498,1720685206.2500753
2024-07-11 10:06:46,5.1,0.468,2.386,25.0,0.01,0.0,10.8,1075,5476,7383,01:48:18,6498,1720685206.5916371
2024-07-11 10:06:46,5.1,0.468,2.386,25.0,0.01,0.0,10.8,1075,5476,7383,01:48:18,6498,1720685206.9588718
2024-07-11 10:06:47,5.1,0.466,2.376,25.0,0.01,0.0,10.9,1075,5476,7383,01:48:19,6499,1720685207.2738438
2024-07-11 10:06:47,5.1,0.466,2.376,25.0,0.01,0.0,10.9,1076,5476,7384,01:48:19,6499,1720685207.6179464
2024-07-11 10:06:47,5.1,0.47,2.397,25.0,0.01,0.0,10.8,1076,5476,7384,01:48:19,6499,1720685207.9551096
2024-07-11 10:06:48,5.1,0.468,2.386,25.0,0.01,0.0,10.8,1076,5476,7384,01:48:20,6500,1720685208.2972732
2024-07-11 10:06:48,5.1,0.468,2.386,25.0,0.01,0.0,10.8,1076,5477,7385,01:48:20,6500,1720685208.6371036
2024-07-11 10:06:48,5.1,0.465,2.371,25.0,0.01,0.0,10.9,1076,5477,7385,01:48:20,6500,1720685208.981381
2024-07-11 10:06:49,5.1,0.468,2.386,25.0,0.01,0.0,10.8,1076,5478,7386,01:48:21,6501,1720685209.319444
2024-07-11 10:06:49,5.1,0.468,2.386,25.0,0.01,0.0,10.8,1076,5478,7386,01:48:21,6501,1720685209.6665401
2024-07-11 10:06:50,5.1,0.468,2.386,25.0,0.01,0.0,10.8,1076,5478,7386,01:48:21,6501,1720685210.0026882
2024-07-11 10:06:50,5.1,0.468,2.386,25.0,0.01,0.0,10.8,1076,5478,7387,01:48:22,6502,1720685210.346397
2024-07-11 10:06:50,5.1,0.468,2.386,25.0,0.01,0.0,10.8,1076,5478,7387,01:48:22,6502,1720685210.685005
2024-07-11 10:06:51,5.1,0.466,2.376,25.0,0.01,0.0,10.9,1076,5478,7387,01:48:22,6502,1720685211.026493
2024-07-11 10:06:51,5.1,0.466,2.376,25.0,0.01,0.0,10.9,1076,5479,7388,01:48:23,6503,1720685211.367674
2024-07-11 10:06:51,5.1,0.468,2.386,25.0,0.01,0.0,10.8,1076,5479,7388,01:48:23,6503,1720685211.7099726
2024-07-11 10:06:52,5.1,0.468,2.386,25.0,0.01,0.0,10.8,1076,5479,7388,01:48:23,6503,1720685212.078827
2024-07-11 10:06:52,5.1,0.468,2.386,25.0,0.01,0.0,10.8,1076,5480,7389,01:48:24,6504,1720685212.3912385
2024-07-11 10:06:52,5.1,0.466,2.376,25.0,0.01,0.0,10.9,1076,5480,7389,01:48:24,6504,1720685212.7344246
2024-07-11 10:06:53,5.1,0.466,2.376,25.0,0.01,0.0,10.9,1076,5480,7389,01:48:24,6504,1720685213.0737138
2024-07-11 10:06:53,5.1,0.468,2.386,25.0,0.01,0.0,10.8,1076,5480,7390,01:48:25,6505,1720685213.415141
2024-07-11 10:06:53,5.1,0.469,2.391,25.0,0.01,0.0,10.8,1076,5480,7390,01:48:25,6505,1720685213.7601492
2024-07-11 10:06:54,5.1,0.469,2.391,25.0,0.01,0.0,10.8,1076,5480,7390,01:48:25,6505,1720685214.0976255
2024-07-11 10:06:54,5.1,0.467,2.381,25.0,0.01,0.0,10.9,1076,5481,7391,01:48:26,6506,1720685214.4394906
2024-07-11 10:06:54,5.1,0.465,2.371,25.0,0.01,0.0,10.9,1076,5481,7391,01:48:26,6506,1720685214.7853858
2024-07-11 10:06:55,5.1,0.465,2.371,25.0,0.01,0.0,10.9,1076,5481,7391,01:48:27,6507,1720685215.1221719
2024-07-11 10:06:55,5.1,0.471,2.402,25.0,0.01,0.0,10.8,1077,5482,7392,01:48:27,6507,1720685215.4632714
2024-07-11 10:06:55,5.1,0.471,2.402,25.0,0.01,0.0,10.8,1077,5482,7392,01:48:27,6507,1720685215.8037698
2024-07-11 10:06:56,5.1,0.47,2.397,25.0,0.01,0.0,10.8,1077,5482,7392,01:48:28,6508,1720685216.145008
2024-07-11 10:06:56,5.1,0.466,2.376,25.0,0.01,0.0,10.9,1077,5482,7393,01:48:28,6508,1720685216.4863605
2024-07-11 10:06:56,5.1,0.466,2.376,25.0,0.01,0.0,10.9,1077,5482,7393,01:48:28,6508,1720685216.8276196
2024-07-11 10:06:57,5.1,0.47,2.397,25.0,0.01,0.0,10.8,1077,5482,7393,01:48:29,6509,1720685217.2013857
2024-07-11 10:06:57,5.1,0.468,2.386,25.0,0.01,0.0,10.8,1077,5483,7394,01:48:29,6509,1720685217.5125697
2024-07-11 10:06:57,5.1,0.468,2.386,25.0,0.01,0.0,10.8,1077,5483,7394,01:48:29,6509,1720685217.851402
2024-07-11 10:06:58,5.1,0.468,2.386,25.0,0.01,0.0,10.8,1077,5483,7394,01:48:30,6510,1720685218.1920016
2024-07-11 10:06:58,5.1,0.468,2.386,25.0,0.01,0.0,10.8,1077,5484,7395,01:48:30,6510,1720685218.5337896
2024-07-11 10:06:58,5.1,0.465,2.371,25.0,0.01,0.0,10.9,1077,5484,7395,01:48:30,6510,1720685218.8749957
2024-07-11 10:06:59,5.1,0.467,2.381,25.0,0.01,0.0,10.9,1077,5484,7395,01:48:31,6511,1720685219.2164044
2024-07-11 10:06:59,5.1,0.467,2.381,25.0,0.01,0.0,10.9,1077,5484,7396,01:48:31,6511,1720685219.5567622
2024-07-11 10:06:59,5.1,0.47,2.397,25.0,0.01,0.0,10.8,1077,5484,7396,01:48:31,6511,1720685219.9013512
2024-07-11 10:07:00,5.11,0.464,2.371,25.0,0.01,0.0,11.0,1077,5484,7396,01:48:32,6512,1720685220.2401953
2024-07-11 10:07:00,5.11,0.464,2.371,25.0,0.01,0.0,11.0,1077,5485,7397,01:48:32,6512,1720685220.5813878
2024-07-11 10:07:00,5.1,0.467,2.381,25.0,0.01,0.0,10.9,1077,5485,7397,01:48:32,6512,1720685220.92886
2024-07-11 10:07:01,5.1,0.467,2.381,25.0,0.01,0.0,10.9,1077,5485,7397,01:48:33,6513,1720685221.263863
2024-07-11 10:07:01,5.1,0.467,2.381,25.0,0.01,0.0,10.9,1077,5486,7398,01:48:33,6513,1720685221.605154
2024-07-11 10:07:01,5.1,0.466,2.376,25.0,0.01,0.0,10.9,1077,5486,7398,01:48:33,6513,1720685221.9464033
2024-07-11 10:07:02,5.1,0.466,2.376,25.0,0.01,0.0,10.9,1078,5486,7399,01:48:34,6514,1720685222.319945
2024-07-11 10:07:02,5.1,0.465,2.371,25.0,0.01,0.0,10.9,1078,5486,7399,01:48:34,6514,1720685222.6288624
2024-07-11 10:07:02,5.1,0.471,2.402,25.0,0.01,0.0,10.8,1078,5486,7399,01:48:34,6514,1720685222.9699528
2024-07-11 10:07:03,5.1,0.471,2.402,25.0,0.01,0.0,10.8,1078,5487,7400,01:48:35,6515,1720685223.3113654
2024-07-11 10:07:03,5.1,0.467,2.381,25.0,0.01,0.0,10.9,1078,5487,7400,01:48:35,6515,1720685223.6528728
2024-07-11 10:07:04,5.1,0.467,2.381,25.0,0.01,0.0,10.9,1078,5487,7400,01:48:35,6515,1720685224.000213
2024-07-11 10:07:04,5.1,0.464,2.366,25.0,0.01,0.0,10.9,1078,5488,7401,01:48:36,6516,1720685224.3351452
2024-07-11 10:07:04,5.1,0.466,2.376,25.0,0.01,0.0,10.9,1078,5488,7401,01:48:36,6516,1720685224.6789012
2024-07-11 10:07:05,5.1,0.466,2.376,25.0,0.01,0.0,10.9,1078,5488,7401,01:48:36,6516,1720685225.025031
2024-07-11 10:07:05,5.1,0.467,2.381,25.0,0.01,0.0,10.9,1078,5488,7402,01:48:37,6517,1720685225.358895
2024-07-11 10:07:05,5.1,0.466,2.376,25.0,0.01,0.0,10.9,1078,5488,7402,01:48:37,6517,1720685225.7001781
2024-07-11 10:07:06,5.1,0.466,2.376,25.0,0.01,0.0,10.9,1078,5488,7402,01:48:37,6517,1720685226.0414033
2024-07-11 10:07:06,5.1,0.468,2.386,25.0,0.01,0.0,10.8,1078,5489,7403,01:48:38,6518,1720685226.38252
2024-07-11 10:07:06,5.1,0.468,2.386,25.0,0.01,0.0,10.8,1078,5489,7403,01:48:38,6518,1720685226.7238371
2024-07-11 10:07:07,5.1,0.467,2.381,25.0,0.01,0.0,10.9,1078,5489,7403,01:48:38,6518,1720685227.071431
2024-07-11 10:07:07,5.1,0.467,2.381,25.0,0.01,0.0,10.9,1078,5490,7404,01:48:39,6519,1720685227.4299831
2024-07-11 10:07:07,5.1,0.467,2.381,25.0,0.01,0.0,10.9,1078,5490,7404,01:48:39,6519,1720685227.7476804
2024-07-11 10:07:08,5.1,0.464,2.366,25.0,0.01,0.0,10.9,1078,5490,7404,01:48:39,6519,1720685228.0888684
2024-07-11 10:07:08,5.1,0.468,2.386,25.0,0.01,0.0,10.8,1078,5490,7405,01:48:40,6520,1720685228.430193
2024-07-11 10:07:08,5.1,0.468,2.386,25.0,0.01,0.0,10.8,1078,5490,7405,01:48:40,6520,1720685228.7714148
2024-07-11 10:07:09,5.1,0.469,2.391,25.0,0.01,0.0,10.8,1078,5490,7405,01:48:41,6521,1720685229.120186
2024-07-11 10:07:09,5.1,0.469,2.391,25.0,0.01,0.0,10.8,1078,5491,7406,01:48:41,6521,1720685229.4564378
2024-07-11 10:07:09,5.1,0.464,2.366,25.0,0.01,0.0,10.9,1078,5491,7406,01:48:41,6521,1720685229.7942705
2024-07-11 10:07:10,5.1,0.467,2.381,25.0,0.01,0.0,10.9,1078,5491,7406,01:48:42,6522,1720685230.145151
2024-07-11 10:07:10,5.1,0.467,2.381,25.0,0.01,0.0,10.9,1079,5492,7407,01:48:42,6522,1720685230.4776273
2024-07-11 10:07:10,5.09,0.551,2.804,25.0,0.01,0.0,9.2,1079,5492,7407,01:48:42,6522,1720685230.8188798
2024-07-11 10:07:11,5.06,0.741,3.749,25.0,0.01,0.0,6.8,1079,5492,7407,01:48:43,6523,1720685231.1651952
2024-07-11 10:07:11,5.06,0.741,3.749,25.0,0.01,0.0,6.8,1079,5493,7408,01:48:43,6523,1720685231.5014277
2024-07-11 10:07:11,5.06,0.787,3.982,25.0,0.01,0.0,6.4,1079,5493,7408,01:48:43,6523,1720685231.8427348
2024-07-11 10:07:12,5.06,0.787,3.982,25.0,0.01,0.0,6.4,1079,5493,7408,01:48:44,6524,1720685232.1909661
2024-07-11 10:07:12,5.07,0.684,3.467,25.0,0.01,0.0,7.4,1079,5494,7409,01:48:44,6524,1720685232.5227187
2024-07-11 10:07:12,5.05,0.841,4.247,25.0,0.01,0.0,6.0,1079,5494,7409,01:48:44,6524,1720685232.8627827
2024-07-11 10:07:13,5.05,0.841,4.247,25.0,0.01,0.0,6.0,1079,5494,7409,01:48:45,6525,1720685233.2118168
2024-07-11 10:07:13,5.08,0.642,3.261,25.0,0.01,0.0,7.9,1079,5495,7410,01:48:45,6525,1720685233.542721
2024-07-11 10:07:13,5.05,0.844,4.262,25.0,0.01,0.0,5.9,1079,5495,7410,01:48:45,6525,1720685233.8837008
2024-07-11 10:07:14,5.05,0.844,4.262,25.0,0.01,0.0,5.9,1079,5495,7410,01:48:46,6526,1720685234.2238722
2024-07-11 10:07:14,5.07,0.696,3.528,25.0,0.01,0.0,7.2,1079,5496,7411,01:48:46,6526,1720685234.563938
2024-07-11 10:07:14,5.07,0.696,3.528,25.0,0.01,0.0,7.2,1079,5496,7411,01:48:46,6526,1720685234.9076736
2024-07-11 10:07:15,5.05,0.818,4.13,25.0,0.01,0.0,6.1,1079,5496,7411,01:48:47,6527,1720685235.2439754
2024-07-11 10:07:15,5.07,0.725,3.675,25.0,0.01,0.0,6.9,1080,5497,7412,01:48:47,6527,1720685235.58363
2024-07-11 10:07:15,5.07,0.725,3.675,25.0,0.01,0.0,6.9,1080,5497,7412,01:48:47,6527,1720685235.9239497
2024-07-11 10:07:16,5.08,0.624,3.169,25.0,0.01,0.0,8.1,1080,5498,7413,01:48:48,6528,1720685236.264917
2024-07-11 10:07:16,5.09,0.551,2.804,25.0,0.01,0.0,9.2,1080,5498,7413,01:48:48,6528,1720685236.6047723
2024-07-11 10:07:16,5.09,0.551,2.804,25.0,0.01,0.0,9.2,1080,5498,7413,01:48:48,6528,1720685236.9451036
2024-07-11 10:07:17,5.09,0.55,2.799,25.0,0.0,0.0,9.2,1080,5499,7414,01:48:49,6529,1720685237.2851992
2024-07-11 10:07:17,5.09,0.55,2.799,25.0,0.0,0.0,9.2,1080,5499,7414,01:48:49,6529,1720685237.6257443
2024-07-11 10:07:17,5.09,0.54,2.748,25.0,0.0,0.0,9.4,1080,5499,7414,01:48:49,6529,1720685237.9664528
2024-07-11 10:07:18,5.09,0.534,2.718,25.0,0.0,0.0,9.5,1080,5500,7415,01:48:50,6530,1720685238.3192677
2024-07-11 10:07:18,5.09,0.534,2.718,25.0,0.0,0.0,9.5,1080,5500,7415,01:48:50,6530,1720685238.6501882
2024-07-11 10:07:18,5.09,0.552,2.809,25.0,0.0,0.0,9.2,1080,5500,7415,01:48:50,6530,1720685238.9902213
2024-07-11 10:07:19,5.08,0.617,3.134,25.0,0.0,0.0,8.2,1080,5501,7416,01:48:51,6531,1720685239.3295293
2024-07-11 10:07:19,5.08,0.617,3.134,25.0,0.0,0.0,8.2,1080,5501,7416,01:48:51,6531,1720685239.6702173
2024-07-11 10:07:20,5.06,0.795,4.022,25.0,0.0,0.0,6.3,1080,5501,7416,01:48:51,6531,1720685240.01003
2024-07-11 10:07:20,5.06,0.795,4.022,25.0,0.0,0.0,6.3,1081,5502,7417,01:48:52,6532,1720685240.3539913
2024-07-11 10:07:20,5.07,0.68,3.447,25.0,0.0,0.0,7.4,1081,5502,7417,01:48:52,6532,1720685240.692645
2024-07-11 10:07:21,5.05,0.847,4.277,25.0,0.0,0.0,5.9,1081,5502,7417,01:48:52,6532,1720685241.0314753
2024-07-11 10:07:21,5.05,0.847,4.277,25.0,0.0,0.0,5.9,1081,5503,7418,01:48:53,6533,1720685241.375225
2024-07-11 10:07:21,5.08,0.646,3.281,25.0,0.0,0.0,7.8,1081,5503,7418,01:48:53,6533,1720685241.7155225
2024-07-11 10:07:22,5.05,0.834,4.211,25.0,0.0,0.0,6.0,1081,5503,7418,01:48:53,6533,1720685242.0528488
2024-07-11 10:07:22,5.05,0.834,4.211,25.0,0.0,0.0,6.0,1081,5504,7419,01:48:54,6534,1720685242.392768
2024-07-11 10:07:22,5.07,0.744,3.772,25.0,0.0,0.0,6.8,1081,5504,7419,01:48:54,6534,1720685242.7376983
2024-07-11 10:07:23,5.07,0.744,3.772,25.0,0.0,0.0,6.8,1081,5504,7419,01:48:54,6534,1720685243.0738134
2024-07-11 10:07:23,5.08,0.631,3.205,25.0,0.0,0.0,8.0,1081,5505,7420,01:48:55,6535,1720685243.4385607
2024-07-11 10:07:23,5.09,0.575,2.926,25.0,0.0,0.0,8.8,1081,5505,7420,01:48:55,6535,1720685243.7564213
2024-07-11 10:07:24,5.09,0.575,2.926,25.0,0.0,0.0,8.8,1081,5505,7420,01:48:55,6535,1720685244.094591
2024-07-11 10:07:24,5.1,0.506,2.58,25.0,0.0,0.0,10.0,1081,5506,7421,01:48:56,6536,1720685244.4348054
2024-07-11 10:07:24,5.09,0.566,2.88,25.0,0.0,0.0,8.9,1081,5506,7421,01:48:56,6536,1720685244.785145
2024-07-11 10:07:25,5.09,0.566,2.88,25.0,0.0,0.0,8.9,1081,5506,7421,01:48:57,6537,1720685245.1175644
2024-07-11 10:07:25,5.1,0.526,2.682,25.0,0.0,0.0,9.6,1082,5507,7422,01:48:57,6537,1720685245.4600003
2024-07-11 10:07:25,5.1,0.526,2.682,25.0,0.0,0.0,9.6,1082,5507,7422,01:48:57,6537,1720685245.8025756
2024-07-11 10:07:26,5.09,0.55,2.799,25.0,0.0,0.0,9.2,1082,5507,7422,01:48:58,6538,1720685246.1402423
2024-07-11 10:07:26,5.06,0.801,4.053,25.0,0.0,0.0,6.3,1082,5508,7423,01:48:58,6538,1720685246.4798994
2024-07-11 10:07:26,5.06,0.801,4.053,25.0,0.0,0.0,6.3,1082,5508,7423,01:48:58,6538,1720685246.8200927
2024-07-11 10:07:27,5.07,0.703,3.564,25.0,0.0,0.0,7.2,1082,5508,7423,01:48:59,6539,1720685247.161491
2024-07-11 10:07:27,5.06,0.778,3.936,25.0,0.0,0.0,6.5,1082,5509,7424,01:48:59,6539,1720685247.5010855
2024-07-11 10:07:27,5.06,0.778,3.936,25.0,0.0,0.0,6.5,1082,5509,7424,01:48:59,6539,1720685247.8414268
2024-07-11 10:07:28,5.06,0.749,3.789,25.0,0.0,0.0,6.7,1082,5509,7424,01:49:00,6540,1720685248.1829147
2024-07-11 10:07:28,5.06,0.749,3.789,25.0,0.0,0.0,6.7,1082,5510,7425,01:49:00,6540,1720685248.5226026
2024-07-11 10:07:28,5.07,0.728,3.69,25.0,0.0,0.0,6.9,1082,5510,7425,01:49:00,6540,1720685248.863919
2024-07-11 10:07:29,5.09,0.536,2.728,25.0,0.0,0.0,9.4,1082,5510,7425,01:49:01,6541,1720685249.2050178
2024-07-11 10:07:29,5.09,0.536,2.728,25.0,0.0,0.0,9.4,1082,5510,7426,01:49:01,6541,1720685249.5450776
2024-07-11 10:07:29,5.09,0.561,2.855,25.0,0.0,0.0,9.0,1082,5510,7426,01:49:01,6541,1720685249.886506
2024-07-11 10:07:30,5.1,0.52,2.652,25.0,0.0,0.0,9.8,1082,5511,7427,01:49:02,6542,1720685250.225998
2024-07-11 10:07:30,5.1,0.52,2.652,25.0,0.0,0.0,9.8,1082,5511,7427,01:49:02,6542,1720685250.5669374
2024-07-11 10:07:30,5.09,0.571,2.906,25.0,0.0,0.0,8.9,1082,5511,7427,01:49:02,6542,1720685250.9088912
2024-07-11 10:07:31,5.09,0.571,2.906,25.0,0.0,0.0,8.9,1083,5512,7428,01:49:03,6543,1720685251.2489321
2024-07-11 10:07:31,5.1,0.512,2.611,25.0,0.0,0.0,9.9,1083,5512,7428,01:49:03,6543,1720685251.5901859
2024-07-11 10:07:31,5.09,0.563,2.865,25.0,0.0,0.0,9.0,1083,5512,7428,01:49:03,6543,1720685251.9310675
2024-07-11 10:07:32,5.09,0.563,2.865,25.0,0.0,0.0,9.0,1083,5513,7429,01:49:04,6544,1720685252.27116
2024-07-11 10:07:32,5.07,0.731,3.706,25.0,0.0,0.0,6.9,1083,5513,7429,01:49:04,6544,1720685252.6128414
2024-07-11 10:07:32,5.06,0.741,3.749,25.0,0.0,0.0,6.8,1083,5513,7429,01:49:04,6544,1720685252.9525137
2024-07-11 10:07:33,5.06,0.741,3.749,25.0,0.0,0.0,6.8,1083,5514,7430,01:49:05,6545,1720685253.2952135
2024-07-11 10:07:33,5.06,0.768,3.886,25.0,0.0,0.0,6.5,1083,5514,7430,01:49:05,6545,1720685253.6334312
2024-07-11 10:07:33,5.06,0.768,3.886,25.0,0.0,0.0,6.5,1083,5514,7430,01:49:05,6545,1720685253.9733458
2024-07-11 10:07:34,5.07,0.718,3.64,25.0,0.0,0.0,7.0,1083,5515,7431,01:49:06,6546,1720685254.319261
2024-07-11 10:07:34,5.05,0.809,4.085,25.0,0.0,0.0,6.2,1083,5515,7431,01:49:06,6546,1720685254.658984
2024-07-11 10:07:34,5.05,0.809,4.085,25.0,0.0,0.0,6.2,1083,5515,7431,01:49:06,6546,1720685254.9960308
2024-07-11 10:07:35,5.09,0.569,2.896,25.0,0.0,0.0,8.9,1083,5516,7432,01:49:07,6547,1720685255.337518
2024-07-11 10:07:35,5.1,0.526,2.682,25.0,0.0,0.0,9.6,1083,5516,7432,01:49:07,6547,1720685255.6772118
2024-07-11 10:07:36,5.1,0.526,2.682,25.0,0.0,0.0,9.6,1083,5516,7432,01:49:07,6547,1720685256.0186012
2024-07-11 10:07:36,5.09,0.553,2.814,25.0,0.0,0.0,9.2,1084,5517,7433,01:49:08,6548,1720685256.360261
2024-07-11 10:07:36,5.09,0.553,2.814,25.0,0.0,0.0,9.2,1084,5517,7433,01:49:08,6548,1720685256.7002022
2024-07-11 10:07:37,5.1,0.529,2.697,25.0,0.0,0.0,9.6,1084,5517,7433,01:49:08,6548,1720685257.0405986
2024-07-11 10:07:37,5.09,0.544,2.768,25.0,0.0,0.0,9.3,1084,5517,7434,01:49:09,6549,1720685257.3853116
2024-07-11 10:07:37,5.09,0.544,2.768,25.0,0.0,0.0,9.3,1084,5517,7434,01:49:09,6549,1720685257.7240038
2024-07-11 10:07:38,5.09,0.54,2.748,25.0,0.0,0.0,9.4,1084,5517,7434,01:49:09,6549,1720685258.065248
2024-07-11 10:07:38,5.07,0.697,3.533,25.0,0.0,0.0,7.2,1084,5518,7435,01:49:10,6550,1720685258.4080904
2024-07-11 10:07:38,5.07,0.697,3.533,25.0,0.0,0.0,7.2,1084,5518,7435,01:49:10,6550,1720685258.7461767
2024-07-11 10:07:39,5.07,0.735,3.726,25.0,0.0,0.0,6.8,1084,5518,7435,01:49:10,6550,1720685259.0864804
2024-07-11 10:07:39,5.07,0.735,3.726,25.0,0.0,0.0,6.8,1084,5519,7436,01:49:11,6551,1720685259.439318
2024-07-11 10:07:39,5.06,0.779,3.941,25.0,0.0,0.0,6.4,1084,5519,7436,01:49:11,6551,1720685259.7702162
2024-07-11 10:07:40,5.07,0.705,3.574,25.0,0.0,0.0,7.1,1084,5519,7436,01:49:12,6552,1720685260.108989
2024-07-11 10:07:40,5.07,0.705,3.574,25.0,0.0,0.0,7.1,1084,5520,7437,01:49:12,6552,1720685260.4520416
2024-07-11 10:07:40,5.06,0.795,4.022,25.0,0.0,0.0,6.3,1084,5520,7437,01:49:12,6552,1720685260.7897975
2024-07-11 10:07:41,5.08,0.651,3.307,25.0,0.0,0.0,7.8,1084,5520,7437,01:49:13,6553,1720685261.1315017
2024-07-11 10:07:41,5.08,0.651,3.307,25.0,0.0,0.0,7.8,1084,5521,7438,01:49:13,6553,1720685261.471494
2024-07-11 10:07:41,5.1,0.523,2.667,25.0,0.0,0.0,9.7,1084,5521,7438,01:49:13,6553,1720685261.8126762
2024-07-11 10:07:42,5.1,0.523,2.667,25.0,0.0,0.0,9.7,1084,5521,7438,01:49:14,6554,1720685262.1527145
2024-07-11 10:07:42,5.09,0.552,2.809,25.0,0.0,0.0,9.2,1085,5522,7439,01:49:14,6554,1720685262.504016
2024-07-11 10:07:42,5.09,0.579,2.947,25.0,0.0,0.0,8.7,1085,5522,7439,01:49:14,6554,1720685262.8349154
2024-07-11 10:07:43,5.09,0.579,2.947,25.0,0.0,0.0,8.7,1085,5522,7439,01:49:15,6555,1720685263.1752167
2024-07-11 10:07:43,5.1,0.521,2.657,25.0,0.0,0.0,9.7,1085,5523,7440,01:49:15,6555,1720685263.5215228
2024-07-11 10:07:43,5.09,0.584,2.972,25.0,0.0,0.0,8.7,1085,5523,7440,01:49:15,6555,1720685263.8574276
2024-07-11 10:07:44,5.09,0.584,2.972,25.0,0.0,0.0,8.7,1085,5524,7441,01:49:16,6556,1720685264.1975703
2024-07-11 10:07:44,5.09,0.562,2.86,25.0,0.0,0.0,9.0,1085,5524,7441,01:49:16,6556,1720685264.5590491
2024-07-11 10:07:44,5.09,0.562,2.86,25.0,0.0,0.0,9.0,1085,5524,7441,01:49:16,6556,1720685264.8789904
2024-07-11 10:07:45,5.05,0.86,4.343,25.0,0.01,0.0,5.8,1085,5524,7442,01:49:17,6557,1720685265.2202258
2024-07-11 10:07:45,5.07,0.686,3.478,25.0,0.01,0.0,7.3,1085,5524,7442,01:49:17,6557,1720685265.5702608
2024-07-11 10:07:45,5.07,0.686,3.478,25.0,0.01,0.0,7.3,1085,5524,7442,01:49:17,6557,1720685265.9014885
2024-07-11 10:07:46,5.06,0.792,4.007,25.0,0.01,0.0,6.3,1085,5525,7443,01:49:18,6558,1720685266.2428834
2024-07-11 10:07:46,5.06,0.754,3.815,25.0,0.01,0.0,6.7,1085,5525,7443,01:49:18,6558,1720685266.5826364
2024-07-11 10:07:46,5.06,0.754,3.815,25.0,0.01,0.0,6.7,1085,5525,7443,01:49:18,6558,1720685266.9240627
2024-07-11 10:07:47,5.06,0.771,3.901,25.0,0.01,0.0,6.5,1085,5526,7444,01:49:19,6559,1720685267.26308
2024-07-11 10:07:47,5.06,0.771,3.901,25.0,0.01,0.0,6.5,1085,5526,7444,01:49:19,6559,1720685267.6051857
2024-07-11 10:07:47,5.09,0.557,2.835,25.0,0.01,0.0,9.1,1085,5526,7444,01:49:19,6559,1720685267.9452617
2024-07-11 10:07:48,5.1,0.521,2.657,25.0,0.01,0.0,9.7,1086,5527,7445,01:49:20,6560,1720685268.2865133
2024-07-11 10:07:48,5.1,0.521,2.657,25.0,0.01,0.0,9.7,1086,5527,7445,01:49:20,6560,1720685268.6277435
2024-07-11 10:07:48,5.09,0.56,2.85,25.0,0.01,0.0,9.0,1086,5527,7445,01:49:20,6560,1720685268.9690545
2024-07-11 10:07:49,5.1,0.515,2.626,25.0,0.01,0.0,9.9,1086,5528,7446,01:49:21,6561,1720685269.3102348
2024-07-11 10:07:49,5.1,0.515,2.626,25.0,0.01,0.0,9.9,1086,5528,7446,01:49:21,6561,1720685269.6783035
2024-07-11 10:07:49,5.09,0.559,2.845,25.0,0.01,0.0,9.1,1086,5528,7446,01:49:21,6561,1720685269.9928577
2024-07-11 10:07:50,5.09,0.559,2.845,25.0,0.01,0.0,9.1,1086,5529,7447,01:49:22,6562,1720685270.332709
2024-07-11 10:07:50,5.07,0.732,3.711,25.0,0.01,0.0,6.9,1086,5529,7447,01:49:22,6562,1720685270.6738691
2024-07-11 10:07:51,5.07,0.722,3.66,25.0,0.01,0.0,7.0,1086,5529,7447,01:49:22,6562,1720685271.0151687
2024-07-11 10:07:51,5.07,0.722,3.66,25.0,0.01,0.0,7.0,1086,5530,7448,01:49:23,6563,1720685271.3552186
2024-07-11 10:07:51,5.06,0.744,3.764,25.0,0.01,0.0,6.8,1086,5530,7448,01:49:23,6563,1720685271.6965723
2024-07-11 10:07:52,5.06,0.793,4.012,25.0,0.01,0.0,6.3,1086,5530,7448,01:49:23,6563,1720685272.03647
2024-07-11 10:07:52,5.06,0.793,4.012,25.0,0.01,0.0,6.3,1086,5531,7449,01:49:24,6564,1720685272.3777514
2024-07-11 10:07:52,5.07,0.701,3.554,25.0,0.01,0.0,7.2,1086,5531,7449,01:49:24,6564,1720685272.7177432
2024-07-11 10:07:53,5.07,0.701,3.554,25.0,0.01,0.0,7.2,1086,5531,7449,01:49:24,6564,1720685273.0590835
2024-07-11 10:07:53,5.06,0.762,3.855,25.0,0.01,0.0,6.6,1086,5532,7450,01:49:25,6565,1720685273.3985298
2024-07-11 10:07:53,5.09,0.539,2.743,25.0,0.01,0.0,9.4,1086,5532,7450,01:49:25,6565,1720685273.7403047
2024-07-11 10:07:54,5.09,0.539,2.743,25.0,0.01,0.0,9.4,1086,5532,7450,01:49:25,6565,1720685274.081009
2024-07-11 10:07:54,5.09,0.556,2.83,25.0,0.01,0.0,9.1,1087,5533,7451,01:49:26,6566,1720685274.422873
2024-07-11 10:07:54,5.09,0.527,2.682,25.0,0.01,0.0,9.6,1087,5533,7451,01:49:26,6566,1720685274.7640796
2024-07-11 10:07:55,5.09,0.527,2.682,25.0,0.01,0.0,9.6,1087,5533,7451,01:49:27,6567,1720685275.104048
2024-07-11 10:07:55,5.09,0.57,2.901,25.0,0.01,0.0,8.9,1087,5533,7452,01:49:27,6567,1720685275.4464934
2024-07-11 10:07:55,5.09,0.57,2.901,25.0,0.01,0.0,8.9,1087,5533,7452,01:49:27,6567,1720685275.7865205
2024-07-11 10:07:56,5.1,0.515,2.626,25.0,0.01,0.0,9.9,1087,5533,7452,01:49:28,6568,1720685276.1277573
2024-07-11 10:07:56,5.07,0.709,3.594,25.0,0.01,0.0,7.1,1087,5534,7453,01:49:28,6568,1720685276.4690416
2024-07-11 10:07:56,5.07,0.709,3.594,25.0,0.01,0.0,7.1,1087,5534,7453,01:49:28,6568,1720685276.8088381
2024-07-11 10:07:57,5.08,0.663,3.368,25.0,0.01,0.0,7.6,1087,5534,7453,01:49:29,6569,1720685277.1502943
2024-07-11 10:07:57,5.05,0.831,4.196,25.0,0.01,0.0,6.0,1087,5535,7454,01:49:29,6569,1720685277.490226
2024-07-11 10:07:57,5.05,0.831,4.196,25.0,0.01,0.0,6.0,1087,5535,7454,01:49:29,6569,1720685277.831403
2024-07-11 10:07:58,5.07,0.7,3.549,25.0,0.01,0.0,7.2,1087,5536,7455,01:49:30,6570,1720685278.1715436
2024-07-11 10:07:58,5.07,0.7,3.549,25.0,0.01,0.0,7.2,1087,5536,7455,01:49:30,6570,1720685278.5138228
2024-07-11 10:07:58,5.06,0.808,4.088,25.0,0.01,0.0,6.2,1087,5536,7455,01:49:30,6570,1720685278.852866
2024-07-11 10:07:59,5.09,0.59,3.003,25.0,0.0,0.0,8.6,1088,5537,7456,01:49:31,6571,1720685279.1968703
2024-07-11 10:07:59,5.09,0.59,3.003,25.0,0.0,0.0,8.6,1088,5537,7456,01:49:31,6571,1720685279.5338266
2024-07-11 10:07:59,5.09,0.558,2.84,25.0,0.0,0.0,9.1,1088,5537,7456,01:49:31,6571,1720685279.8753123
2024-07-11 10:08:00,5.09,0.54,2.748,25.0,0.0,0.0,9.4,1088,5538,7457,01:49:32,6572,1720685280.2181215
2024-07-11 10:08:00,5.09,0.54,2.748,25.0,0.0,0.0,9.4,1088,5538,7457,01:49:32,6572,1720685280.5590522
2024-07-11 10:08:00,5.1,0.535,2.728,25.0,0.0,0.0,9.5,1088,5538,7457,01:49:32,6572,1720685280.8969445
2024-07-11 10:08:01,5.1,0.535,2.728,25.0,0.0,0.0,9.5,1088,5539,7458,01:49:33,6573,1720685281.2418332
2024-07-11 10:08:01,5.09,0.559,2.845,25.0,0.0,0.0,9.1,1088,5539,7458,01:49:33,6573,1720685281.5803072
2024-07-11 10:08:01,5.1,0.518,2.641,25.0,0.0,0.0,9.8,1088,5539,7458,01:49:33,6573,1720685281.9215329
2024-07-11 10:08:02,5.1,0.518,2.641,25.0,0.0,0.0,9.8,1088,5540,7459,01:49:34,6574,1720685282.2628846
2024-07-11 10:08:02,5.08,0.628,3.19,25.0,0.0,0.0,8.0,1088,5540,7459,01:49:34,6574,1720685282.6036658
2024-07-11 10:08:02,5.07,0.731,3.706,25.0,0.0,0.0,6.9,1088,5540,7459,01:49:34,6574,1720685282.9453232
2024-07-11 10:08:03,5.07,0.731,3.706,25.0,0.0,0.0,6.9,1088,5541,7460,01:49:35,6575,1720685283.2853293
2024-07-11 10:08:03,5.07,0.734,3.721,25.0,0.0,0.0,6.9,1088,5541,7460,01:49:35,6575,1720685283.6265564
2024-07-11 10:08:03,5.07,0.734,3.721,25.0,0.0,0.0,6.9,1088,5541,7460,01:49:35,6575,1720685283.9664438
2024-07-11 10:08:04,5.06,0.786,3.977,25.0,0.0,0.0,6.4,1088,5542,7461,01:49:36,6576,1720685284.306853
2024-07-11 10:08:04,5.07,0.712,3.609,25.0,0.0,0.0,7.1,1088,5542,7461,01:49:36,6576,1720685284.6502645
2024-07-11 10:08:04,5.07,0.712,3.609,25.0,0.0,0.0,7.1,1088,5542,7461,01:49:36,6576,1720685284.9890823
2024-07-11 10:08:05,5.06,0.752,3.805,25.0,0.0,0.0,6.7,1089,5543,7462,01:49:37,6577,1720685285.3365483
2024-07-11 10:08:05,5.1,0.531,2.708,25.0,0.0,0.0,9.6,1089,5543,7462,01:49:37,6577,1720685285.6784372
2024-07-11 10:08:06,5.1,0.531,2.708,25.0,0.0,0.0,9.6,1089,5543,7462,01:49:37,6577,1720685286.0115426
2024-07-11 10:08:06,5.09,0.569,2.896,25.0,0.0,0.0,8.9,1089,5543,7463,01:49:38,6578,1720685286.3615708
2024-07-11 10:08:06,5.09,0.569,2.896,25.0,0.0,0.0,8.9,1089,5543,7463,01:49:38,6578,1720685286.694072
2024-07-11 10:08:07,5.1,0.514,2.621,25.0,0.0,0.0,9.9,1089,5543,7463,01:49:38,6578,1720685287.0338192
2024-07-11 10:08:07,5.09,0.601,3.059,25.0,0.0,0.0,8.4,1089,5544,7464,01:49:39,6579,1720685287.3817904
2024-07-11 10:08:07,5.09,0.601,3.059,25.0,0.0,0.0,8.4,1089,5544,7464,01:49:39,6579,1720685287.7163422
2024-07-11 10:08:08,5.1,0.513,2.616,25.0,0.0,0.0,9.9,1089,5544,7464,01:49:39,6579,1720685288.056549
2024-07-11 10:08:08,5.08,0.65,3.302,25.0,0.0,0.0,7.8,1089,5545,7465,01:49:40,6580,1720685288.398727
2024-07-11 10:08:08,5.08,0.65,3.302,25.0,0.0,0.0,7.8,1089,5545,7465,01:49:40,6580,1720685288.7415342
2024-07-11 10:08:09,5.06,0.797,4.032,25.0,0.0,0.0,6.3,1089,5545,7465,01:49:40,6580,1720685289.0790906
2024-07-11 10:08:09,5.06,0.797,4.032,25.0,0.0,0.0,6.3,1089,5546,7466,01:49:41,6581,1720685289.4302862
2024-07-11 10:08:09,5.07,0.697,3.533,25.0,0.0,0.0,7.2,1089,5546,7466,01:49:41,6581,1720685289.7603414
2024-07-11 10:08:10,5.06,0.8,4.048,25.0,0.0,0.0,6.3,1089,5546,7466,01:49:41,6581,1720685290.1015685
2024-07-11 10:08:10,5.06,0.8,4.048,25.0,0.0,0.0,6.3,1089,5547,7467,01:49:42,6582,1720685290.4415252
2024-07-11 10:08:10,5.07,0.713,3.614,25.0,0.0,0.0,7.1,1089,5547,7467,01:49:42,6582,1720685290.7991238
2024-07-11 10:08:11,5.06,0.778,3.936,25.0,0.0,0.0,6.5,1089,5547,7467,01:49:43,6583,1720685291.1222038
2024-07-11 10:08:11,5.06,0.778,3.936,25.0,0.0,0.0,6.5,1090,5548,7468,01:49:43,6583,1720685291.4639854
2024-07-11 10:08:11,5.09,0.551,2.804,25.0,0.0,0.0,9.2,1090,5548,7468,01:49:43,6583,1720685291.8040795
2024-07-11 10:08:12,5.09,0.551,2.804,25.0,0.0,0.0,9.2,1090,5549,7469,01:49:44,6584,1720685292.1453335
2024-07-11 10:08:12,5.09,0.532,2.707,25.0,0.0,0.0,9.5,1090,5549,7469,01:49:44,6584,1720685292.4865227
2024-07-11 10:08:12,5.09,0.549,2.794,25.0,0.0,0.0,9.2,1090,5549,7469,01:49:44,6584,1720685292.8270915
2024-07-11 10:08:13,5.09,0.549,2.794,25.0,0.0,0.0,9.2,1090,5550,7470,01:49:45,6585,1720685293.169084
2024-07-11 10:08:13,5.09,0.537,2.733,25.0,0.0,0.0,9.4,1090,5550,7470,01:49:45,6585,1720685293.5102794
2024-07-11 10:08:13,5.09,0.542,2.758,25.0,0.0,0.0,9.3,1090,5550,7470,01:49:45,6585,1720685293.8516042
2024-07-11 10:08:14,5.09,0.542,2.758,25.0,0.0,0.0,9.3,1090,5551,7471,01:49:46,6586,1720685294.192821
2024-07-11 10:08:14,5.09,0.559,2.845,25.0,0.0,0.0,9.1,1090,5551,7471,01:49:46,6586,1720685294.5339518
2024-07-11 10:08:14,5.09,0.559,2.845,25.0,0.0,0.0,9.1,1090,5551,7471,01:49:46,6586,1720685294.8752975
2024-07-11 10:08:15,5.05,0.856,4.322,25.0,0.0,0.0,5.8,1090,5551,7472,01:49:47,6587,1720685295.2165284
2024-07-11 10:08:15,5.07,0.686,3.478,25.0,0.0,0.0,7.3,1090,5551,7472,01:49:47,6587,1720685295.556481
2024-07-11 10:08:15,5.07,0.686,3.478,25.0,0.0,0.0,7.3,1090,5551,7472,01:49:47,6587,1720685295.918795
2024-07-11 10:08:16,5.05,0.813,4.105,25.0,0.0,0.0,6.2,1091,5552,7473,01:49:48,6588,1720685296.239116
2024-07-11 10:08:16,5.06,0.74,3.744,25.0,0.0,0.0,6.8,1091,5552,7473,01:49:48,6588,1720685296.578321
2024-07-11 10:08:16,5.06,0.74,3.744,25.0,0.0,0.0,6.8,1091,5552,7473,01:49:48,6588,1720685296.920316
2024-07-11 10:08:17,5.07,0.713,3.614,25.0,0.0,0.0,7.1,1091,5553,7474,01:49:49,6589,1720685297.2610402
2024-07-11 10:08:17,5.07,0.713,3.614,25.0,0.0,0.0,7.1,1091,5553,7474,01:49:49,6589,1720685297.6006107
2024-07-11 10:08:17,5.1,0.517,2.636,25.0,0.0,0.0,9.8,1091,5553,7474,01:49:49,6589,1720685297.9424806
2024-07-11 10:08:18,5.09,0.558,2.84,25.0,0.0,0.0,9.1,1091,5554,7475,01:49:50,6590,1720685298.2839587
2024-07-11 10:08:18,5.09,0.558,2.84,25.0,0.0,0.0,9.1,1091,5554,7475,01:49:50,6590,1720685298.625384
2024-07-11 10:08:18,5.09,0.535,2.723,25.0,0.0,0.0,9.5,1091,5554,7475,01:49:50,6590,1720685298.9665737
2024-07-11 10:08:19,5.09,0.546,2.779,25.0,0.0,0.0,9.3,1091,5555,7476,01:49:51,6591,1720685299.3078346
2024-07-11 10:08:19,5.09,0.546,2.779,25.0,0.0,0.0,9.3,1091,5555,7476,01:49:51,6591,1720685299.6478155
2024-07-11 10:08:19,5.09,0.535,2.723,25.0,0.0,0.0,9.5,1091,5555,7476,01:49:51,6591,1720685299.9891286
2024-07-11 10:08:20,5.09,0.535,2.723,25.0,0.0,0.0,9.5,1091,5556,7477,01:49:52,6592,1720685300.3303695
2024-07-11 10:08:20,5.09,0.548,2.789,25.0,0.0,0.0,9.2,1091,5556,7477,01:49:52,6592,1720685300.671587
2024-07-11 10:08:21,5.06,0.773,3.911,25.0,0.0,0.0,6.5,1091,5556,7477,01:49:52,6592,1720685301.0391505
2024-07-11 10:08:21,5.06,0.773,3.911,25.0,0.0,0.0,6.5,1091,5557,7478,01:49:53,6593,1720685301.3535647
2024-07-11 10:08:21,5.07,0.724,3.67,25.0,0.0,0.0,7.0,1091,5557,7478,01:49:53,6593,1720685301.6964114
2024-07-11 10:08:22,5.06,0.755,3.82,25.0,0.0,0.0,6.7,1091,5557,7478,01:49:53,6593,1720685302.03536
2024-07-11 10:08:22,5.06,0.755,3.82,25.0,0.0,0.0,6.7,1092,5558,7479,01:49:54,6594,1720685302.3749797
2024-07-11 10:08:22,5.06,0.781,3.951,25.0,0.0,0.0,6.4,1092,5558,7479,01:49:54,6594,1720685302.7165606
2024-07-11 10:08:23,5.06,0.781,3.951,25.0,0.0,0.0,6.4,1092,5558,7479,01:49:54,6594,1720685303.0610535
2024-07-11 10:08:23,5.07,0.708,3.589,25.0,0.0,0.0,7.1,1092,5559,7480,01:49:55,6595,1720685303.4003718
2024-07-11 10:08:23,5.09,0.574,2.921,25.0,0.0,0.0,8.8,1092,5559,7480,01:49:55,6595,1720685303.73781
2024-07-11 10:08:24,5.09,0.574,2.921,25.0,0.0,0.0,8.8,1092,5559,7480,01:49:55,6595,1720685304.0787835
2024-07-11 10:08:24,5.1,0.513,2.616,25.0,0.0,0.0,9.9,1092,5560,7481,01:49:56,6596,1720685304.4203804
2024-07-11 10:08:24,5.09,0.557,2.835,25.0,0.0,0.0,9.1,1092,5560,7481,01:49:56,6596,1720685304.760861
2024-07-11 10:08:25,5.09,0.557,2.835,25.0,0.0,0.0,9.1,1092,5560,7482,01:49:57,6597,1720685305.1040974
2024-07-11 10:08:25,5.1,0.529,2.697,25.0,0.0,0.0,9.6,1092,5560,7482,01:49:57,6597,1720685305.4430568
2024-07-11 10:08:25,5.1,0.529,2.697,25.0,0.0,0.0,9.6,1092,5560,7482,01:49:57,6597,1720685305.7866058
2024-07-11 10:08:26,5.09,0.559,2.845,25.0,0.01,0.0,9.1,1092,5561,7483,01:49:58,6598,1720685306.155414
2024-07-11 10:08:26,5.09,0.579,2.947,25.0,0.01,0.0,8.7,1092,5561,7483,01:49:58,6598,1720685306.4666188
2024-07-11 10:08:26,5.09,0.579,2.947,25.0,0.01,0.0,8.7,1092,5561,7483,01:49:58,6598,1720685306.8078926
2024-07-11 10:08:27,5.07,0.681,3.452,25.0,0.01,0.0,7.4,1092,5562,7484,01:49:59,6599,1720685307.1491313
2024-07-11 10:08:27,5.06,0.777,3.931,25.0,0.01,0.0,6.5,1092,5562,7484,01:49:59,6599,1720685307.4887996
2024-07-11 10:08:27,5.06,0.777,3.931,25.0,0.01,0.0,6.5,1092,5562,7484,01:49:59,6599,1720685307.8303761
2024-07-11 10:08:28,5.07,0.718,3.64,25.0,0.01,0.0,7.0,1093,5563,7485,01:50:00,6600,1720685308.1725829
2024-07-11 10:08:28,5.07,0.718,3.64,25.0,0.01,0.0,7.0,1093,5563,7485,01:50:00,6600,1720685308.5115907
2024-07-11 10:08:28,5.06,0.76,3.845,25.0,0.01,0.0,6.6,1093,5563,7485,01:50:00,6600,1720685308.8516243
2024-07-11 10:08:29,5.06,0.785,3.972,25.0,0.01,0.0,6.4,1093,5564,7486,01:50:01,6601,1720685309.1928658
2024-07-11 10:08:29,5.06,0.785,3.972,25.0,0.01,0.0,6.4,1093,5564,7486,01:50:01,6601,1720685309.53412
2024-07-11 10:08:29,5.08,0.629,3.195,25.0,0.01,0.0,8.0,1093,5564,7486,01:50:01,6601,1720685309.8737679
2024-07-11 10:08:30,5.1,0.52,2.652,25.0,0.01,0.0,9.8,1093,5565,7487,01:50:02,6602,1720685310.2216287
2024-07-11 10:08:30,5.1,0.52,2.652,25.0,0.01,0.0,9.8,1093,5565,7487,01:50:02,6602,1720685310.5566463
2024-07-11 10:08:30,5.09,0.558,2.84,25.0,0.01,0.0,9.1,1093,5565,7487,01:50:02,6602,1720685310.8979058
2024-07-11 10:08:31,5.09,0.558,2.84,25.0,0.01,0.0,9.1,1093,5566,7488,01:50:03,6603,1720685311.239147
2024-07-11 10:08:31,5.09,0.562,2.86,25.0,0.01,0.0,9.0,1093,5566,7488,01:50:03,6603,1720685311.5801423
2024-07-11 10:08:31,5.09,0.541,2.753,25.0,0.01,0.0,9.4,1093,5566,7488,01:50:03,6603,1720685311.920744
2024-07-11 10:08:32,5.09,0.541,2.753,25.0,0.01,0.0,9.4,1093,5567,7489,01:50:04,6604,1720685312.2691393
2024-07-11 10:08:32,5.08,0.623,3.164,25.0,0.01,0.0,8.1,1093,5567,7489,01:50:04,6604,1720685312.6028888
2024-07-11 10:08:32,5.07,0.73,3.701,25.0,0.01,0.0,6.9,1093,5567,7489,01:50:04,6604,1720685312.944149
2024-07-11 10:08:33,5.07,0.73,3.701,25.0,0.01,0.0,6.9,1094,5568,7490,01:50:05,6605,1720685313.2928815
2024-07-11 10:08:33,5.06,0.798,4.037,25.0,0.01,0.0,6.3,1094,5568,7490,01:50:05,6605,1720685313.6251943
2024-07-11 10:08:33,5.06,0.798,4.037,25.0,0.01,0.0,6.3,1094,5568,7490,01:50:05,6605,1720685313.9653733
2024-07-11 10:08:34,5.07,0.676,3.427,25.0,0.01,0.0,7.5,1094,5569,7491,01:50:06,6606,1720685314.3141427
2024-07-11 10:08:34,5.05,0.852,4.302,25.0,0.01,0.0,5.9,1094,5569,7491,01:50:06,6606,1720685314.6465662
2024-07-11 10:08:34,5.05,0.852,4.302,25.0,0.01,0.0,5.9,1094,5569,7491,01:50:06,6606,1720685314.9876237
2024-07-11 10:08:35,5.08,0.657,3.337,25.0,0.01,0.0,7.7,1094,5570,7492,01:50:07,6607,1720685315.335363
2024-07-11 10:08:35,5.09,0.525,2.672,25.0,0.01,0.0,9.6,1094,5570,7492,01:50:07,6607,1720685315.6685724
2024-07-11 10:08:36,5.09,0.525,2.672,25.0,0.01,0.0,9.6,1094,5570,7492,01:50:07,6607,1720685316.0100188
2024-07-11 10:08:36,5.09,0.589,2.998,25.0,0.01,0.0,8.6,1094,5571,7493,01:50:08,6608,1720685316.3537803
2024-07-11 10:08:36,5.09,0.589,2.998,25.0,0.01,0.0,8.6,1094,5571,7493,01:50:08,6608,1720685316.6916509
2024-07-11 10:08:37,5.1,0.503,2.565,25.0,0.01,0.0,10.1,1094,5571,7493,01:50:08,6608,1720685317.0394058
2024-07-11 10:08:37,5.09,0.579,2.947,25.0,0.01,0.0,8.7,1094,5571,7494,01:50:09,6609,1720685317.3738878
2024-07-11 10:08:37,5.09,0.579,2.947,25.0,0.01,0.0,8.7,1094,5571,7494,01:50:09,6609,1720685317.714034
2024-07-11 10:08:38,5.1,0.523,2.667,25.0,0.01,0.0,9.7,1094,5571,7494,01:50:09,6609,1720685318.0554094
2024-07-11 10:08:38,5.09,0.549,2.794,25.0,0.01,0.0,9.2,1094,5572,7495,01:50:10,6610,1720685318.3965774
2024-07-11 10:08:38,5.09,0.549,2.794,25.0,0.01,0.0,9.2,1094,5572,7495,01:50:10,6610,1720685318.737965
2024-07-11 10:08:39,5.06,0.802,4.058,25.0,0.01,0.0,6.3,1095,5573,7496,01:50:10,6610,1720685319.0791526
2024-07-11 10:08:39,5.06,0.802,4.058,25.0,0.01,0.0,6.3,1095,5573,7496,01:50:11,6611,1720685319.4203994
2024-07-11 10:08:39,5.07,0.709,3.594,25.0,0.01,0.0,7.1,1095,5573,7496,01:50:11,6611,1720685319.7603874
2024-07-11 10:08:40,5.06,0.759,3.84,25.0,0.01,0.0,6.6,1095,5574,7497,01:50:11,6611,1720685320.1010478
2024-07-11 10:08:40,5.06,0.759,3.84,25.0,0.01,0.0,6.6,1095,5574,7497,01:50:12,6612,1720685320.4416625
2024-07-11 10:08:40,5.06,0.786,3.977,25.0,0.01,0.0,6.4,1095,5574,7497,01:50:12,6612,1720685320.7828104
2024-07-11 10:08:41,5.07,0.716,3.63,25.0,0.01,0.0,7.0,1095,5575,7498,01:50:13,6613,1720685321.1226556
2024-07-11 10:08:41,5.07,0.716,3.63,25.0,0.01,0.0,7.0,1095,5575,7498,01:50:13,6613,1720685321.4641669
2024-07-11 10:08:41,5.1,0.525,2.677,25.0,0.01,0.0,9.7,1095,5575,7498,01:50:13,6613,1720685321.803336
2024-07-11 10:08:42,5.1,0.525,2.677,25.0,0.01,0.0,9.7,1095,5576,7499,01:50:14,6614,1720685322.1592247
2024-07-11 10:08:42,5.09,0.56,2.85,25.0,0.01,0.0,9.0,1095,5576,7499,01:50:14,6614,1720685322.486589
2024-07-11 10:08:42,5.1,0.521,2.657,25.0,0.01,0.0,9.7,1095,5576,7499,01:50:14,6614,1720685322.8278437
2024-07-11 10:08:43,5.1,0.521,2.657,25.0,0.01,0.0,9.7,1095,5577,7500,01:50:15,6615,1720685323.1691947
2024-07-11 10:08:43,5.09,0.56,2.85,25.0,0.01,0.0,9.0,1095,5577,7500,01:50:15,6615,1720685323.5099223
2024-07-11 10:08:43,5.09,0.545,2.774,25.0,0.01,0.0,9.3,1095,5577,7500,01:50:15,6615,1720685323.8503566
2024-07-11 10:08:44,5.09,0.545,2.774,25.0,0.01,0.0,9.3,1095,5577,7501,01:50:16,6616,1720685324.191627
2024-07-11 10:08:44,5.09,0.529,2.692,25.0,0.01,0.0,9.6,1095,5577,7501,01:50:16,6616,1720685324.5355082
2024-07-11 10:08:44,5.09,0.529,2.692,25.0,0.01,0.0,9.6,1095,5577,7501,01:50:16,6616,1720685324.874181
2024-07-11 10:08:45,5.07,0.66,3.346,25.0,0.01,0.0,7.6,1096,5578,7502,01:50:17,6617,1720685325.2149894
2024-07-11 10:08:45,5.05,0.811,4.095,25.0,0.01,0.0,6.2,1096,5578,7502,01:50:17,6617,1720685325.5565007
2024-07-11 10:08:45,5.05,0.811,4.095,25.0,0.01,0.0,6.2,1096,5578,7502,01:50:17,6617,1720685325.8963559
2024-07-11 10:08:46,5.07,0.662,3.356,25.0,0.01,0.0,7.6,1096,5579,7503,01:50:18,6618,1720685326.237937
2024-07-11 10:08:46,5.05,0.819,4.135,25.0,0.01,0.0,6.1,1096,5579,7503,01:50:18,6618,1720685326.5791755
2024-07-11 10:08:46,5.05,0.819,4.135,25.0,0.01,0.0,6.1,1096,5579,7503,01:50:18,6618,1720685326.9204516
2024-07-11 10:08:47,5.07,0.699,3.543,25.0,0.01,0.0,7.2,1096,5580,7504,01:50:19,6619,1720685327.2791965
2024-07-11 10:08:47,5.07,0.699,3.543,25.0,0.01,0.0,7.2,1096,5580,7504,01:50:19,6619,1720685327.6004155
2024-07-11 10:08:47,5.09,0.595,3.028,25.0,0.01,0.0,8.5,1096,5580,7504,01:50:19,6619,1720685327.9416628
2024-07-11 10:08:48,5.09,0.574,2.921,25.0,0.01,0.0,8.8,1096,5581,7505,01:50:20,6620,1720685328.2828102
2024-07-11 10:08:48,5.09,0.574,2.921,25.0,0.01,0.0,8.8,1096,5581,7505,01:50:20,6620,1720685328.6225548
2024-07-11 10:08:48,5.1,0.523,2.667,25.0,0.01,0.0,9.7,1096,5581,7505,01:50:20,6620,1720685328.9662452
2024-07-11 10:08:49,5.09,0.56,2.85,25.0,0.01,0.0,9.0,1096,5582,7506,01:50:21,6621,1720685329.3054037
2024-07-11 10:08:49,5.09,0.56,2.85,25.0,0.01,0.0,9.0,1096,5582,7506,01:50:21,6621,1720685329.6450827
2024-07-11 10:08:49,5.09,0.538,2.738,25.0,0.01,0.0,9.4,1096,5582,7506,01:50:21,6621,1720685329.989058
2024-07-11 10:08:50,5.09,0.538,2.738,25.0,0.01,0.0,9.4,1096,5583,7507,01:50:22,6622,1720685330.327892
2024-07-11 10:08:50,5.09,0.536,2.728,25.0,0.01,0.0,9.4,1096,5583,7507,01:50:22,6622,1720685330.6691663
2024-07-11 10:08:51,5.05,0.799,4.034,25.0,0.01,0.0,6.3,1096,5583,7507,01:50:22,6622,1720685331.0104585
2024-07-11 10:08:51,5.05,0.799,4.034,25.0,0.01,0.0,6.3,1097,5584,7508,01:50:23,6623,1720685331.3504133
2024-07-11 10:08:51,5.08,0.65,3.302,25.0,0.01,0.0,7.8,1097,5584,7508,01:50:23,6623,1720685331.690921
2024-07-11 10:08:52,5.05,0.833,4.206,25.0,0.01,0.0,6.0,1097,5584,7508,01:50:23,6623,1720685332.0347686
2024-07-11 10:08:52,5.05,0.833,4.206,25.0,0.01,0.0,6.0,1097,5585,7509,01:50:24,6624,1720685332.399159
2024-07-11 10:08:52,5.07,0.715,3.625,25.0,0.01,0.0,7.0,1097,5585,7509,01:50:24,6624,1720685332.712826
2024-07-11 10:08:53,5.07,0.715,3.625,25.0,0.01,0.0,7.0,1097,5586,7510,01:50:24,6624,1720685333.0582469
2024-07-11 10:08:53,5.05,0.815,4.115,25.0,0.01,0.0,6.1,1097,5586,7510,01:50:25,6625,1720685333.3954356
2024-07-11 10:08:53,5.05,0.818,4.13,25.0,0.01,0.0,6.1,1097,5586,7510,01:50:25,6625,1720685333.735438
2024-07-11 10:08:54,5.05,0.818,4.13,25.0,0.01,0.0,6.1,1097,5587,7511,01:50:25,6625,1720685334.0766685
2024-07-11 10:08:54,5.07,0.718,3.64,25.0,0.01,0.0,7.0,1097,5587,7511,01:50:26,6626,1720685334.4161952
2024-07-11 10:08:54,5.06,0.797,4.032,25.0,0.01,0.0,6.3,1097,5587,7511,01:50:26,6626,1720685334.7579195
2024-07-11 10:08:55,5.06,0.797,4.032,25.0,0.01,0.0,6.3,1098,5588,7512,01:50:26,6626,1720685335.0991771
2024-07-11 10:08:55,5.07,0.676,3.427,25.0,0.01,0.0,7.5,1098,5588,7512,01:50:27,6627,1720685335.4391284
2024-07-11 10:08:55,5.07,0.676,3.427,25.0,0.01,0.0,7.5,1098,5588,7512,01:50:27,6627,1720685335.7796035
2024-07-11 10:08:56,5.05,0.851,4.297,25.0,0.01,0.0,5.9,1098,5589,7513,01:50:28,6628,1720685336.127517
2024-07-11 10:08:56,5.07,0.698,3.538,25.0,0.01,0.0,7.2,1098,5589,7513,01:50:28,6628,1720685336.465288
2024-07-11 10:08:56,5.07,0.698,3.538,25.0,0.01,0.0,7.2,1098,5589,7513,01:50:28,6628,1720685336.8028984
2024-07-11 10:08:57,5.05,0.808,4.08,25.0,0.01,0.0,6.2,1098,5590,7514,01:50:29,6629,1720685337.1554856
2024-07-11 10:08:57,5.07,0.726,3.68,25.0,0.01,0.0,6.9,1098,5590,7514,01:50:29,6629,1720685337.4841895
2024-07-11 10:08:57,5.07,0.726,3.68,25.0,0.01,0.0,6.9,1098,5590,7514,01:50:29,6629,1720685337.825439
2024-07-11 10:08:58,5.06,0.771,3.901,25.0,0.01,0.0,6.5,1098,5591,7515,01:50:30,6630,1720685338.1754613
2024-07-11 10:08:58,5.06,0.771,3.901,25.0,0.01,0.0,6.5,1098,5591,7515,01:50:30,6630,1720685338.5067647
2024-07-11 10:08:58,5.06,0.773,3.911,25.0,0.01,0.0,6.5,1098,5591,7515,01:50:30,6630,1720685338.8495648
2024-07-11 10:08:59,5.07,0.727,3.685,25.0,0.01,0.0,6.9,1098,5592,7516,01:50:31,6631,1720685339.1908803
2024-07-11 10:08:59,5.07,0.727,3.685,25.0,0.01,0.0,6.9,1098,5592,7516,01:50:31,6631,1720685339.529192
2024-07-11 10:08:59,5.05,0.806,4.07,25.0,0.01,0.0,6.2,1098,5592,7516,01:50:31,6631,1720685339.8699007
2024-07-11 10:09:00,5.07,0.729,3.696,25.0,0.01,0.0,6.9,1099,5593,7517,01:50:32,6632,1720685340.2230754
2024-07-11 10:09:00,5.07,0.729,3.696,25.0,0.01,0.0,6.9,1099,5593,7517,01:50:32,6632,1720685340.5517395
2024-07-11 10:09:00,5.08,0.639,3.246,25.0,0.01,0.0,7.9,1099,5593,7517,01:50:32,6632,1720685340.8927958
2024-07-11 10:09:01,5.08,0.639,3.246,25.0,0.01,0.0,7.9,1099,5594,7518,01:50:33,6633,1720685341.2342262
2024-07-11 10:09:01,5.1,0.498,2.539,25.0,0.01,0.0,10.2,1099,5594,7518,01:50:33,6633,1720685341.574257
2024-07-11 10:09:01,5.09,0.585,2.977,25.0,0.01,0.0,8.7,1099,5594,7518,01:50:33,6633,1720685341.9154537
2024-07-11 10:09:02,5.09,0.585,2.977,25.0,0.01,0.0,8.7,1099,5595,7519,01:50:34,6634,1720685342.2565382
2024-07-11 10:09:02,5.09,0.565,2.875,25.0,0.01,0.0,9.0,1099,5595,7519,01:50:34,6634,1720685342.5979116
2024-07-11 10:09:02,5.1,0.509,2.595,25.0,0.01,0.0,10.0,1099,5595,7519,01:50:34,6634,1720685342.9379513
2024-07-11 10:09:03,5.1,0.509,2.595,25.0,0.01,0.0,10.0,1099,5596,7520,01:50:35,6635,1720685343.2796395
2024-07-11 10:09:03,5.09,0.582,2.962,25.0,0.01,0.0,8.7,1099,5596,7520,01:50:35,6635,1720685343.6203501
2024-07-11 10:09:03,5.09,0.582,2.962,25.0,0.01,0.0,8.7,1099,5596,7520,01:50:35,6635,1720685343.9618115
2024-07-11 10:09:04,5.1,0.51,2.601,25.0,0.01,0.0,10.0,1099,5597,7521,01:50:36,6636,1720685344.301272
2024-07-11 10:09:04,5.05,0.847,4.277,25.0,0.01,0.0,5.9,1099,5597,7521,01:50:36,6636,1720685344.646741
2024-07-11 10:09:04,5.05,0.847,4.277,25.0,0.01,0.0,5.9,1099,5597,7521,01:50:36,6636,1720685344.9840605
2024-07-11 10:09:05,5.07,0.673,3.412,25.0,0.01,0.0,7.5,1099,5598,7522,01:50:37,6637,1720685345.3255038
2024-07-11 10:09:05,5.05,0.803,4.055,25.0,0.01,0.0,6.2,1099,5598,7522,01:50:37,6637,1720685345.666131
2024-07-11 10:09:06,5.05,0.803,4.055,25.0,0.01,0.0,6.2,1099,5598,7522,01:50:37,6637,1720685346.006737
2024-07-11 10:09:06,5.06,0.741,3.749,25.0,0.01,0.0,6.8,1100,5599,7523,01:50:38,6638,1720685346.3478835
2024-07-11 10:09:06,5.06,0.741,3.749,25.0,0.01,0.0,6.8,1100,5599,7523,01:50:38,6638,1720685346.6879995
2024-07-11 10:09:07,5.06,0.748,3.784,25.0,0.01,0.0,6.7,1100,5600,7524,01:50:38,6638,1720685347.0292234
2024-07-11 10:09:07,5.06,0.8,4.048,25.0,0.0,0.0,6.3,1100,5600,7524,01:50:39,6639,1720685347.3703935
2024-07-11 10:09:07,5.06,0.8,4.048,25.0,0.0,0.0,6.3,1100,5600,7524,01:50:39,6639,1720685347.7117083
2024-07-11 10:09:08,5.09,0.545,2.774,25.0,0.0,0.0,9.3,1100,5601,7525,01:50:39,6639,1720685348.0515013
2024-07-11 10:09:08,5.09,0.535,2.723,25.0,0.0,0.0,9.5,1100,5601,7525,01:50:40,6640,1720685348.398825
2024-07-11 10:09:08,5.09,0.535,2.723,25.0,0.0,0.0,9.5,1100,5601,7525,01:50:40,6640,1720685348.7342482
2024-07-11 10:09:09,5.09,0.574,2.921,25.0,0.0,0.0,8.8,1100,5602,7526,01:50:40,6640,1720685349.0746813
2024-07-11 10:09:09,5.09,0.574,2.921,25.0,0.0,0.0,8.8,1100,5602,7526,01:50:41,6641,1720685349.4163175
2024-07-11 10:09:09,5.1,0.498,2.539,25.0,0.0,0.0,10.2,1100,5602,7526,01:50:41,6641,1720685349.7564068
2024-07-11 10:09:10,5.09,0.581,2.957,25.0,0.0,0.0,8.7,1100,5603,7527,01:50:41,6641,1720685350.0985203
2024-07-11 10:09:10,5.09,0.581,2.957,25.0,0.0,0.0,8.7,1100,5603,7527,01:50:42,6642,1720685350.438281
2024-07-11 10:09:10,5.1,0.51,2.601,25.0,0.0,0.0,10.0,1100,5603,7527,01:50:42,6642,1720685350.780469
2024-07-11 10:09:11,5.07,0.668,3.386,25.0,0.0,0.0,7.5,1101,5603,7528,01:50:43,6643,1720685351.121719
2024-07-11 10:09:11,5.07,0.668,3.386,25.0,0.0,0.0,7.5,1101,5603,7528,01:50:43,6643,1720685351.4630694
2024-07-11 10:09:11,5.06,0.742,3.754,25.0,0.0,0.0,6.8,1101,5603,7528,01:50:43,6643,1720685351.8054938
2024-07-11 10:09:12,5.06,0.742,3.754,25.0,0.0,0.0,6.8,1101,5604,7529,01:50:44,6644,1720685352.1442354
2024-07-11 10:09:12,5.06,0.739,3.739,25.0,0.0,0.0,6.8,1101,5604,7529,01:50:44,6644,1720685352.4852874
2024-07-11 10:09:12,5.05,0.813,4.105,25.0,0.0,0.0,6.2,1101,5604,7529,01:50:44,6644,1720685352.8264306
2024-07-11 10:09:13,5.05,0.813,4.105,25.0,0.0,0.0,6.2,1101,5606,7530,01:50:45,6645,1720685353.1692598
2024-07-11 10:09:13,5.08,0.663,3.368,25.0,0.0,0.0,7.6,1101,5606,7530,01:50:45,6645,1720685353.5195472
2024-07-11 10:09:13,5.07,0.689,3.493,25.0,0.0,0.0,7.3,1101,5606,7530,01:50:45,6645,1720685353.8492582
2024-07-11 10:09:14,5.07,0.689,3.493,25.0,0.0,0.0,7.3,1101,5607,7531,01:50:46,6646,1720685354.1892564
2024-07-11 10:09:14,5.09,0.555,2.824,25.0,0.0,0.0,9.1,1101,5607,7531,01:50:46,6646,1720685354.5305037
2024-07-11 10:09:14,5.09,0.555,2.824,25.0,0.0,0.0,9.1,1101,5607,7531,01:50:46,6646,1720685354.8742292
2024-07-11 10:09:15,5.1,0.521,2.657,25.0,0.0,0.0,9.7,1101,5607,7532,01:50:47,6647,1720685355.2129438
2024-07-11 10:09:15,5.09,0.586,2.982,25.0,0.0,0.0,8.6,1101,5607,7532,01:50:47,6647,1720685355.5542507
2024-07-11 10:09:15,5.09,0.586,2.982,25.0,0.0,0.0,8.6,1101,5607,7532,01:50:47,6647,1720685355.893676
2024-07-11 10:09:16,5.1,0.515,2.626,25.0,0.0,0.0,9.9,1102,5608,7533,01:50:48,6648,1720685356.2360766
2024-07-11 10:09:16,5.09,0.582,2.962,25.0,0.0,0.0,8.7,1102,5608,7533,01:50:48,6648,1720685356.5766976
2024-07-11 10:09:16,5.09,0.582,2.962,25.0,0.0,0.0,8.7,1102,5608,7533,01:50:48,6648,1720685356.9163692
2024-07-11 10:09:17,5.08,0.617,3.134,25.0,0.0,0.0,8.2,1102,5609,7534,01:50:49,6649,1720685357.259233
2024-07-11 10:09:17,5.08,0.617,3.134,25.0,0.0,0.0,8.2,1102,5609,7534,01:50:49,6649,1720685357.5988626
2024-07-11 10:09:17,5.07,0.728,3.69,25.0,0.0,0.0,6.9,1102,5609,7534,01:50:49,6649,1720685357.941705
2024-07-11 10:09:18,5.06,0.743,3.759,25.0,0.0,0.0,6.8,1102,5610,7535,01:50:50,6650,1720685358.2804863
2024-07-11 10:09:18,5.06,0.743,3.759,25.0,0.0,0.0,6.8,1102,5610,7535,01:50:50,6650,1720685358.6392307
2024-07-11 10:09:18,5.06,0.771,3.901,25.0,0.0,0.0,6.5,1102,5610,7535,01:50:50,6650,1720685358.9645567
2024-07-11 10:09:19,5.07,0.726,3.68,25.0,0.0,0.0,6.9,1102,5611,7536,01:50:51,6651,1720685359.3022945
2024-07-11 10:09:19,5.07,0.726,3.68,25.0,0.0,0.0,6.9,1102,5611,7536,01:50:51,6651,1720685359.6454778
2024-07-11 10:09:19,5.07,0.697,3.533,25.0,0.0,0.0,7.2,1102,5612,7537,01:50:51,6651,1720685359.9855242
2024-07-11 10:09:20,5.07,0.697,3.533,25.0,0.0,0.0,7.2,1102,5612,7537,01:50:52,6652,1720685360.3267126
2024-07-11 10:09:20,5.09,0.529,2.692,25.0,0.0,0.0,9.6,1102,5612,7537,01:50:52,6652,1720685360.6667004
2024-07-11 10:09:21,5.09,0.544,2.768,25.0,0.0,0.0,9.3,1102,5613,7538,01:50:52,6652,1720685361.0073674
2024-07-11 10:09:21,5.09,0.544,2.768,25.0,0.0,0.0,9.3,1102,5613,7538,01:50:53,6653,1720685361.3491976
2024-07-11 10:09:21,5.09,0.549,2.794,25.0,0.0,0.0,9.2,1102,5613,7538,01:50:53,6653,1720685361.6905153
2024-07-11 10:09:22,5.1,0.527,2.687,25.0,0.0,0.0,9.6,1103,5614,7539,01:50:53,6653,1720685362.0317116
2024-07-11 10:09:22,5.1,0.527,2.687,25.0,0.0,0.0,9.6,1103,5614,7539,01:50:54,6654,1720685362.3730304
2024-07-11 10:09:22,5.09,0.556,2.83,25.0,0.0,0.0,9.1,1103,5614,7539,01:50:54,6654,1720685362.714036
2024-07-11 10:09:23,5.09,0.556,2.83,25.0,0.0,0.0,9.1,1103,5614,7540,01:50:54,6654,1720685363.055506
2024-07-11 10:09:23,5.07,0.685,3.472,25.0,0.0,0.0,7.4,1103,5614,7540,01:50:55,6655,1720685363.3967412
2024-07-11 10:09:23,5.06,0.773,3.911,25.0,0.0,0.0,6.5,1103,5614,7540,01:50:55,6655,1720685363.7616973
2024-07-11 10:09:24,5.06,0.773,3.911,25.0,0.0,0.0,6.5,1103,5615,7541,01:50:55,6655,1720685364.0780041
2024-07-11 10:09:24,5.07,0.706,3.579,25.0,0.0,0.0,7.1,1103,5615,7541,01:50:56,6656,1720685364.4192274
2024-07-11 10:09:24,5.06,0.803,4.063,25.0,0.0,0.0,6.3,1103,5615,7541,01:50:56,6656,1720685364.7605476
2024-07-11 10:09:25,5.06,0.803,4.063,25.0,0.0,0.0,6.3,1103,5617,7542,01:50:56,6656,1720685365.1018624
2024-07-11 10:09:25,5.07,0.709,3.594,25.0,0.0,0.0,7.1,1103,5617,7542,01:50:57,6657,1720685365.441708
2024-07-11 10:09:25,5.07,0.709,3.594,25.0,0.0,0.0,7.1,1103,5617,7542,01:50:57,6657,1720685365.7830932
2024-07-11 10:09:26,5.08,0.629,3.195,25.0,0.0,0.0,8.0,1103,5618,7543,01:50:58,6658,1720685366.124744
2024-07-11 10:09:26,5.09,0.567,2.886,25.0,0.0,0.0,8.9,1103,5618,7543,01:50:58,6658,1720685366.4651585
2024-07-11 10:09:26,5.09,0.567,2.886,25.0,0.0,0.0,8.9,1103,5618,7543,01:50:58,6658,1720685366.8054245
2024-07-11 10:09:27,5.1,0.529,2.697,25.0,0.0,0.0,9.6,1104,5618,7544,01:50:59,6659,1720685367.1542418
2024-07-11 10:09:27,5.09,0.551,2.804,25.0,0.0,0.0,9.2,1104,5618,7544,01:50:59,6659,1720685367.4880373
2024-07-11 10:09:27,5.09,0.551,2.804,25.0,0.0,0.0,9.2,1104,5618,7544,01:50:59,6659,1720685367.8292534
2024-07-11 10:09:28,5.09,0.555,2.824,25.0,0.0,0.0,9.1,1104,5619,7545,01:51:00,6660,1720685368.1804965
2024-07-11 10:09:28,5.09,0.555,2.824,25.0,0.0,0.0,9.1,1104,5619,7545,01:51:00,6660,1720685368.5117922
2024-07-11 10:09:28,5.1,0.529,2.697,25.0,0.0,0.0,9.6,1104,5619,7545,01:51:00,6660,1720685368.8817797
2024-07-11 10:09:29,5.07,0.728,3.69,25.0,0.0,0.0,6.9,1104,5620,7546,01:51:01,6661,1720685369.2067876
2024-07-11 10:09:29,5.07,0.728,3.69,25.0,0.0,0.0,6.9,1104,5620,7546,01:51:01,6661,1720685369.5339563
2024-07-11 10:09:29,5.08,0.642,3.261,25.0,0.0,0.0,7.9,1104,5620,7546,01:51:01,6661,1720685369.8745563
2024-07-11 10:09:30,5.05,0.851,4.297,25.0,0.0,0.0,5.9,1104,5621,7547,01:51:02,6662,1720685370.2192495
2024-07-11 10:09:30,5.05,0.851,4.297,25.0,0.0,0.0,5.9,1104,5621,7547,01:51:02,6662,1720685370.5580318
2024-07-11 10:09:30,5.07,0.705,3.574,25.0,0.0,0.0,7.1,1104,5621,7547,01:51:02,6662,1720685370.8980544
2024-07-11 10:09:31,5.07,0.705,3.574,25.0,0.0,0.0,7.1,1104,5622,7548,01:51:03,6663,1720685371.2412
2024-07-11 10:09:31,5.05,0.822,4.151,25.0,0.0,0.0,6.1,1104,5622,7548,01:51:03,6663,1720685371.5805137
2024-07-11 10:09:31,5.09,0.604,3.074,25.0,0.0,0.0,8.4,1104,5622,7548,01:51:03,6663,1720685371.9218087
2024-07-11 10:09:32,5.09,0.604,3.074,25.0,0.0,0.0,8.4,1104,5623,7549,01:51:04,6664,1720685372.2618191
2024-07-11 10:09:32,5.1,0.532,2.713,25.0,0.0,0.0,9.5,1104,5623,7549,01:51:04,6664,1720685372.6029468
2024-07-11 10:09:32,5.09,0.565,2.875,25.0,0.0,0.0,9.0,1104,5623,7549,01:51:04,6664,1720685372.9440837
2024-07-11 10:09:33,5.09,0.565,2.875,25.0,0.0,0.0,9.0,1105,5623,7550,01:51:05,6665,1720685373.2854714
2024-07-11 10:09:33,5.1,0.511,2.606,25.0,0.0,0.0,9.9,1105,5623,7550,01:51:05,6665,1720685373.6254895
2024-07-11 10:09:33,5.1,0.511,2.606,25.0,0.0,0.0,9.9,1105,5624,7551,01:51:05,6665,1720685373.9967954
2024-07-11 10:09:34,5.09,0.584,2.972,25.0,0.0,0.0,8.7,1105,5624,7551,01:51:06,6666,1720685374.308047
2024-07-11 10:09:34,5.1,0.502,2.56,25.0,0.01,0.0,10.1,1105,5624,7551,01:51:06,6666,1720685374.6492727
2024-07-11 10:09:34,5.1,0.502,2.56,25.0,0.01,0.0,10.1,1105,5625,7552,01:51:06,6666,1720685374.9905074
2024-07-11 10:09:35,5.08,0.611,3.103,25.0,0.01,0.0,8.3,1105,5625,7552,01:51:07,6667,1720685375.3318856
2024-07-11 10:09:35,5.06,0.768,3.886,25.0,0.01,0.0,6.5,1105,5625,7552,01:51:07,6667,1720685375.6720138
2024-07-11 10:09:36,5.06,0.768,3.886,25.0,0.01,0.0,6.5,1105,5626,7553,01:51:07,6667,1720685376.0129013
2024-07-11 10:09:36,5.07,0.718,3.64,25.0,0.01,0.0,7.0,1105,5626,7553,01:51:08,6668,1720685376.353384
2024-07-11 10:09:36,5.07,0.718,3.64,25.0,0.01,0.0,7.0,1105,5626,7553,01:51:08,6668,1720685376.6942809
2024-07-11 10:09:37,5.06,0.787,3.982,25.0,0.01,0.0,6.4,1105,5627,7554,01:51:08,6668,1720685377.0355322
2024-07-11 10:09:37,5.06,0.734,3.714,25.0,0.01,0.0,6.8,1105,5627,7554,01:51:09,6669,1720685377.3768227
2024-07-11 10:09:37,5.06,0.734,3.714,25.0,0.01,0.0,6.8,1105,5627,7554,01:51:09,6669,1720685377.7180712
2024-07-11 10:09:38,5.07,0.727,3.685,25.0,0.01,0.0,6.9,1105,5628,7555,01:51:09,6669,1720685378.0575845
2024-07-11 10:09:38,5.1,0.523,2.667,25.0,0.01,0.0,9.7,1105,5628,7555,01:51:10,6670,1720685378.3992612
2024-07-11 10:09:38,5.1,0.523,2.667,25.0,0.01,0.0,9.7,1105,5628,7555,01:51:10,6670,1720685378.7405105
2024-07-11 10:09:39,5.09,0.569,2.896,25.0,0.01,0.0,8.9,1106,5629,7556,01:51:10,6670,1720685379.0818121
2024-07-11 10:09:39,5.09,0.569,2.896,25.0,0.01,0.0,8.9,1106,5629,7556,01:51:11,6671,1720685379.4230435
2024-07-11 10:09:39,5.1,0.514,2.621,25.0,0.01,0.0,9.9,1106,5629,7556,01:51:11,6671,1720685379.7638123
2024-07-11 10:09:40,5.09,0.593,3.018,25.0,0.01,0.0,8.5,1106,5629,7557,01:51:12,6672,1720685380.105472
2024-07-11 10:09:40,5.09,0.593,3.018,25.0,0.01,0.0,8.5,1106,5629,7557,01:51:12,6672,1720685380.4455013
2024-07-11 10:09:40,5.09,0.529,2.692,25.0,0.01,0.0,9.6,1106,5629,7557,01:51:12,6672,1720685380.7868152
2024-07-11 10:09:41,5.07,0.684,3.467,25.0,0.01,0.0,7.4,1106,5630,7558,01:51:13,6673,1720685381.128088
2024-07-11 10:09:41,5.07,0.684,3.467,25.0,0.01,0.0,7.4,1106,5630,7558,01:51:13,6673,1720685381.4693124
2024-07-11 10:09:41,5.07,0.701,3.554,25.0,0.01,0.0,7.2,1106,5630,7558,01:51:13,6673,1720685381.8093224
2024-07-11 10:09:42,5.07,0.701,3.554,25.0,0.01,0.0,7.2,1106,5631,7559,01:51:14,6674,1720685382.150555
2024-07-11 10:09:42,5.06,0.792,4.007,25.0,0.01,0.0,6.3,1106,5631,7559,01:51:14,6674,1720685382.4918382
2024-07-11 10:09:42,5.07,0.735,3.726,25.0,0.01,0.0,6.8,1106,5631,7559,01:51:14,6674,1720685382.831782
2024-07-11 10:09:43,5.07,0.735,3.726,25.0,0.01,0.0,6.8,1106,5632,7560,01:51:15,6675,1720685383.1723642
2024-07-11 10:09:43,5.06,0.766,3.875,25.0,0.01,0.0,6.6,1106,5632,7560,01:51:15,6675,1720685383.5138843
2024-07-11 10:09:43,5.06,0.8,4.048,25.0,0.01,0.0,6.3,1106,5632,7560,01:51:15,6675,1720685383.8543284
2024-07-11 10:09:44,5.06,0.8,4.048,25.0,0.01,0.0,6.3,1106,5633,7561,01:51:16,6676,1720685384.1955366
2024-07-11 10:09:44,5.1,0.521,2.657,25.0,0.01,0.0,9.7,1106,5633,7561,01:51:16,6676,1720685384.5368865
2024-07-11 10:09:44,5.1,0.521,2.657,25.0,0.01,0.0,9.7,1106,5633,7561,01:51:16,6676,1720685384.879675
2024-07-11 10:09:45,5.09,0.58,2.952,25.0,0.01,0.0,8.7,1107,5634,7562,01:51:17,6677,1720685385.218086
2024-07-11 10:09:45,5.1,0.504,2.57,25.0,0.01,0.0,10.1,1107,5634,7562,01:51:17,6677,1720685385.5592687
2024-07-11 10:09:45,5.1,0.504,2.57,25.0,0.01,0.0,10.1,1107,5634,7562,01:51:17,6677,1720685385.9005444
2024-07-11 10:09:46,5.09,0.578,2.942,25.0,0.01,0.0,8.8,1107,5635,7563,01:51:18,6678,1720685386.2418535
2024-07-11 10:09:46,5.1,0.515,2.626,25.0,0.01,0.0,9.9,1107,5635,7563,01:51:18,6678,1720685386.583882
2024-07-11 10:09:46,5.1,0.515,2.626,25.0,0.01,0.0,9.9,1107,5636,7564,01:51:18,6678,1720685386.9227343
2024-07-11 10:09:47,5.08,0.608,3.088,25.0,0.01,0.0,8.3,1107,5636,7564,01:51:19,6679,1720685387.2643056
2024-07-11 10:09:47,5.08,0.608,3.088,25.0,0.01,0.0,8.3,1107,5636,7564,01:51:19,6679,1720685387.604345
2024-07-11 10:09:47,5.06,0.803,4.063,25.0,0.01,0.0,6.3,1107,5636,7565,01:51:19,6679,1720685387.9455187
2024-07-11 10:09:48,5.06,0.751,3.8,25.0,0.0,0.0,6.7,1107,5636,7565,01:51:20,6680,1720685388.2868426
2024-07-11 10:09:48,5.06,0.751,3.8,25.0,0.0,0.0,6.7,1107,5636,7565,01:51:20,6680,1720685388.6266825
2024-07-11 10:09:48,5.07,0.714,3.619,25.0,0.0,0.0,7.1,1107,5637,7566,01:51:20,6680,1720685388.968072
2024-07-11 10:09:49,5.06,0.797,4.032,25.0,0.0,0.0,6.3,1107,5637,7566,01:51:21,6681,1720685389.30934
2024-07-11 10:09:49,5.06,0.797,4.032,25.0,0.0,0.0,6.3,1107,5637,7566,01:51:21,6681,1720685389.649341
2024-07-11 10:09:49,5.08,0.66,3.352,25.0,0.0,0.0,7.6,1108,5639,7567,01:51:21,6681,1720685389.9994926
2024-07-11 10:09:50,5.08,0.66,3.352,25.0,0.0,0.0,7.6,1108,5639,7567,01:51:22,6682,1720685390.330602
2024-07-11 10:09:50,5.09,0.54,2.748,25.0,0.0,0.0,9.4,1108,5639,7567,01:51:22,6682,1720685390.6718636
2024-07-11 10:09:51,5.09,0.545,2.774,25.0,0.0,0.0,9.3,1108,5639,7568,01:51:22,6682,1720685391.0171769
2024-07-11 10:09:51,5.09,0.545,2.774,25.0,0.0,0.0,9.3,1108,5639,7568,01:51:23,6683,1720685391.3543181
2024-07-11 10:09:51,5.09,0.545,2.774,25.0,0.0,0.0,9.3,1108,5639,7568,01:51:23,6683,1720685391.695637
2024-07-11 10:09:52,5.09,0.543,2.763,25.0,0.0,0.0,9.3,1108,5640,7569,01:51:23,6683,1720685392.0366144
2024-07-11 10:09:52,5.09,0.543,2.763,25.0,0.0,0.0,9.3,1108,5640,7569,01:51:24,6684,1720685392.3781111
2024-07-11 10:09:52,5.09,0.555,2.824,25.0,0.0,0.0,9.1,1108,5640,7569,01:51:24,6684,1720685392.7180922
2024-07-11 10:09:53,5.09,0.555,2.824,25.0,0.0,0.0,9.1,1108,5641,7570,01:51:24,6684,1720685393.0593572
2024-07-11 10:09:53,5.09,0.556,2.83,25.0,0.0,0.0,9.1,1108,5641,7570,01:51:25,6685,1720685393.3998728
2024-07-11 10:09:53,5.06,0.739,3.739,25.0,0.0,0.0,6.8,1108,5641,7570,01:51:25,6685,1720685393.7410893
2024-07-11 10:09:54,5.06,0.739,3.739,25.0,0.0,0.0,6.8,1108,5642,7571,01:51:25,6685,1720685394.0827782
2024-07-11 10:09:54,5.06,0.782,3.956,25.0,0.0,0.0,6.4,1108,5642,7571,01:51:26,6686,1720685394.4231348
2024-07-11 10:09:54,5.07,0.711,3.604,25.0,0.0,0.0,7.1,1108,5642,7571,01:51:26,6686,1720685394.7643278
2024-07-11 10:09:55,5.07,0.711,3.604,25.0,0.0,0.0,7.1,1108,5643,7572,01:51:27,6687,1720685395.119347
2024-07-11 10:09:55,5.05,0.814,4.11,25.0,0.0,0.0,6.2,1108,5643,7572,01:51:27,6687,1720685395.4456224
2024-07-11 10:09:55,5.05,0.814,4.11,25.0,0.0,0.0,6.2,1108,5643,7572,01:51:27,6687,1720685395.78672
2024-07-11 10:09:56,5.07,0.694,3.518,25.0,0.0,0.0,7.3,1109,5644,7573,01:51:28,6688,1720685396.1356504
2024-07-11 10:09:56,5.1,0.524,2.672,25.0,0.0,0.0,9.7,1109,5644,7573,01:51:28,6688,1720685396.4677064
2024-07-11 10:09:56,5.1,0.524,2.672,25.0,0.0,0.0,9.7,1109,5644,7573,01:51:28,6688,1720685396.8072016
2024-07-11 10:09:57,5.09,0.555,2.824,25.0,0.0,0.0,9.1,1109,5645,7574,01:51:29,6689,1720685397.1543
2024-07-11 10:09:57,5.1,0.539,2.748,25.0,0.0,0.0,9.4,1109,5645,7574,01:51:29,6689,1720685397.4906359
2024-07-11 10:09:57,5.1,0.539,2.748,25.0,0.0,0.0,9.4,1109,5645,7574,01:51:29,6689,1720685397.831883
2024-07-11 10:09:58,5.09,0.542,2.758,25.0,0.0,0.0,9.3,1109,5646,7575,01:51:30,6690,1720685398.1815958
2024-07-11 10:09:58,5.09,0.542,2.758,25.0,0.0,0.0,9.3,1109,5646,7575,01:51:30,6690,1720685398.5143769
2024-07-11 10:09:58,5.09,0.553,2.814,25.0,0.0,0.0,9.2,1109,5646,7575,01:51:30,6690,1720685398.8553212
2024-07-11 10:09:59,5.09,0.578,2.942,25.0,0.0,0.0,8.8,1109,5646,7576,01:51:31,6691,1720685399.204337
2024-07-11 10:09:59,5.09,0.578,2.942,25.0,0.0,0.0,8.8,1109,5646,7576,01:51:31,6691,1720685399.5369065
2024-07-11 10:09:59,5.06,0.778,3.936,25.0,0.0,0.0,6.5,1109,5646,7576,01:51:31,6691,1720685399.8766346
2024-07-11 10:10:00,5.06,0.755,3.82,25.0,0.0,0.0,6.7,1109,5647,7577,01:51:32,6692,1720685400.238997
2024-07-11 10:10:00,5.06,0.755,3.82,25.0,0.0,0.0,6.7,1109,5647,7577,01:51:32,6692,1720685400.5593398
2024-07-11 10:10:00,5.07,0.728,3.69,25.0,0.0,0.0,6.9,1109,5649,7578,01:51:32,6692,1720685400.8989506
2024-07-11 10:10:01,5.07,0.728,3.69,25.0,0.0,0.0,6.9,1109,5649,7578,01:51:33,6693,1720685401.2406187
2024-07-11 10:10:01,5.06,0.794,4.017,25.0,0.0,0.0,6.3,1109,5649,7578,01:51:33,6693,1720685401.581866
2024-07-11 10:10:01,5.07,0.72,3.65,25.0,0.01,0.0,7.0,1110,5650,7579,01:51:33,6693,1720685401.9215505
2024-07-11 10:10:02,5.07,0.72,3.65,25.0,0.01,0.0,7.0,1110,5650,7579,01:51:34,6694,1720685402.2624025
2024-07-11 10:10:02,5.08,0.632,3.21,25.0,0.01,0.0,8.0,1110,5650,7579,01:51:34,6694,1720685402.6021855
2024-07-11 10:10:02,5.1,0.519,2.646,25.0,0.01,0.0,9.8,1110,5651,7580,01:51:34,6694,1720685402.9439182
2024-07-11 10:10:03,5.1,0.519,2.646,25.0,0.01,0.0,9.8,1110,5651,7580,01:51:35,6695,1720685403.2855837
2024-07-11 10:10:03,5.09,0.553,2.814,25.0,0.01,0.0,9.2,1110,5651,7580,01:51:35,6695,1720685403.626427
2024-07-11 10:10:03,5.09,0.553,2.814,25.0,0.01,0.0,9.2,1110,5651,7581,01:51:35,6695,1720685403.9680202
2024-07-11 10:10:04,5.09,0.573,2.916,25.0,0.01,0.0,8.8,1110,5651,7581,01:51:36,6696,1720685404.309384
2024-07-11 10:10:04,5.09,0.53,2.697,25.0,0.01,0.0,9.6,1110,5651,7581,01:51:36,6696,1720685404.649386
2024-07-11 10:10:04,5.09,0.53,2.697,25.0,0.01,0.0,9.6,1110,5652,7582,01:51:36,6696,1720685404.9906254
2024-07-11 10:10:05,5.09,0.561,2.855,25.0,0.01,0.0,9.0,1110,5652,7582,01:51:37,6697,1720685405.3589988
2024-07-11 10:10:05,5.06,0.801,4.053,25.0,0.01,0.0,6.3,1110,5652,7582,01:51:37,6697,1720685405.67189
2024-07-11 10:10:06,5.06,0.801,4.053,25.0,0.01,0.0,6.3,1110,5653,7583,01:51:37,6697,1720685406.013097
2024-07-11 10:10:06,5.07,0.678,3.437,25.0,0.01,0.0,7.4,1110,5653,7583,01:51:38,6698,1720685406.3543494
2024-07-11 10:10:06,5.07,0.678,3.437,25.0,0.01,0.0,7.4,1110,5653,7583,01:51:38,6698,1720685406.6943839
2024-07-11 10:10:07,5.05,0.844,4.262,25.0,0.01,0.0,5.9,1111,5654,7584,01:51:38,6698,1720685407.0353
2024-07-11 10:10:07,5.07,0.696,3.528,25.0,0.01,0.0,7.2,1111,5654,7584,01:51:39,6699,1720685407.3746269
2024-07-11 10:10:07,5.07,0.696,3.528,25.0,0.01,0.0,7.2,1111,5654,7584,01:51:39,6699,1720685407.7165866
2024-07-11 10:10:08,5.06,0.783,3.961,25.0,0.01,0.0,6.4,1111,5655,7585,01:51:39,6699,1720685408.05796
2024-07-11 10:10:08,5.09,0.591,3.008,25.0,0.01,0.0,8.6,1111,5655,7585,01:51:40,6700,1720685408.3977034
2024-07-11 10:10:08,5.09,0.591,3.008,25.0,0.01,0.0,8.6,1111,5655,7585,01:51:40,6700,1720685408.739376
2024-07-11 10:10:09,5.1,0.513,2.616,25.0,0.01,0.0,9.9,1111,5656,7586,01:51:40,6700,1720685409.0819323
2024-07-11 10:10:09,5.1,0.513,2.616,25.0,0.01,0.0,9.9,1111,5656,7586,01:51:41,6701,1720685409.420601
2024-07-11 10:10:09,5.09,0.569,2.896,25.0,0.01,0.0,8.9,1111,5656,7586,01:51:41,6701,1720685409.7618735
2024-07-11 10:10:10,5.1,0.525,2.677,25.0,0.01,0.0,9.7,1111,5657,7587,01:51:42,6702,1720685410.1030262
2024-07-11 10:10:10,5.1,0.525,2.677,25.0,0.01,0.0,9.7,1111,5657,7587,01:51:42,6702,1720685410.4424524
2024-07-11 10:10:10,5.1,0.526,2.682,25.0,0.01,0.0,9.6,1111,5657,7587,01:51:42,6702,1720685410.7846806
2024-07-11 10:10:11,5.1,0.463,2.361,25.0,0.01,0.0,11.0,1111,5658,7588,01:51:43,6703,1720685411.1256003
2024-07-11 10:10:11,5.1,0.463,2.361,25.0,0.01,0.0,11.0,1111,5658,7588,01:51:43,6703,1720685411.46662
2024-07-11 10:10:11,5.1,0.506,2.58,25.0,0.01,0.0,10.0,1111,5658,7588,01:51:43,6703,1720685411.8081446
2024-07-11 10:10:12,5.1,0.506,2.58,25.0,0.01,0.0,10.0,1111,5658,7589,01:51:44,6704,1720685412.1494212
2024-07-11 10:10:12,5.1,0.512,2.611,25.0,0.01,0.0,9.9,1111,5658,7589,01:51:44,6704,1720685412.4893951
2024-07-11 10:10:12,5.1,0.51,2.601,25.0,0.01,0.0,10.0,1111,5658,7589,01:51:44,6704,1720685412.8304174
2024-07-11 10:10:13,5.1,0.51,2.601,25.0,0.01,0.0,10.0,1112,5659,7590,01:51:45,6705,1720685413.1719582
2024-07-11 10:10:13,5.1,0.506,2.58,25.0,0.01,0.0,10.0,1112,5659,7590,01:51:45,6705,1720685413.5131571
2024-07-11 10:10:13,5.1,0.509,2.595,25.0,0.01,0.0,10.0,1112,5659,7590,01:51:45,6705,1720685413.8562312
2024-07-11 10:10:14,5.1,0.509,2.595,25.0,0.01,0.0,10.0,1112,5660,7591,01:51:46,6706,1720685414.1982515
2024-07-11 10:10:14,5.1,0.513,2.616,25.0,0.01,0.0,9.9,1112,5660,7591,01:51:46,6706,1720685414.5367458
2024-07-11 10:10:14,5.1,0.513,2.616,25.0,0.01,0.0,9.9,1112,5660,7592,01:51:46,6706,1720685414.876734
2024-07-11 10:10:15,5.1,0.506,2.58,25.0,0.01,0.0,10.0,1112,5660,7592,01:51:47,6707,1720685415.2181668
2024-07-11 10:10:15,5.1,0.509,2.595,25.0,0.01,0.0,10.0,1112,5660,7592,01:51:47,6707,1720685415.5594158
2024-07-11 10:10:15,5.1,0.509,2.595,25.0,0.01,0.0,10.0,1112,5661,7593,01:51:47,6707,1720685415.9004173
2024-07-11 10:10:16,5.1,0.476,2.427,25.0,0.01,0.0,10.7,1112,5661,7593,01:51:48,6708,1720685416.2425132
2024-07-11 10:10:16,5.1,0.471,2.402,25.0,0.01,0.0,10.8,1112,5661,7593,01:51:48,6708,1720685416.5828152
2024-07-11 10:10:16,5.1,0.471,2.402,25.0,0.01,0.0,10.8,1112,5662,7594,01:51:48,6708,1720685416.9293897
2024-07-11 10:10:17,5.1,0.467,2.381,25.0,0.01,0.0,10.9,1112,5662,7594,01:51:49,6709,1720685417.2654414
2024-07-11 10:10:17,5.1,0.467,2.381,25.0,0.01,0.0,10.9,1112,5662,7594,01:51:49,6709,1720685417.606894
2024-07-11 10:10:17,5.1,0.473,2.412,25.0,0.01,0.0,10.7,1112,5662,7595,01:51:49,6709,1720685417.9476118
2024-07-11 10:10:18,5.1,0.471,2.402,25.0,0.01,0.0,10.8,1112,5662,7595,01:51:50,6710,1720685418.2894056
2024-07-11 10:10:18,5.1,0.471,2.402,25.0,0.01,0.0,10.8,1112,5662,7595,01:51:50,6710,1720685418.629432
2024-07-11 10:10:18,5.1,0.467,2.381,25.0,0.01,0.0,10.9,1112,5663,7596,01:51:50,6710,1720685418.97189
2024-07-11 10:10:19,5.1,0.471,2.402,25.0,0.01,0.0,10.8,1112,5663,7596,01:51:51,6711,1720685419.313068
2024-07-11 10:10:19,5.1,0.471,2.402,25.0,0.01,0.0,10.8,1112,5663,7596,01:51:51,6711,1720685419.6532533
2024-07-11 10:10:19,5.1,0.47,2.397,25.0,0.01,0.0,10.8,1112,5664,7597,01:51:51,6711,1720685419.9947627
2024-07-11 10:10:20,5.1,0.47,2.397,25.0,0.01,0.0,10.8,1112,5664,7597,01:51:52,6712,1720685420.3356307
2024-07-11 10:10:20,5.1,0.472,2.407,25.0,0.01,0.0,10.8,1112,5664,7597,01:51:52,6712,1720685420.6759598
2024-07-11 10:10:21,5.1,0.467,2.381,25.0,0.01,0.0,10.9,1113,5664,7598,01:51:52,6712,1720685421.0197496
2024-07-11 10:10:21,5.1,0.467,2.381,25.0,0.01,0.0,10.9,1113,5664,7598,01:51:53,6713,1720685421.361561
2024-07-11 10:10:21,5.1,0.47,2.397,25.0,0.01,0.0,10.8,1113,5664,7598,01:51:53,6713,1720685421.70064
2024-07-11 10:10:22,5.1,0.469,2.391,25.0,0.01,0.0,10.8,1113,5665,7599,01:51:53,6713,1720685422.0431166
2024-07-11 10:10:22,5.1,0.469,2.391,25.0,0.01,0.0,10.8,1113,5665,7599,01:51:54,6714,1720685422.3843236
2024-07-11 10:10:22,5.1,0.467,2.381,25.0,0.01,0.0,10.9,1113,5665,7599,01:51:54,6714,1720685422.7231977
2024-07-11 10:10:23,5.1,0.467,2.381,25.0,0.01,0.0,10.9,1113,5666,7600,01:51:54,6714,1720685423.064345
2024-07-11 10:10:23,5.1,0.471,2.402,25.0,0.01,0.0,10.8,1113,5666,7600,01:51:55,6715,1720685423.405695
2024-07-11 10:10:23,5.1,0.47,2.397,25.0,0.01,0.0,10.8,1113,5666,7600,01:51:55,6715,1720685423.7469246
2024-07-11 10:10:24,5.1,0.47,2.397,25.0,0.01,0.0,10.8,1113,5666,7601,01:51:55,6715,1720685424.0900412
2024-07-11 10:10:24,5.1,0.468,2.386,25.0,0.01,0.0,10.8,1113,5666,7601,01:51:56,6716,1720685424.4292765
2024-07-11 10:10:24,5.1,0.467,2.381,25.0,0.01,0.0,10.9,1113,5666,7601,01:51:56,6716,1720685424.7705357
2024-07-11 10:10:25,5.1,0.467,2.381,25.0,0.01,0.0,10.9,1113,5667,7602,01:51:57,6717,1720685425.11009
2024-07-11 10:10:25,5.1,0.468,2.386,25.0,0.01,0.0,10.8,1113,5667,7602,01:51:57,6717,1720685425.4518046
2024-07-11 10:10:25,5.1,0.468,2.386,25.0,0.01,0.0,10.8,1113,5667,7602,01:51:57,6717,1720685425.7926157
2024-07-11 10:10:26,5.1,0.474,2.417,25.0,0.01,0.0,10.7,1113,5668,7603,01:51:58,6718,1720685426.1394014
2024-07-11 10:10:26,5.1,0.467,2.381,25.0,0.01,0.0,10.9,1113,5668,7603,01:51:58,6718,1720685426.4822109
2024-07-11 10:10:26,5.1,0.467,2.381,25.0,0.01,0.0,10.9,1113,5668,7603,01:51:58,6718,1720685426.8169572
2024-07-11 10:10:27,5.1,0.468,2.386,25.0,0.01,0.0,10.8,1113,5668,7604,01:51:59,6719,1720685427.1581879
2024-07-11 10:10:27,5.1,0.468,2.386,25.0,0.01,0.0,10.8,1113,5668,7604,01:51:59,6719,1720685427.4991488
2024-07-11 10:10:27,5.1,0.468,2.386,25.0,0.01,0.0,10.8,1114,5669,7605,01:51:59,6719,1720685427.8388662
2024-07-11 10:10:28,5.1,0.467,2.381,25.0,0.01,0.0,10.9,1114,5669,7605,01:52:00,6720,1720685428.1869016
2024-07-11 10:10:28,5.1,0.467,2.381,25.0,0.01,0.0,10.9,1114,5669,7605,01:52:00,6720,1720685428.5219605
2024-07-11 10:10:28,5.1,0.468,2.386,25.0,0.01,0.0,10.8,1114,5670,7606,01:52:00,6720,1720685428.8632069
2024-07-11 10:10:29,5.1,0.469,2.391,25.0,0.01,0.0,10.8,1114,5670,7606,01:52:01,6721,1720685429.2130964
2024-07-11 10:10:29,5.1,0.469,2.391,25.0,0.01,0.0,10.8,1114,5670,7606,01:52:01,6721,1720685429.5457137
2024-07-11 10:10:29,5.1,0.468,2.386,25.0,0.01,0.0,10.8,1114,5670,7607,01:52:01,6721,1720685429.8869586
2024-07-11 10:10:30,5.1,0.466,2.376,25.0,0.01,0.0,10.9,1114,5670,7607,01:52:02,6722,1720685430.2332897
2024-07-11 10:10:30,5.1,0.466,2.376,25.0,0.01,0.0,10.9,1114,5670,7607,01:52:02,6722,1720685430.5681825
2024-07-11 10:10:30,5.1,0.468,2.386,25.0,0.01,0.0,10.8,1114,5671,7608,01:52:02,6722,1720685430.908789
2024-07-11 10:10:31,5.1,0.468,2.386,25.0,0.01,0.0,10.8,1114,5671,7608,01:52:03,6723,1720685431.2518523
2024-07-11 10:10:31,5.1,0.469,2.391,25.0,0.01,0.0,10.8,1114,5671,7608,01:52:03,6723,1720685431.5992997
2024-07-11 10:10:31,5.1,0.465,2.371,25.0,0.01,0.0,10.9,1114,5672,7609,01:52:03,6723,1720685431.9357333
2024-07-11 10:10:32,5.1,0.465,2.371,25.0,0.01,0.0,10.9,1114,5672,7609,01:52:04,6724,1720685432.2844086
2024-07-11 10:10:32,5.1,0.471,2.402,25.0,0.01,0.0,10.8,1114,5672,7609,01:52:04,6724,1720685432.614393
2024-07-11 10:10:32,5.1,0.469,2.391,25.0,0.01,0.0,10.8,1114,5672,7610,01:52:04,6724,1720685432.9557123
2024-07-11 10:10:33,5.1,0.469,2.391,25.0,0.01,0.0,10.8,1114,5672,7610,01:52:05,6725,1720685433.30442
2024-07-11 10:10:33,5.1,0.467,2.381,25.0,0.01,0.0,10.9,1114,5672,7610,01:52:05,6725,1720685433.6381862
2024-07-11 10:10:33,5.1,0.467,2.381,25.0,0.01,0.0,10.9,1114,5673,7611,01:52:05,6725,1720685433.9776902
2024-07-11 10:10:34,5.1,0.466,2.376,25.0,0.01,0.0,10.9,1114,5673,7611,01:52:06,6726,1720685434.3272579
2024-07-11 10:10:34,5.1,0.468,2.386,25.0,0.01,0.0,10.8,1114,5673,7611,01:52:06,6726,1720685434.6607068
2024-07-11 10:10:35,5.1,0.468,2.386,25.0,0.01,0.0,10.8,1114,5674,7612,01:52:06,6726,1720685435.0044465
2024-07-11 10:10:35,5.1,0.469,2.391,25.0,0.01,0.0,10.8,1114,5674,7612,01:52:07,6727,1720685435.351844
2024-07-11 10:10:35,5.1,0.465,2.371,25.0,0.01,0.0,10.9,1114,5674,7612,01:52:07,6727,1720685435.684391
2024-07-11 10:10:36,5.1,0.465,2.371,25.0,0.01,0.0,10.9,1115,5674,7613,01:52:07,6727,1720685436.0243819
2024-07-11 10:10:36,5.1,0.468,2.386,25.0,0.01,0.0,10.8,1115,5674,7613,01:52:08,6728,1720685436.375722
2024-07-11 10:10:36,5.1,0.468,2.386,25.0,0.01,0.0,10.8,1115,5674,7613,01:52:08,6728,1720685436.7244747
2024-07-11 10:10:37,5.1,0.468,2.386,25.0,0.01,0.0,10.8,1115,5675,7614,01:52:08,6728,1720685437.0482125
2024-07-11 10:10:37,5.1,0.465,2.371,25.0,0.01,0.0,10.9,1115,5675,7614,01:52:09,6729,1720685437.3882153
2024-07-11 10:10:37,5.1,0.465,2.371,25.0,0.01,0.0,10.9,1115,5675,7614,01:52:09,6729,1720685437.7288558
2024-07-11 10:10:38,5.1,0.468,2.386,25.0,0.01,0.0,10.8,1115,5676,7615,01:52:09,6729,1720685438.069875
2024-07-11 10:10:38,5.1,0.469,2.391,25.0,0.01,0.0,10.8,1115,5676,7615,01:52:10,6730,1720685438.4115129
2024-07-11 10:10:38,5.1,0.469,2.391,25.0,0.01,0.0,10.8,1115,5676,7615,01:52:10,6730,1720685438.751913
2024-07-11 10:10:39,5.1,0.467,2.381,25.0,0.01,0.0,10.9,1115,5676,7616,01:52:10,6730,1720685439.093242
2024-07-11 10:10:39,5.1,0.467,2.381,25.0,0.01,0.0,10.9,1115,5676,7616,01:52:11,6731,1720685439.434434
2024-07-11 10:10:39,5.1,0.465,2.371,25.0,0.01,0.0,10.9,1115,5676,7616,01:52:11,6731,1720685439.7744513
2024-07-11 10:10:40,5.1,0.468,2.386,25.0,0.01,0.0,10.8,1115,5677,7617,01:52:12,6732,1720685440.1156957
2024-07-11 10:10:40,5.1,0.468,2.386,25.0,0.01,0.0,10.8,1115,5677,7617,01:52:12,6732,1720685440.459082
2024-07-11 10:10:40,5.1,0.469,2.391,25.0,0.01,0.0,10.8,1115,5677,7617,01:52:12,6732,1720685440.7980363
2024-07-11 10:10:41,5.1,0.465,2.371,25.0,0.01,0.0,10.9,1115,5678,7618,01:52:13,6733,1720685441.1384914
2024-07-11 10:10:41,5.1,0.465,2.371,25.0,0.01,0.0,10.9,1115,5678,7618,01:52:13,6733,1720685441.4793139
2024-07-11 10:10:41,5.1,0.467,2.381,25.0,0.01,0.0,10.9,1115,5678,7619,01:52:13,6733,1720685441.8421526
2024-07-11 10:10:42,5.1,0.467,2.381,25.0,0.01,0.0,10.9,1115,5678,7619,01:52:14,6734,1720685442.1619365
2024-07-11 10:10:42,5.1,0.467,2.381,25.0,0.01,0.0,10.9,1115,5678,7619,01:52:14,6734,1720685442.5016363
2024-07-11 10:10:42,5.1,0.467,2.381,25.0,0.01,0.0,10.9,1115,5679,7620,01:52:14,6734,1720685442.8431823
2024-07-11 10:10:43,5.1,0.467,2.381,25.0,0.01,0.0,10.9,1115,5679,7620,01:52:15,6735,1720685443.1844404
2024-07-11 10:10:43,5.1,0.467,2.381,25.0,0.01,0.0,10.9,1115,5679,7620,01:52:15,6735,1720685443.5257328
2024-07-11 10:10:43,5.1,0.468,2.386,25.0,0.01,0.0,10.8,1116,5680,7621,01:52:15,6735,1720685443.8652747
2024-07-11 10:10:44,5.1,0.468,2.386,25.0,0.01,0.0,10.8,1116,5680,7621,01:52:16,6736,1720685444.206896
2024-07-11 10:10:44,5.1,0.467,2.381,25.0,0.01,0.0,10.9,1116,5680,7621,01:52:16,6736,1720685444.5474527
2024-07-11 10:10:44,5.1,0.467,2.381,25.0,0.01,0.0,10.9,1116,5680,7622,01:52:16,6736,1720685444.8881395
2024-07-11 10:10:45,5.1,0.465,2.371,25.0,0.01,0.0,10.9,1116,5680,7622,01:52:17,6737,1720685445.2294388
2024-07-11 10:10:45,5.1,0.467,2.381,25.0,0.01,0.0,10.9,1116,5680,7622,01:52:17,6737,1720685445.570724
2024-07-11 10:10:45,5.1,0.467,2.381,25.0,0.01,0.0,10.9,1116,5681,7623,01:52:17,6737,1720685445.9107738
2024-07-11 10:10:46,5.1,0.468,2.386,25.0,0.01,0.0,10.8,1116,5681,7623,01:52:18,6738,1720685446.2519982
2024-07-11 10:10:46,5.1,0.465,2.371,25.0,0.01,0.0,10.9,1116,5681,7623,01:52:18,6738,1720685446.5932987
2024-07-11 10:10:46,5.1,0.465,2.371,25.0,0.01,0.0,10.9,1116,5682,7624,01:52:18,6738,1720685446.9614637
2024-07-11 10:10:47,5.1,0.467,2.381,25.0,0.01,0.0,10.9,1116,5682,7624,01:52:19,6739,1720685447.2744393
2024-07-11 10:10:47,5.1,0.467,2.381,25.0,0.01,0.0,10.9,1116,5682,7624,01:52:19,6739,1720685447.6156082
2024-07-11 10:10:47,5.1,0.468,2.386,25.0,0.01,0.0,10.8,1116,5682,7625,01:52:19,6739,1720685447.9568608
2024-07-11 10:10:48,5.1,0.467,2.381,25.0,0.01,0.0,10.9,1116,5682,7625,01:52:20,6740,1720685448.2969427
2024-07-11 10:10:48,5.1,0.467,2.381,25.0,0.01,0.0,10.9,1116,5682,7625,01:52:20,6740,1720685448.6382449
2024-07-11 10:10:48,5.1,0.464,2.366,25.0,0.01,0.0,10.9,1116,5683,7626,01:52:20,6740,1720685448.979536
2024-07-11 10:10:49,5.1,0.469,2.391,25.0,0.01,0.0,10.8,1116,5683,7626,01:52:21,6741,1720685449.3190966
2024-07-11 10:10:49,5.1,0.469,2.391,25.0,0.01,0.0,10.8,1116,5683,7626,01:52:21,6741,1720685449.6607387
2024-07-11 10:10:50,5.1,0.475,2.422,25.0,0.01,0.0,10.7,1116,5684,7627,01:52:21,6741,1720685450.0042849
2024-07-11 10:10:50,5.1,0.475,2.422,25.0,0.01,0.0,10.7,1116,5684,7627,01:52:22,6742,1720685450.342789
2024-07-11 10:10:50,5.1,0.465,2.371,25.0,0.01,0.0,10.9,1116,5684,7627,01:52:22,6742,1720685450.6832204
2024-07-11 10:10:51,5.1,0.467,2.381,25.0,0.01,0.0,10.9,1117,5684,7628,01:52:22,6742,1720685451.0262754
2024-07-11 10:10:51,5.1,0.467,2.381,25.0,0.01,0.0,10.9,1117,5684,7628,01:52:23,6743,1720685451.365474
2024-07-11 10:10:51,5.1,0.468,2.386,25.0,0.01,0.0,10.8,1117,5684,7628,01:52:23,6743,1720685451.7055469
2024-07-11 10:10:52,5.1,0.465,2.371,25.0,0.01,0.0,10.9,1117,5685,7629,01:52:23,6743,1720685452.07691
2024-07-11 10:10:52,5.1,0.465,2.371,25.0,0.01,0.0,10.9,1117,5685,7629,01:52:24,6744,1720685452.3882377
2024-07-11 10:10:52,5.1,0.468,2.386,25.0,0.01,0.0,10.8,1117,5685,7629,01:52:24,6744,1720685452.729029
2024-07-11 10:10:53,5.1,0.468,2.386,25.0,0.01,0.0,10.8,1117,5686,7630,01:52:24,6744,1720685453.0736098
2024-07-11 10:10:53,5.1,0.467,2.381,25.0,0.01,0.0,10.9,1117,5686,7630,01:52:25,6745,1720685453.410499
2024-07-11 10:10:53,5.1,0.468,2.386,25.0,0.01,0.0,10.8,1117,5686,7630,01:52:25,6745,1720685453.75196
2024-07-11 10:10:54,5.1,0.468,2.386,25.0,0.01,0.0,10.8,1117,5686,7631,01:52:25,6745,1720685454.0960522
2024-07-11 10:10:54,5.1,0.465,2.371,25.0,0.01,0.0,10.9,1117,5686,7631,01:52:26,6746,1720685454.4345057
2024-07-11 10:10:54,5.1,0.467,2.381,25.0,0.01,0.0,10.9,1117,5687,7632,01:52:26,6746,1720685454.775368
2024-07-11 10:10:55,5.1,0.467,2.381,25.0,0.01,0.0,10.9,1117,5687,7632,01:52:27,6747,1720685455.1172996
2024-07-11 10:10:55,5.1,0.472,2.407,25.0,0.0,0.0,10.8,1117,5687,7632,01:52:27,6747,1720685455.458238
2024-07-11 10:10:55,5.1,0.472,2.407,25.0,0.0,0.0,10.8,1117,5688,7633,01:52:27,6747,1720685455.7993083
2024-07-11 10:10:56,5.11,0.466,2.381,25.0,0.0,0.0,10.9,1117,5688,7633,01:52:28,6748,1720685456.1418624
2024-07-11 10:10:56,5.1,0.466,2.376,25.0,0.01,0.0,10.9,1117,5688,7633,01:52:28,6748,1720685456.4813507
2024-07-11 10:10:56,5.1,0.466,2.376,25.0,0.01,0.0,10.9,1117,5688,7634,01:52:28,6748,1720685456.823223
2024-07-11 10:10:57,5.1,0.468,2.386,25.0,0.01,0.0,10.8,1117,5688,7634,01:52:29,6749,1720685457.1981406
2024-07-11 10:10:57,5.1,0.467,2.381,25.0,0.01,0.0,10.9,1117,5688,7634,01:52:29,6749,1720685457.505423
2024-07-11 10:10:57,5.1,0.467,2.381,25.0,0.01,0.0,10.9,1117,5689,7635,01:52:29,6749,1720685457.847877
2024-07-11 10:10:58,5.1,0.464,2.366,25.0,0.01,0.0,10.9,1117,5689,7635,01:52:30,6750,1720685458.1929772
2024-07-11 10:10:58,5.1,0.464,2.366,25.0,0.01,0.0,10.9,1117,5689,7635,01:52:30,6750,1720685458.5294409
2024-07-11 10:10:58,5.1,0.469,2.391,25.0,0.01,0.0,10.8,1118,5690,7636,01:52:30,6750,1720685458.8704698
2024-07-11 10:10:59,5.1,0.466,2.376,25.0,0.01,0.0,10.9,1118,5690,7636,01:52:31,6751,1720685459.2120163
2024-07-11 10:10:59,5.1,0.466,2.376,25.0,0.01,0.0,10.9,1118,5690,7636,01:52:31,6751,1720685459.5532436
2024-07-11 10:10:59,5.1,0.465,2.371,25.0,0.01,0.0,10.9,1118,5690,7637,01:52:31,6751,1720685459.8962536
2024-07-11 10:11:00,5.1,0.466,2.376,25.0,0.01,0.0,10.9,1118,5690,7637,01:52:32,6752,1720685460.2385619
2024-07-11 10:11:00,5.1,0.466,2.376,25.0,0.01,0.0,10.9,1118,5690,7637,01:52:32,6752,1720685460.5770013
2024-07-11 10:11:00,5.1,0.467,2.381,25.0,0.01,0.0,10.9,1118,5691,7638,01:52:32,6752,1720685460.9194903
2024-07-11 10:11:01,5.1,0.467,2.381,25.0,0.01,0.0,10.9,1118,5691,7638,01:52:33,6753,1720685461.2611036
2024-07-11 10:11:01,5.1,0.466,2.376,25.0,0.01,0.0,10.9,1118,5691,7638,01:52:33,6753,1720685461.6013076
2024-07-11 10:11:01,5.1,0.465,2.371,25.0,0.01,0.0,10.9,1118,5692,7639,01:52:33,6753,1720685461.9430478
2024-07-11 10:11:02,5.1,0.465,2.371,25.0,0.01,0.0,10.9,1118,5692,7639,01:52:34,6754,1720685462.3161306
2024-07-11 10:11:02,5.1,0.467,2.381,25.0,0.01,0.0,10.9,1118,5692,7639,01:52:34,6754,1720685462.6257708
2024-07-11 10:11:02,5.1,0.467,2.381,25.0,0.01,0.0,10.9,1118,5692,7640,01:52:34,6754,1720685462.9682188
2024-07-11 10:11:03,5.1,0.467,2.381,25.0,0.01,0.0,10.9,1118,5692,7640,01:52:35,6755,1720685463.310469
2024-07-11 10:11:03,5.11,0.464,2.371,25.0,0.01,0.0,11.0,1118,5692,7640,01:52:35,6755,1720685463.649484
2024-07-11 10:11:03,5.11,0.464,2.371,25.0,0.01,0.0,11.0,1118,5693,7641,01:52:35,6755,1720685463.9907908
2024-07-11 10:11:04,5.1,0.467,2.381,25.0,0.01,0.0,10.9,1118,5693,7641,01:52:36,6756,1720685464.3314514
2024-07-11 10:11:04,5.1,0.467,2.381,25.0,0.01,0.0,10.9,1118,5693,7641,01:52:36,6756,1720685464.6732218
2024-07-11 10:11:05,5.1,0.467,2.381,25.0,0.01,0.0,10.9,1118,5694,7642,01:52:36,6756,1720685465.0140707
2024-07-11 10:11:05,5.1,0.465,2.371,25.0,0.01,0.0,10.9,1118,5694,7642,01:52:37,6757,1720685465.3584278
2024-07-11 10:11:05,5.1,0.465,2.371,25.0,0.01,0.0,10.9,1118,5694,7642,01:52:37,6757,1720685465.6970177
2024-07-11 10:11:06,5.1,0.465,2.371,25.0,0.01,0.0,10.9,1118,5694,7643,01:52:37,6757,1720685466.0381913
2024-07-11 10:11:06,5.1,0.466,2.376,25.0,0.01,0.0,10.9,1118,5694,7643,01:52:38,6758,1720685466.3824522
2024-07-11 10:11:06,5.1,0.466,2.376,25.0,0.01,0.0,10.9,1118,5694,7643,01:52:38,6758,1720685466.7208178
2024-07-11 10:11:07,5.1,0.466,2.376,25.0,0.01,0.0,10.9,1119,5695,7644,01:52:38,6758,1720685467.0633628
2024-07-11 10:11:07,5.1,0.464,2.366,25.0,0.01,0.0,10.9,1119,5695,7644,01:52:39,6759,1720685467.4360957
2024-07-11 10:11:07,5.1,0.464,2.366,25.0,0.01,0.0,10.9,1119,5696,7645,01:52:39,6759,1720685467.7458093
2024-07-11 10:11:08,5.1,0.466,2.376,25.0,0.01,0.0,10.9,1119,5696,7645,01:52:39,6759,1720685468.0882502
2024-07-11 10:11:08,5.1,0.466,2.376,25.0,0.01,0.0,10.9,1119,5696,7645,01:52:40,6760,1720685468.4305975
2024-07-11 10:11:08,5.1,0.466,2.376,25.0,0.01,0.0,10.9,1119,5696,7646,01:52:40,6760,1720685468.7684982
2024-07-11 10:11:09,5.1,0.465,2.371,25.0,0.01,0.0,10.9,1119,5696,7646,01:52:41,6761,1720685469.110809
2024-07-11 10:11:09,5.1,0.465,2.371,25.0,0.01,0.0,10.9,1119,5696,7646,01:52:41,6761,1720685469.451915
2024-07-11 10:11:09,5.1,0.466,2.376,25.0,0.01,0.0,10.9,1119,5697,7647,01:52:41,6761,1720685469.7945127
2024-07-11 10:11:10,5.1,0.466,2.376,25.0,0.01,0.0,10.9,1119,5697,7647,01:52:42,6762,1720685470.1357937
2024-07-11 10:11:10,5.1,0.466,2.376,25.0,0.01,0.0,10.9,1119,5697,7647,01:52:42,6762,1720685470.4798484
2024-07-11 10:11:10,5.1,0.538,2.743,25.0,0.01,0.0,9.4,1119,5698,7648,01:52:42,6762,1720685470.8182662
2024-07-11 10:11:11,5.06,0.745,3.769,25.0,0.01,0.0,6.7,1119,5698,7648,01:52:43,6763,1720685471.1592238
2024-07-11 10:11:11,5.06,0.745,3.769,25.0,0.01,0.0,6.7,1119,5698,7648,01:52:43,6763,1720685471.5007923
2024-07-11 10:11:11,5.05,0.851,4.297,25.0,0.01,0.0,5.9,1119,5699,7649,01:52:43,6763,1720685471.8416204
2024-07-11 10:11:12,5.05,0.851,4.297,25.0,0.01,0.0,5.9,1119,5699,7649,01:52:44,6764,1720685472.181891
2024-07-11 10:11:12,5.07,0.713,3.614,25.0,0.01,0.0,7.1,1119,5699,7649,01:52:44,6764,1720685472.5558686
2024-07-11 10:11:12,5.05,0.833,4.206,25.0,0.01,0.0,6.0,1120,5700,7650,01:52:44,6764,1720685472.863262
2024-07-11 10:11:13,5.05,0.833,4.206,25.0,0.01,0.0,6.0,1120,5700,7650,01:52:45,6765,1720685473.2058227
2024-07-11 10:11:13,5.06,0.797,4.032,25.0,0.01,0.0,6.3,1120,5700,7650,01:52:45,6765,1720685473.5508127
2024-07-11 10:11:13,5.06,0.75,3.795,25.0,0.01,0.0,6.7,1120,5701,7651,01:52:45,6765,1720685473.8840778
2024-07-11 10:11:14,5.06,0.75,3.795,25.0,0.01,0.0,6.7,1120,5701,7651,01:52:46,6766,1720685474.2245243
2024-07-11 10:11:14,5.05,0.853,4.307,25.0,0.01,0.0,5.9,1120,5701,7651,01:52:46,6766,1720685474.574545
2024-07-11 10:11:14,5.05,0.853,4.307,25.0,0.01,0.0,5.9,1120,5702,7652,01:52:46,6766,1720685474.9044127
2024-07-11 10:11:15,5.06,0.75,3.795,25.0,0.01,0.0,6.7,1120,5702,7652,01:52:47,6767,1720685475.2455375
2024-07-11 10:11:15,5.06,0.776,3.926,25.0,0.01,0.0,6.5,1120,5702,7652,01:52:47,6767,1720685475.588256
2024-07-11 10:11:15,5.06,0.776,3.926,25.0,0.01,0.0,6.5,1120,5703,7653,01:52:47,6767,1720685475.9258173
2024-07-11 10:11:16,5.08,0.645,3.276,25.0,0.01,0.0,7.8,1120,5703,7653,01:52:48,6768,1720685476.2658083
2024-07-11 10:11:16,5.09,0.582,2.962,25.0,0.01,0.0,8.7,1120,5703,7653,01:52:48,6768,1720685476.607078
2024-07-11 10:11:16,5.09,0.582,2.962,25.0,0.01,0.0,8.7,1120,5704,7654,01:52:48,6768,1720685476.9470327
2024-07-11 10:11:17,5.09,0.545,2.774,25.0,0.01,0.0,9.3,1120,5704,7654,01:52:49,6769,1720685477.288283
2024-07-11 10:11:17,5.09,0.545,2.774,25.0,0.01,0.0,9.3,1120,5704,7654,01:52:49,6769,1720685477.6283112
2024-07-11 10:11:17,5.09,0.562,2.86,25.0,0.01,0.0,9.0,1120,5705,7655,01:52:49,6769,1720685477.969571
2024-07-11 10:11:18,5.09,0.543,2.763,25.0,0.01,0.0,9.3,1120,5705,7655,01:52:50,6770,1720685478.31991
2024-07-11 10:11:18,5.09,0.543,2.763,25.0,0.01,0.0,9.3,1120,5705,7655,01:52:50,6770,1720685478.6501572
2024-07-11 10:11:18,5.09,0.565,2.875,25.0,0.01,0.0,9.0,1121,5705,7656,01:52:50,6770,1720685478.991573
2024-07-11 10:11:19,5.07,0.72,3.65,25.0,0.01,0.0,7.0,1121,5705,7656,01:52:51,6771,1720685479.331527
2024-07-11 10:11:19,5.07,0.72,3.65,25.0,0.01,0.0,7.0,1121,5705,7656,01:52:51,6771,1720685479.6715908
2024-07-11 10:11:20,5.06,0.789,3.992,25.0,0.01,0.0,6.4,1121,5706,7657,01:52:51,6771,1720685480.013365
2024-07-11 10:11:20,5.06,0.789,3.992,25.0,0.01,0.0,6.4,1121,5706,7657,01:52:52,6772,1720685480.3545125
2024-07-11 10:11:20,5.06,0.748,3.784,25.0,0.01,0.0,6.7,1121,5706,7657,01:52:52,6772,1720685480.6928256
2024-07-11 10:11:21,5.04,0.891,4.49,25.0,0.01,0.0,5.6,1121,5707,7658,01:52:52,6772,1720685481.033613
2024-07-11 10:11:21,5.04,0.891,4.49,25.0,0.01,0.0,5.6,1121,5707,7658,01:52:53,6773,1720685481.3744485
2024-07-11 10:11:21,5.06,0.74,3.744,25.0,0.01,0.0,6.8,1121,5709,7659,01:52:53,6773,1720685481.7135725
2024-07-11 10:11:22,5.06,0.801,4.053,25.0,0.0,0.0,6.3,1121,5709,7659,01:52:53,6773,1720685482.054861
2024-07-11 10:11:22,5.06,0.801,4.053,25.0,0.0,0.0,6.3,1121,5709,7659,01:52:54,6774,1720685482.3952405
2024-07-11 10:11:22,5.06,0.749,3.789,25.0,0.0,0.0,6.7,1122,5710,7660,01:52:54,6774,1720685482.7352502
2024-07-11 10:11:23,5.06,0.749,3.789,25.0,0.0,0.0,6.7,1122,5710,7660,01:52:54,6774,1720685483.0754626
2024-07-11 10:11:23,5.09,0.561,2.855,25.0,0.0,0.0,9.0,1122,5710,7660,01:52:55,6775,1720685483.4398484
2024-07-11 10:11:23,5.09,0.559,2.845,25.0,0.0,0.0,9.1,1122,5711,7661,01:52:55,6775,1720685483.758182
2024-07-11 10:11:24,5.09,0.559,2.845,25.0,0.0,0.0,9.1,1122,5711,7661,01:52:55,6775,1720685484.1007323
2024-07-11 10:11:24,5.09,0.552,2.809,25.0,0.01,0.0,9.2,1122,5711,7661,01:52:56,6776,1720685484.4406943
2024-07-11 10:11:24,5.09,0.565,2.875,25.0,0.01,0.0,9.0,1122,5711,7662,01:52:56,6776,1720685484.7811415
2024-07-11 10:11:25,5.09,0.565,2.875,25.0,0.01,0.0,9.0,1122,5711,7662,01:52:57,6777,1720685485.1254756
2024-07-11 10:11:25,5.09,0.55,2.799,25.0,0.01,0.0,9.2,1122,5711,7662,01:52:57,6777,1720685485.4637008
2024-07-11 10:11:25,5.09,0.55,2.799,25.0,0.01,0.0,9.2,1122,5712,7663,01:52:57,6777,1720685485.8070326
2024-07-11 10:11:26,5.08,0.601,3.053,25.0,0.01,0.0,8.4,1122,5712,7663,01:52:58,6778,1720685486.1470814
2024-07-11 10:11:26,5.06,0.747,3.779,25.0,0.01,0.0,6.7,1122,5712,7663,01:52:58,6778,1720685486.4870987
2024-07-11 10:11:26,5.06,0.747,3.779,25.0,0.01,0.0,6.7,1122,5713,7664,01:52:58,6778,1720685486.8270946
2024-07-11 10:11:27,5.05,0.855,4.317,25.0,0.01,0.0,5.9,1122,5713,7664,01:52:59,6779,1720685487.171178
2024-07-11 10:11:27,5.06,0.768,3.886,25.0,0.01,0.0,6.5,1122,5713,7664,01:52:59,6779,1720685487.5083086
2024-07-11 10:11:27,5.06,0.768,3.886,25.0,0.01,0.0,6.5,1122,5714,7665,01:52:59,6779,1720685487.8482814
2024-07-11 10:11:28,5.06,0.758,3.835,25.0,0.01,0.0,6.6,1122,5714,7665,01:53:00,6780,1720685488.189589
2024-07-11 10:11:28,5.06,0.758,3.835,25.0,0.01,0.0,6.6,1122,5714,7665,01:53:00,6780,1720685488.5595806
2024-07-11 10:11:28,5.05,0.823,4.156,25.0,0.01,0.0,6.1,1123,5715,7666,01:53:00,6780,1720685488.8689032
2024-07-11 10:11:29,5.09,0.57,2.901,25.0,0.01,0.0,8.9,1123,5715,7666,01:53:01,6781,1720685489.2176495
2024-07-11 10:11:29,5.09,0.57,2.901,25.0,0.01,0.0,8.9,1123,5715,7666,01:53:01,6781,1720685489.5545857
2024-07-11 10:11:29,5.09,0.543,2.763,25.0,0.01,0.0,9.3,1123,5716,7667,01:53:01,6781,1720685489.8932772
2024-07-11 10:11:30,5.09,0.573,2.916,25.0,0.01,0.0,8.8,1123,5716,7667,01:53:02,6782,1720685490.2418728
2024-07-11 10:11:30,5.09,0.573,2.916,25.0,0.01,0.0,8.8,1123,5716,7667,01:53:02,6782,1720685490.5758367
2024-07-11 10:11:30,5.09,0.538,2.738,25.0,0.01,0.0,9.4,1123,5717,7668,01:53:02,6782,1720685490.9170616
2024-07-11 10:11:31,5.09,0.538,2.738,25.0,0.01,0.0,9.4,1123,5717,7668,01:53:03,6783,1720685491.2632868
2024-07-11 10:11:31,5.09,0.571,2.906,25.0,0.01,0.0,8.9,1123,5717,7668,01:53:03,6783,1720685491.5994015
2024-07-11 10:11:31,5.09,0.599,3.048,25.0,0.01,0.0,8.4,1123,5718,7669,01:53:03,6783,1720685491.9408035
2024-07-11 10:11:32,5.09,0.599,3.048,25.0,0.01,0.0,8.4,1123,5718,7669,01:53:04,6784,1720685492.291955
2024-07-11 10:11:32,5.06,0.766,3.875,25.0,0.01,0.0,6.6,1123,5718,7669,01:53:04,6784,1720685492.6226578
2024-07-11 10:11:32,5.06,0.76,3.845,25.0,0.01,0.0,6.6,1123,5719,7670,01:53:04,6784,1720685492.9632287
2024-07-11 10:11:33,5.06,0.76,3.845,25.0,0.01,0.0,6.6,1123,5719,7670,01:53:05,6785,1720685493.3058136
2024-07-11 10:11:33,5.05,0.831,4.196,25.0,0.01,0.0,6.0,1123,5719,7670,01:53:05,6785,1720685493.6770847
2024-07-11 10:11:33,5.05,0.831,4.196,25.0,0.01,0.0,6.0,1124,5720,7671,01:53:05,6785,1720685493.9845617
2024-07-11 10:11:34,5.06,0.756,3.825,25.0,0.01,0.0,6.6,1124,5720,7671,01:53:06,6786,1720685494.3282328
2024-07-11 10:11:34,5.05,0.83,4.191,25.0,0.01,0.0,6.0,1124,5720,7671,01:53:06,6786,1720685494.6658344
2024-07-11 10:11:35,5.05,0.83,4.191,25.0,0.01,0.0,6.0,1124,5721,7672,01:53:06,6786,1720685495.0058744
2024-07-11 10:11:35,5.08,0.6,3.048,25.0,0.01,0.0,8.4,1124,5721,7672,01:53:07,6787,1720685495.3458712
2024-07-11 10:11:35,5.09,0.561,2.855,25.0,0.01,0.0,9.0,1124,5722,7673,01:53:07,6787,1720685495.6865685
2024-07-11 10:11:36,5.09,0.561,2.855,25.0,0.01,0.0,9.0,1124,5722,7673,01:53:07,6787,1720685496.0269363
2024-07-11 10:11:36,5.09,0.55,2.799,25.0,0.01,0.0,9.2,1124,5722,7673,01:53:08,6788,1720685496.368302
2024-07-11 10:11:36,5.09,0.55,2.799,25.0,0.01,0.0,9.2,1124,5723,7674,01:53:08,6788,1720685496.7094023
2024-07-11 10:11:37,5.09,0.59,3.003,25.0,0.01,0.0,8.6,1124,5723,7674,01:53:08,6788,1720685497.0505266
2024-07-11 10:11:37,5.09,0.551,2.804,25.0,0.01,0.0,9.2,1124,5723,7674,01:53:09,6789,1720685497.3913748
2024-07-11 10:11:37,5.09,0.551,2.804,25.0,0.01,0.0,9.2,1124,5724,7675,01:53:09,6789,1720685497.7326012
2024-07-11 10:11:38,5.09,0.601,3.059,25.0,0.01,0.0,8.4,1124,5724,7675,01:53:09,6789,1720685498.0746472
2024-07-11 10:11:38,5.05,0.841,4.247,25.0,0.01,0.0,6.0,1124,5724,7675,01:53:10,6790,1720685498.415869
2024-07-11 10:11:38,5.05,0.841,4.247,25.0,0.01,0.0,6.0,1124,5725,7676,01:53:10,6790,1720685498.7554934
2024-07-11 10:11:39,5.07,0.739,3.746,25.0,0.01,0.0,6.8,1124,5725,7676,01:53:10,6790,1720685499.0964842
2024-07-11 10:11:39,5.07,0.739,3.746,25.0,0.01,0.0,6.8,1124,5725,7676,01:53:11,6791,1720685499.4398212
2024-07-11 10:11:39,5.05,0.856,4.322,25.0,0.01,0.0,5.8,1125,5726,7677,01:53:11,6791,1720685499.7771401
2024-07-11 10:11:40,5.06,0.795,4.022,25.0,0.01,0.0,6.3,1125,5726,7677,01:53:12,6792,1720685500.1208363
2024-07-11 10:11:40,5.06,0.795,4.022,25.0,0.01,0.0,6.3,1125,5726,7677,01:53:12,6792,1720685500.4578645
2024-07-11 10:11:40,5.07,0.741,3.756,25.0,0.01,0.0,6.8,1125,5727,7678,01:53:12,6792,1720685500.7994072
2024-07-11 10:11:41,5.09,0.585,2.977,25.0,0.01,0.0,8.7,1125,5727,7678,01:53:13,6793,1720685501.1393788
2024-07-11 10:11:41,5.09,0.585,2.977,25.0,0.01,0.0,8.7,1125,5727,7678,01:53:13,6793,1720685501.480473
2024-07-11 10:11:41,5.09,0.55,2.799,25.0,0.01,0.0,9.2,1125,5728,7679,01:53:13,6793,1720685501.8213658
2024-07-11 10:11:42,5.09,0.55,2.799,25.0,0.01,0.0,9.2,1125,5728,7679,01:53:14,6794,1720685502.163319
2024-07-11 10:11:42,5.09,0.56,2.85,25.0,0.01,0.0,9.0,1125,5728,7679,01:53:14,6794,1720685502.5039413
2024-07-11 10:11:42,5.09,0.554,2.819,25.0,0.01,0.0,9.1,1125,5729,7680,01:53:14,6794,1720685502.8458402
2024-07-11 10:11:43,5.09,0.554,2.819,25.0,0.01,0.0,9.1,1125,5729,7680,01:53:15,6795,1720685503.186982
2024-07-11 10:11:43,5.09,0.55,2.799,25.0,0.01,0.0,9.2,1125,5729,7680,01:53:15,6795,1720685503.5284169
2024-07-11 10:11:43,5.09,0.562,2.86,25.0,0.01,0.0,9.0,1125,5729,7681,01:53:15,6795,1720685503.8693807
2024-07-11 10:11:44,5.09,0.562,2.86,25.0,0.01,0.0,9.0,1125,5729,7681,01:53:16,6796,1720685504.2095997
2024-07-11 10:11:44,5.06,0.779,3.941,25.0,0.01,0.0,6.4,1125,5729,7681,01:53:16,6796,1720685504.5598917
2024-07-11 10:11:44,5.06,0.779,3.941,25.0,0.01,0.0,6.4,1126,5730,7682,01:53:16,6796,1720685504.8918676
2024-07-11 10:11:45,5.05,0.825,4.166,25.0,0.01,0.0,6.1,1126,5730,7682,01:53:17,6797,1720685505.2346163
2024-07-11 10:11:45,5.06,0.741,3.749,25.0,0.01,0.0,6.8,1126,5730,7682,01:53:17,6797,1720685505.5733862
2024-07-11 10:11:45,5.06,0.741,3.749,25.0,0.01,0.0,6.8,1126,5731,7683,01:53:17,6797,1720685505.9149337
2024-07-11 10:11:46,5.05,0.824,4.161,25.0,0.01,0.0,6.1,1126,5731,7683,01:53:18,6798,1720685506.2533276
2024-07-11 10:11:46,5.06,0.796,4.027,25.0,0.01,0.0,6.3,1126,5731,7683,01:53:18,6798,1720685506.594608
2024-07-11 10:11:46,5.06,0.796,4.027,25.0,0.01,0.0,6.3,1126,5733,7684,01:53:18,6798,1720685506.934619
2024-07-11 10:11:47,5.09,0.553,2.814,25.0,0.01,0.0,9.2,1126,5733,7684,01:53:19,6799,1720685507.2757623
2024-07-11 10:11:47,5.09,0.553,2.814,25.0,0.01,0.0,9.2,1126,5733,7684,01:53:19,6799,1720685507.6169577
2024-07-11 10:11:47,5.09,0.566,2.88,25.0,0.01,0.0,8.9,1126,5733,7685,01:53:19,6799,1720685507.9583545
2024-07-11 10:11:48,5.09,0.548,2.789,25.0,0.01,0.0,9.2,1126,5733,7685,01:53:20,6800,1720685508.2996285
2024-07-11 10:11:48,5.09,0.548,2.789,25.0,0.01,0.0,9.2,1126,5733,7685,01:53:20,6800,1720685508.6395946
2024-07-11 10:11:48,5.09,0.577,2.936,25.0,0.01,0.0,8.8,1126,5734,7686,01:53:20,6800,1720685508.982188
2024-07-11 10:11:49,5.09,0.547,2.784,25.0,0.01,0.0,9.3,1126,5734,7686,01:53:21,6801,1720685509.3227448
2024-07-11 10:11:49,5.09,0.547,2.784,25.0,0.01,0.0,9.3,1126,5735,7687,01:53:21,6801,1720685509.679584
2024-07-11 10:11:50,5.09,0.552,2.809,25.0,0.01,0.0,9.2,1126,5735,7687,01:53:21,6801,1720685510.0054061
2024-07-11 10:11:50,5.09,0.552,2.809,25.0,0.01,0.0,9.2,1126,5735,7687,01:53:22,6802,1720685510.3457687
2024-07-11 10:11:50,5.07,0.677,3.432,25.0,0.01,0.0,7.4,1127,5736,7688,01:53:22,6802,1720685510.6865914
2024-07-11 10:11:51,5.05,0.862,4.353,25.0,0.01,0.0,5.8,1127,5736,7688,01:53:22,6802,1720685511.028346
2024-07-11 10:11:51,5.05,0.862,4.353,25.0,0.01,0.0,5.8,1127,5736,7688,01:53:23,6803,1720685511.3694677
2024-07-11 10:11:51,5.06,0.743,3.759,25.0,0.01,0.0,6.8,1127,5737,7689,01:53:23,6803,1720685511.7096398
2024-07-11 10:11:52,5.05,0.824,4.161,25.0,0.01,0.0,6.1,1127,5737,7689,01:53:23,6803,1720685512.0508692
2024-07-11 10:11:52,5.05,0.824,4.161,25.0,0.01,0.0,6.1,1127,5737,7689,01:53:24,6804,1720685512.3909192
2024-07-11 10:11:52,5.05,0.829,4.186,25.0,0.01,0.0,6.0,1127,5738,7690,01:53:24,6804,1720685512.7316384
2024-07-11 10:11:53,5.05,0.829,4.186,25.0,0.01,0.0,6.0,1127,5738,7690,01:53:24,6804,1720685513.0734751
2024-07-11 10:11:53,5.08,0.607,3.083,25.0,0.01,0.0,8.3,1127,5738,7690,01:53:25,6805,1720685513.412012
2024-07-11 10:11:53,5.09,0.55,2.799,25.0,0.01,0.0,9.2,1127,5739,7691,01:53:25,6805,1720685513.7536
2024-07-11 10:11:54,5.09,0.55,2.799,25.0,0.01,0.0,9.2,1127,5739,7691,01:53:25,6805,1720685514.100916
2024-07-11 10:11:54,5.09,0.565,2.875,25.0,0.01,0.0,9.0,1127,5739,7691,01:53:26,6806,1720685514.4358826
2024-07-11 10:11:54,5.09,0.556,2.83,25.0,0.01,0.0,9.1,1127,5740,7692,01:53:26,6806,1720685514.7998672
2024-07-11 10:11:55,5.09,0.556,2.83,25.0,0.01,0.0,9.1,1127,5740,7692,01:53:27,6807,1720685515.1246874
2024-07-11 10:11:55,5.09,0.555,2.824,25.0,0.01,0.0,9.1,1127,5740,7692,01:53:27,6807,1720685515.4583843
2024-07-11 10:11:55,5.09,0.555,2.824,25.0,0.01,0.0,9.1,1128,5740,7693,01:53:27,6807,1720685515.7997174
2024-07-11 10:11:56,5.09,0.557,2.835,25.0,0.01,0.0,9.1,1128,5740,7693,01:53:28,6808,1720685516.151856
2024-07-11 10:11:56,5.08,0.657,3.337,25.0,0.01,0.0,7.7,1128,5740,7693,01:53:28,6808,1720685516.4818442
2024-07-11 10:11:56,5.08,0.657,3.337,25.0,0.01,0.0,7.7,1128,5741,7694,01:53:28,6808,1720685516.8221984
2024-07-11 10:11:57,5.05,0.841,4.247,25.0,0.01,0.0,6.0,1128,5741,7694,01:53:29,6809,1720685517.1745942
2024-07-11 10:11:57,5.06,0.786,3.977,25.0,0.01,0.0,6.4,1128,5741,7694,01:53:29,6809,1720685517.5033855
2024-07-11 10:11:57,5.06,0.786,3.977,25.0,0.01,0.0,6.4,1128,5743,7695,01:53:29,6809,1720685517.8434505
2024-07-11 10:11:58,5.06,0.75,3.795,25.0,0.01,0.0,6.7,1128,5743,7695,01:53:30,6810,1720685518.1909528
2024-07-11 10:11:58,5.06,0.75,3.795,25.0,0.01,0.0,6.7,1128,5743,7695,01:53:30,6810,1720685518.5247118
2024-07-11 10:11:58,5.05,0.866,4.373,25.0,0.01,0.0,5.8,1128,5744,7696,01:53:30,6810,1720685518.8646405
2024-07-11 10:11:59,5.07,0.724,3.67,25.0,0.01,0.0,7.0,1128,5744,7696,01:53:31,6811,1720685519.2059464
2024-07-11 10:11:59,5.07,0.724,3.67,25.0,0.01,0.0,7.0,1128,5744,7696,01:53:31,6811,1720685519.5451236
2024-07-11 10:11:59,5.09,0.546,2.779,25.0,0.01,0.0,9.3,1128,5745,7697,01:53:31,6811,1720685519.9170427
2024-07-11 10:12:00,5.09,0.579,2.947,25.0,0.01,0.0,8.7,1128,5745,7697,01:53:32,6812,1720685520.2283647
2024-07-11 10:12:00,5.09,0.579,2.947,25.0,0.01,0.0,8.7,1128,5745,7697,01:53:32,6812,1720685520.57008
2024-07-11 10:12:00,5.09,0.575,2.926,25.0,0.01,0.0,8.8,1129,5745,7698,01:53:32,6812,1720685520.9097245
2024-07-11 10:12:01,5.09,0.575,2.926,25.0,0.01,0.0,8.8,1129,5745,7698,01:53:33,6813,1720685521.2509308
2024-07-11 10:12:01,5.09,0.556,2.83,25.0,0.01,0.0,9.1,1129,5745,7698,01:53:33,6813,1720685521.5920079
2024-07-11 10:12:01,5.09,0.556,2.83,25.0,0.01,0.0,9.1,1129,5746,7699,01:53:33,6813,1720685521.9346967
2024-07-11 10:12:02,5.09,0.556,2.83,25.0,0.01,0.0,9.1,1129,5746,7699,01:53:34,6814,1720685522.2731423
2024-07-11 10:12:02,5.07,0.681,3.452,25.0,0.01,0.0,7.4,1129,5746,7699,01:53:34,6814,1720685522.6140237
2024-07-11 10:12:02,5.06,0.796,4.027,25.0,0.01,0.0,6.3,1129,5747,7700,01:53:34,6814,1720685522.9542046
2024-07-11 10:12:03,5.06,0.796,4.027,25.0,0.01,0.0,6.3,1129,5747,7700,01:53:35,6815,1720685523.295538
2024-07-11 10:12:03,5.05,0.856,4.322,25.0,0.01,0.0,5.8,1129,5748,7701,01:53:35,6815,1720685523.6359231
2024-07-11 10:12:03,5.05,0.856,4.322,25.0,0.01,0.0,5.8,1129,5748,7701,01:53:35,6815,1720685523.977191
2024-07-11 10:12:04,5.07,0.724,3.67,25.0,0.01,0.0,7.0,1129,5748,7701,01:53:36,6816,1720685524.317192
2024-07-11 10:12:04,5.05,0.855,4.317,25.0,0.01,0.0,5.9,1129,5749,7702,01:53:36,6816,1720685524.6584532
2024-07-11 10:12:04,5.05,0.855,4.317,25.0,0.01,0.0,5.9,1129,5749,7702,01:53:36,6816,1720685524.9984484
2024-07-11 10:12:05,5.08,0.626,3.18,25.0,0.01,0.0,8.1,1129,5749,7702,01:53:37,6817,1720685525.3396919
2024-07-11 10:12:05,5.09,0.545,2.774,25.0,0.01,0.0,9.3,1129,5750,7703,01:53:37,6817,1720685525.6847026
2024-07-11 10:12:06,5.09,0.545,2.774,25.0,0.01,0.0,9.3,1129,5750,7703,01:53:37,6817,1720685526.020864
2024-07-11 10:12:06,5.09,0.564,2.87,25.0,0.01,0.0,9.0,1129,5750,7703,01:53:38,6818,1720685526.3615723
2024-07-11 10:12:06,5.09,0.564,2.87,25.0,0.01,0.0,9.0,1130,5751,7704,01:53:38,6818,1720685526.70259
2024-07-11 10:12:07,5.09,0.559,2.845,25.0,0.01,0.0,9.1,1130,5751,7704,01:53:38,6818,1720685527.0447133
2024-07-11 10:12:07,5.09,0.546,2.779,25.0,0.01,0.0,9.3,1130,5751,7704,01:53:39,6819,1720685527.3859684
2024-07-11 10:12:07,5.09,0.546,2.779,25.0,0.01,0.0,9.3,1130,5752,7705,01:53:39,6819,1720685527.7257357
2024-07-11 10:12:08,5.09,0.576,2.931,25.0,0.01,0.0,8.8,1130,5752,7705,01:53:39,6819,1720685528.0695295
2024-07-11 10:12:08,5.07,0.72,3.65,25.0,0.01,0.0,7.0,1130,5752,7705,01:53:40,6820,1720685528.408402
2024-07-11 10:12:08,5.07,0.72,3.65,25.0,0.01,0.0,7.0,1130,5753,7706,01:53:40,6820,1720685528.7482944
2024-07-11 10:12:09,5.06,0.748,3.784,25.0,0.01,0.0,6.7,1130,5753,7706,01:53:40,6820,1720685529.0897193
2024-07-11 10:12:09,5.06,0.748,3.784,25.0,0.01,0.0,6.7,1130,5753,7706,01:53:41,6821,1720685529.429709
2024-07-11 10:12:09,5.05,0.867,4.378,25.0,0.01,0.0,5.8,1130,5754,7707,01:53:41,6821,1720685529.770805
2024-07-11 10:12:10,5.06,0.775,3.921,25.0,0.01,0.0,6.5,1130,5754,7707,01:53:42,6822,1720685530.1102557
2024-07-11 10:12:10,5.06,0.775,3.921,25.0,0.01,0.0,6.5,1130,5754,7707,01:53:42,6822,1720685530.4521258
2024-07-11 10:12:10,5.06,0.756,3.825,25.0,0.01,0.0,6.6,1130,5755,7708,01:53:42,6822,1720685530.8024585
2024-07-11 10:12:11,5.07,0.702,3.559,25.0,0.01,0.0,7.2,1130,5755,7708,01:53:43,6823,1720685531.1334717
2024-07-11 10:12:11,5.07,0.702,3.559,25.0,0.01,0.0,7.2,1130,5755,7708,01:53:43,6823,1720685531.47319
2024-07-11 10:12:11,5.09,0.558,2.84,25.0,0.01,0.0,9.1,1131,5756,7709,01:53:43,6823,1720685531.814207
2024-07-11 10:12:12,5.09,0.558,2.84,25.0,0.01,0.0,9.1,1131,5756,7709,01:53:44,6824,1720685532.1551173
2024-07-11 10:12:12,5.09,0.566,2.88,25.0,0.01,0.0,8.9,1131,5756,7709,01:53:44,6824,1720685532.4959085
2024-07-11 10:12:12,5.09,0.544,2.768,25.0,0.01,0.0,9.3,1131,5757,7710,01:53:44,6824,1720685532.8367429
2024-07-11 10:12:13,5.09,0.544,2.768,25.0,0.01,0.0,9.3,1131,5757,7710,01:53:45,6825,1720685533.1783187
2024-07-11 10:12:13,5.09,0.57,2.901,25.0,0.01,0.0,8.9,1131,5757,7710,01:53:45,6825,1720685533.5183477
2024-07-11 10:12:13,5.09,0.548,2.789,25.0,0.01,0.0,9.2,1131,5757,7711,01:53:45,6825,1720685533.8620126
2024-07-11 10:12:14,5.09,0.548,2.789,25.0,0.01,0.0,9.2,1131,5757,7711,01:53:46,6826,1720685534.2009275
2024-07-11 10:12:14,5.07,0.681,3.452,25.0,0.01,0.0,7.4,1131,5757,7711,01:53:46,6826,1720685534.5421982
2024-07-11 10:12:14,5.07,0.681,3.452,25.0,0.01,0.0,7.4,1131,5758,7712,01:53:46,6826,1720685534.8884702
2024-07-11 10:12:15,5.06,0.795,4.022,25.0,0.01,0.0,6.3,1131,5758,7712,01:53:47,6827,1720685535.222029
2024-07-11 10:12:15,5.06,0.755,3.82,25.0,0.01,0.0,6.7,1131,5758,7712,01:53:47,6827,1720685535.5634947
2024-07-11 10:12:15,5.06,0.755,3.82,25.0,0.01,0.0,6.7,1131,5760,7713,01:53:47,6827,1720685535.922329
2024-07-11 10:12:16,5.05,0.871,4.398,25.0,0.01,0.0,5.7,1131,5760,7713,01:53:48,6828,1720685536.2447293
2024-07-11 10:12:16,5.06,0.756,3.825,25.0,0.01,0.0,6.6,1131,5760,7713,01:53:48,6828,1720685536.5840826
2024-07-11 10:12:16,5.06,0.756,3.825,25.0,0.01,0.0,6.6,1132,5761,7714,01:53:48,6828,1720685536.9359112
2024-07-11 10:12:17,5.07,0.684,3.467,25.0,0.01,0.0,7.4,1132,5761,7714,01:53:49,6829,1720685537.265727
2024-07-11 10:12:17,5.07,0.684,3.467,25.0,0.01,0.0,7.4,1132,5762,7715,01:53:49,6829,1720685537.6059422
2024-07-11 10:12:17,5.09,0.563,2.865,25.0,0.0,0.0,9.0,1132,5762,7715,01:53:49,6829,1720685537.949726
2024-07-11 10:12:18,5.09,0.551,2.804,25.0,0.0,0.0,9.2,1132,5762,7715,01:53:50,6830,1720685538.2894702
2024-07-11 10:12:18,5.09,0.551,2.804,25.0,0.0,0.0,9.2,1132,5762,7716,01:53:50,6830,1720685538.629714
2024-07-11 10:12:18,5.09,0.569,2.896,25.0,0.0,0.0,8.9,1132,5762,7716,01:53:50,6830,1720685538.9695675
2024-07-11 10:12:19,5.1,0.543,2.769,25.0,0.0,0.0,9.3,1132,5762,7716,01:53:51,6831,1720685539.3109288
2024-07-11 10:12:19,5.1,0.543,2.769,25.0,0.0,0.0,9.3,1132,5763,7717,01:53:51,6831,1720685539.6524282
2024-07-11 10:12:19,5.09,0.578,2.942,25.0,0.0,0.0,8.8,1132,5763,7717,01:53:51,6831,1720685539.9926922
2024-07-11 10:12:20,5.09,0.578,2.942,25.0,0.0,0.0,8.8,1132,5763,7717,01:53:52,6832,1720685540.3346043
2024-07-11 10:12:20,5.08,0.675,3.429,25.0,0.0,0.0,7.5,1132,5764,7718,01:53:52,6832,1720685540.6759496
2024-07-11 10:12:21,5.05,0.868,4.383,25.0,0.0,0.0,5.8,1132,5764,7718,01:53:52,6832,1720685541.0438497
2024-07-11 10:12:21,5.05,0.868,4.383,25.0,0.0,0.0,5.8,1132,5764,7718,01:53:53,6833,1720685541.3571885
2024-07-11 10:12:21,5.06,0.749,3.789,25.0,0.0,0.0,6.7,1132,5765,7719,01:53:53,6833,1720685541.698472
2024-07-11 10:12:22,5.05,0.832,4.201,25.0,0.0,0.0,6.0,1132,5765,7719,01:53:53,6833,1720685542.0384731
2024-07-11 10:12:22,5.05,0.832,4.201,25.0,0.0,0.0,6.0,1132,5765,7719,01:53:54,6834,1720685542.379723
2024-07-11 10:12:22,5.05,0.806,4.07,25.0,0.0,0.0,6.2,1133,5766,7720,01:53:54,6834,1720685542.7209518
2024-07-11 10:12:23,5.05,0.806,4.07,25.0,0.0,0.0,6.2,1133,5766,7720,01:53:54,6834,1720685543.0609553
2024-07-11 10:12:23,5.06,0.786,3.977,25.0,0.0,0.0,6.4,1133,5766,7720,01:53:55,6835,1720685543.4005775
2024-07-11 10:12:23,5.09,0.558,2.84,25.0,0.0,0.0,9.1,1133,5767,7721,01:53:55,6835,1720685543.7421234
2024-07-11 10:12:24,5.09,0.558,2.84,25.0,0.0,0.0,9.1,1133,5767,7721,01:53:55,6835,1720685544.083498
2024-07-11 10:12:24,5.09,0.56,2.85,25.0,0.0,0.0,9.0,1133,5767,7721,01:53:56,6836,1720685544.4242892
2024-07-11 10:12:24,5.09,0.555,2.824,25.0,0.0,0.0,9.1,1133,5768,7722,01:53:56,6836,1720685544.765955
2024-07-11 10:12:25,5.09,0.555,2.824,25.0,0.0,0.0,9.1,1133,5768,7722,01:53:57,6837,1720685545.1084716
2024-07-11 10:12:25,5.09,0.577,2.936,25.0,0.0,0.0,8.8,1133,5768,7722,01:53:57,6837,1720685545.4484932
2024-07-11 10:12:25,5.09,0.577,2.936,25.0,0.0,0.0,8.8,1133,5769,7723,01:53:57,6837,1720685545.7895813
2024-07-11 10:12:26,5.09,0.564,2.87,25.0,0.0,0.0,9.0,1133,5769,7723,01:53:58,6838,1720685546.1622
2024-07-11 10:12:26,5.08,0.647,3.286,25.0,0.0,0.0,7.8,1133,5769,7723,01:53:58,6838,1720685546.4720461
2024-07-11 10:12:26,5.08,0.647,3.286,25.0,0.0,0.0,7.8,1133,5770,7724,01:53:58,6838,1720685546.8113031
2024-07-11 10:12:27,5.06,0.813,4.113,25.0,0.0,0.0,6.2,1133,5770,7724,01:53:59,6839,1720685547.1526175
2024-07-11 10:12:27,5.06,0.803,4.063,25.0,0.0,0.0,6.3,1133,5770,7724,01:53:59,6839,1720685547.493519
2024-07-11 10:12:27,5.06,0.803,4.063,25.0,0.0,0.0,6.3,1134,5771,7725,01:53:59,6839,1720685547.8347178
2024-07-11 10:12:28,5.06,0.754,3.815,25.0,0.0,0.0,6.7,1134,5771,7725,01:54:00,6840,1720685548.1747496
2024-07-11 10:12:28,5.06,0.754,3.815,25.0,0.0,0.0,6.7,1134,5771,7725,01:54:00,6840,1720685548.5147562
2024-07-11 10:12:28,5.05,0.854,4.312,25.0,0.0,0.0,5.9,1134,5772,7726,01:54:00,6840,1720685548.8555353
2024-07-11 10:12:29,5.06,0.787,3.982,25.0,0.0,0.0,6.4,1134,5772,7726,01:54:01,6841,1720685549.1971993
2024-07-11 10:12:29,5.06,0.787,3.982,25.0,0.0,0.0,6.4,1134,5772,7726,01:54:01,6841,1720685549.5372334
2024-07-11 10:12:29,5.09,0.577,2.936,25.0,0.0,0.0,8.8,1134,5773,7727,01:54:01,6841,1720685549.8785152
2024-07-11 10:12:30,5.09,0.548,2.789,25.0,0.0,0.0,9.2,1134,5773,7727,01:54:02,6842,1720685550.2187798
2024-07-11 10:12:30,5.09,0.548,2.789,25.0,0.0,0.0,9.2,1134,5773,7727,01:54:02,6842,1720685550.5593445
2024-07-11 10:12:30,5.09,0.574,2.921,25.0,0.0,0.0,8.8,1134,5774,7728,01:54:02,6842,1720685550.9010077
2024-07-11 10:12:31,5.09,0.574,2.921,25.0,0.0,0.0,8.8,1134,5774,7728,01:54:03,6843,1720685551.243024
2024-07-11 10:12:31,5.1,0.54,2.754,25.0,0.0,0.0,9.4,1134,5775,7729,01:54:03,6843,1720685551.583407
2024-07-11 10:12:31,5.09,0.578,2.942,25.0,0.0,0.0,8.8,1134,5775,7729,01:54:03,6843,1720685551.9259515
2024-07-11 10:12:32,5.09,0.578,2.942,25.0,0.0,0.0,8.8,1134,5775,7729,01:54:04,6844,1720685552.265842
2024-07-11 10:12:32,5.08,0.605,3.073,25.0,0.0,0.0,8.3,1134,5776,7730,01:54:04,6844,1720685552.6097553
2024-07-11 10:12:32,5.06,0.767,3.881,25.0,0.0,0.0,6.5,1134,5776,7730,01:54:04,6844,1720685552.9485672
2024-07-11 10:12:33,5.06,0.767,3.881,25.0,0.0,0.0,6.5,1134,5776,7730,01:54:05,6845,1720685553.2882771
2024-07-11 10:12:33,5.05,0.839,4.236,25.0,0.0,0.0,6.0,1135,5777,7731,01:54:05,6845,1720685553.630425
2024-07-11 10:12:33,5.05,0.839,4.236,25.0,0.0,0.0,6.0,1135,5777,7731,01:54:05,6845,1720685553.9689672
2024-07-11 10:12:34,5.06,0.755,3.82,25.0,0.0,0.0,6.7,1135,5777,7731,01:54:06,6846,1720685554.31121
2024-07-11 10:12:34,5.06,0.79,3.997,25.0,0.0,0.0,6.4,1135,5778,7732,01:54:06,6846,1720685554.6530118
2024-07-11 10:12:34,5.06,0.79,3.997,25.0,0.0,0.0,6.4,1135,5778,7732,01:54:06,6846,1720685554.9922132
2024-07-11 10:12:35,5.06,0.759,3.84,25.0,0.0,0.0,6.6,1135,5778,7732,01:54:07,6847,1720685555.3332672
2024-07-11 10:12:35,5.09,0.552,2.809,25.0,0.0,0.0,9.2,1135,5779,7733,01:54:07,6847,1720685555.674747
2024-07-11 10:12:36,5.09,0.552,2.809,25.0,0.0,0.0,9.2,1135,5779,7733,01:54:07,6847,1720685556.01476
2024-07-11 10:12:36,5.09,0.559,2.845,25.0,0.0,0.0,9.1,1135,5779,7733,01:54:08,6848,1720685556.355989
2024-07-11 10:12:36,5.09,0.559,2.845,25.0,0.0,0.0,9.1,1135,5780,7734,01:54:08,6848,1720685556.699808
2024-07-11 10:12:37,5.09,0.554,2.819,25.0,0.0,0.0,9.1,1135,5780,7734,01:54:08,6848,1720685557.0396252
2024-07-11 10:12:37,5.09,0.555,2.824,25.0,0.0,0.0,9.1,1135,5780,7734,01:54:09,6849,1720685557.3790405
2024-07-11 10:12:37,5.09,0.555,2.824,25.0,0.0,0.0,9.1,1135,5780,7735,01:54:09,6849,1720685557.720957
2024-07-11 10:12:38,5.09,0.565,2.875,25.0,0.0,0.0,9.0,1135,5780,7735,01:54:09,6849,1720685558.062428
2024-07-11 10:12:38,5.1,0.542,2.764,25.0,0.0,0.0,9.4,1135,5780,7735,01:54:10,6850,1720685558.403287
2024-07-11 10:12:38,5.1,0.542,2.764,25.0,0.0,0.0,9.4,1136,5781,7736,01:54:10,6850,1720685558.7465901
2024-07-11 10:12:39,5.06,0.758,3.835,25.0,0.0,0.0,6.6,1136,5781,7736,01:54:10,6850,1720685559.0860221
2024-07-11 10:12:39,5.06,0.758,3.835,25.0,0.0,0.0,6.6,1136,5781,7736,01:54:11,6851,1720685559.4259694
2024-07-11 10:12:39,5.06,0.809,4.093,25.0,0.0,0.0,6.2,1136,5782,7737,01:54:11,6851,1720685559.7672887
2024-07-11 10:12:40,5.05,0.833,4.206,25.0,0.0,0.0,6.0,1136,5782,7737,01:54:12,6852,1720685560.1071286
2024-07-11 10:12:40,5.05,0.833,4.206,25.0,0.0,0.0,6.0,1136,5782,7737,01:54:12,6852,1720685560.44847
2024-07-11 10:12:40,5.07,0.749,3.797,25.0,0.0,0.0,6.7,1136,5783,7738,01:54:12,6852,1720685560.7884383
2024-07-11 10:12:41,5.05,0.842,4.252,25.0,0.0,0.0,5.9,1136,5783,7738,01:54:13,6853,1720685561.129759
2024-07-11 10:12:41,5.05,0.842,4.252,25.0,0.0,0.0,5.9,1136,5783,7738,01:54:13,6853,1720685561.469792
2024-07-11 10:12:41,5.09,0.578,2.942,25.0,0.0,0.0,8.8,1136,5785,7739,01:54:13,6853,1720685561.8122892
2024-07-11 10:12:42,5.09,0.578,2.942,25.0,0.0,0.0,8.8,1136,5785,7739,01:54:14,6854,1720685562.1599782
2024-07-11 10:12:42,5.09,0.547,2.784,25.0,0.0,0.0,9.3,1136,5785,7739,01:54:14,6854,1720685562.493007
2024-07-11 10:12:42,5.09,0.577,2.936,25.0,0.0,0.0,8.8,1136,5785,7740,01:54:14,6854,1720685562.843363
2024-07-11 10:12:43,5.09,0.577,2.936,25.0,0.0,0.0,8.8,1136,5785,7740,01:54:15,6855,1720685563.1752384
2024-07-11 10:12:43,5.1,0.538,2.743,25.0,0.0,0.0,9.4,1136,5785,7740,01:54:15,6855,1720685563.5165417
2024-07-11 10:12:43,5.09,0.573,2.916,25.0,0.0,0.0,8.8,1137,5786,7741,01:54:15,6855,1720685563.8632064
2024-07-11 10:12:44,5.09,0.573,2.916,25.0,0.0,0.0,8.8,1137,5786,7741,01:54:16,6856,1720685564.1976686
2024-07-11 10:12:44,5.08,0.631,3.205,25.0,0.0,0.0,8.0,1137,5787,7742,01:54:16,6856,1720685564.5410106
2024-07-11 10:12:44,5.08,0.631,3.205,25.0,0.0,0.0,8.0,1137,5787,7742,01:54:16,6856,1720685564.8873186
2024-07-11 10:12:45,5.07,0.74,3.751,25.0,0.0,0.0,6.8,1137,5787,7742,01:54:17,6857,1720685565.2235625
2024-07-11 10:12:45,5.06,0.763,3.86,25.0,0.01,0.0,6.6,1137,5788,7743,01:54:17,6857,1720685565.562287
2024-07-11 10:12:45,5.06,0.763,3.86,25.0,0.01,0.0,6.6,1137,5788,7743,01:54:17,6857,1720685565.9021761
2024-07-11 10:12:46,5.05,0.864,4.363,25.0,0.0,0.0,5.8,1137,5788,7743,01:54:18,6858,1720685566.243549
2024-07-11 10:12:46,5.06,0.75,3.795,25.0,0.01,0.0,6.7,1137,5789,7744,01:54:18,6858,1720685566.5872965
2024-07-11 10:12:46,5.06,0.75,3.795,25.0,0.01,0.0,6.7,1137,5789,7744,01:54:18,6858,1720685566.9247808
2024-07-11 10:12:47,5.05,0.843,4.257,25.0,0.01,0.0,5.9,1137,5789,7744,01:54:19,6859,1720685567.2790198
2024-07-11 10:12:47,5.05,0.843,4.257,25.0,0.01,0.0,5.9,1137,5790,7745,01:54:19,6859,1720685567.605269
2024-07-11 10:12:47,5.08,0.633,3.215,25.0,0.01,0.0,8.0,1137,5790,7745,01:54:19,6859,1720685567.9484303
2024-07-11 10:12:48,5.09,0.576,2.931,25.0,0.01,0.0,8.8,1137,5790,7745,01:54:20,6860,1720685568.2872865
2024-07-11 10:12:48,5.09,0.576,2.931,25.0,0.01,0.0,8.8,1138,5791,7746,01:54:20,6860,1720685568.6285515
2024-07-11 10:12:48,5.09,0.548,2.789,25.0,0.01,0.0,9.2,1138,5791,7746,01:54:20,6860,1720685568.9689376
2024-07-11 10:12:49,5.09,0.587,2.987,25.0,0.01,0.0,8.6,1138,5791,7746,01:54:21,6861,1720685569.3110738
2024-07-11 10:12:49,5.09,0.587,2.987,25.0,0.01,0.0,8.6,1138,5792,7747,01:54:21,6861,1720685569.6524916
2024-07-11 10:12:49,5.09,0.542,2.758,25.0,0.01,0.0,9.3,1138,5792,7747,01:54:21,6861,1720685569.9923923
2024-07-11 10:12:50,5.09,0.542,2.758,25.0,0.01,0.0,9.3,1138,5792,7747,01:54:22,6862,1720685570.3332384
2024-07-11 10:12:50,5.09,0.595,3.028,25.0,0.01,0.0,8.5,1138,5793,7748,01:54:22,6862,1720685570.6741087
2024-07-11 10:12:51,5.05,0.836,4.221,25.0,0.01,0.0,6.0,1138,5793,7748,01:54:22,6862,1720685571.0156775
2024-07-11 10:12:51,5.05,0.836,4.221,25.0,0.01,0.0,6.0,1138,5793,7748,01:54:23,6863,1720685571.3560605
2024-07-11 10:12:51,5.07,0.741,3.756,25.0,0.01,0.0,6.8,1138,5794,7749,01:54:23,6863,1720685571.6972764
2024-07-11 10:12:52,5.05,0.849,4.287,25.0,0.01,0.0,5.9,1138,5794,7749,01:54:23,6863,1720685572.0397854
2024-07-11 10:12:52,5.05,0.849,4.287,25.0,0.01,0.0,5.9,1138,5794,7749,01:54:24,6864,1720685572.4001548
2024-07-11 10:12:52,5.06,0.8,4.048,25.0,0.01,0.0,6.3,1138,5795,7750,01:54:24,6864,1720685572.7187486
2024-07-11 10:12:53,5.06,0.8,4.048,25.0,0.01,0.0,6.3,1138,5795,7750,01:54:24,6864,1720685573.0596926
2024-07-11 10:12:53,5.06,0.778,3.936,25.0,0.01,0.0,6.5,1138,5795,7750,01:54:25,6865,1720685573.401065
2024-07-11 10:12:53,5.09,0.573,2.916,25.0,0.01,0.0,8.8,1139,5796,7751,01:54:25,6865,1720685573.7421823
2024-07-11 10:12:54,5.09,0.573,2.916,25.0,0.01,0.0,8.8,1139,5796,7751,01:54:25,6865,1720685574.0821574
2024-07-11 10:12:54,5.09,0.566,2.88,25.0,0.01,0.0,8.9,1139,5796,7751,01:54:26,6866,1720685574.4225903
2024-07-11 10:12:54,5.09,0.548,2.789,25.0,0.01,0.0,9.2,1139,5797,7752,01:54:26,6866,1720685574.7645037
2024-07-11 10:12:55,5.09,0.548,2.789,25.0,0.01,0.0,9.2,1139,5797,7752,01:54:27,6867,1720685575.1060846
2024-07-11 10:12:55,5.09,0.574,2.921,25.0,0.01,0.0,8.8,1139,5797,7752,01:54:27,6867,1720685575.4469588
2024-07-11 10:12:55,5.09,0.574,2.921,25.0,0.01,0.0,8.8,1139,5798,7753,01:54:27,6867,1720685575.788085
2024-07-11 10:12:56,5.09,0.543,2.763,25.0,0.01,0.0,9.3,1139,5798,7753,01:54:28,6868,1720685576.129798
2024-07-11 10:12:56,5.09,0.575,2.926,25.0,0.01,0.0,8.8,1139,5798,7753,01:54:28,6868,1720685576.4710813
2024-07-11 10:12:56,5.09,0.575,2.926,25.0,0.01,0.0,8.8,1139,5799,7754,01:54:28,6868,1720685576.8121634
2024-07-11 10:12:57,5.06,0.779,3.941,25.0,0.01,0.0,6.4,1139,5799,7754,01:54:29,6869,1720685577.1536057
2024-07-11 10:12:57,5.06,0.797,4.032,25.0,0.01,0.0,6.3,1139,5799,7754,01:54:29,6869,1720685577.5207994
2024-07-11 10:12:57,5.06,0.797,4.032,25.0,0.01,0.0,6.3,1139,5800,7755,01:54:29,6869,1720685577.8348048
2024-07-11 10:12:58,5.06,0.753,3.81,25.0,0.01,0.0,6.7,1139,5800,7755,01:54:30,6870,1720685578.1760838
2024-07-11 10:12:58,5.06,0.753,3.81,25.0,0.01,0.0,6.7,1139,5801,7756,01:54:30,6870,1720685578.5186539
2024-07-11 10:12:58,5.05,0.865,4.368,25.0,0.0,0.0,5.8,1139,5801,7756,01:54:30,6870,1720685578.8572366
2024-07-11 10:12:59,5.06,0.755,3.82,25.0,0.01,0.0,6.7,1139,5801,7756,01:54:31,6871,1720685579.1986108
2024-07-11 10:12:59,5.06,0.755,3.82,25.0,0.01,0.0,6.7,1140,5802,7757,01:54:31,6871,1720685579.5398054
2024-07-11 10:12:59,5.08,0.613,3.114,25.0,0.01,0.0,8.2,1140,5802,7757,01:54:31,6871,1720685579.8823595
2024-07-11 10:13:00,5.09,0.56,2.85,25.0,0.01,0.0,9.0,1140,5802,7757,01:54:32,6872,1720685580.2211218
2024-07-11 10:13:00,5.09,0.56,2.85,25.0,0.01,0.0,9.0,1140,5803,7758,01:54:32,6872,1720685580.562697
2024-07-11 10:13:00,5.09,0.562,2.86,25.0,0.01,0.0,9.0,1140,5803,7758,01:54:32,6872,1720685580.9032612
2024-07-11 10:13:01,5.09,0.562,2.86,25.0,0.01,0.0,9.0,1140,5803,7758,01:54:33,6873,1720685581.2439244
2024-07-11 10:13:01,5.09,0.555,2.824,25.0,0.01,0.0,9.1,1140,5803,7759,01:54:33,6873,1720685581.5897288
2024-07-11 10:13:01,5.09,0.563,2.865,25.0,0.01,0.0,9.0,1140,5803,7759,01:54:33,6873,1720685581.927337
2024-07-11 10:13:02,5.09,0.563,2.865,25.0,0.01,0.0,9.0,1140,5803,7759,01:54:34,6874,1720685582.268601
2024-07-11 10:13:02,5.09,0.551,2.804,25.0,0.01,0.0,9.2,1140,5804,7760,01:54:34,6874,1720685582.6398232
2024-07-11 10:13:02,5.07,0.697,3.533,25.0,0.01,0.0,7.2,1140,5804,7760,01:54:34,6874,1720685582.9502153
2024-07-11 10:13:03,5.07,0.697,3.533,25.0,0.01,0.0,7.2,1140,5804,7760,01:54:35,6875,1720685583.292446
2024-07-11 10:13:03,5.05,0.82,4.141,25.0,0.01,0.0,6.1,1140,5805,7761,01:54:35,6875,1720685583.6332116
2024-07-11 10:13:03,5.05,0.82,4.141,25.0,0.01,0.0,6.1,1140,5805,7761,01:54:35,6875,1720685583.9735856
2024-07-11 10:13:04,5.06,0.747,3.779,25.0,0.01,0.0,6.7,1140,5805,7761,01:54:36,6876,1720685584.3145452
2024-07-11 10:13:04,5.05,0.828,4.181,25.0,0.0,0.0,6.0,1141,5806,7762,01:54:36,6876,1720685584.65565
2024-07-11 10:13:04,5.05,0.828,4.181,25.0,0.0,0.0,6.0,1141,5806,7762,01:54:36,6876,1720685584.996114
2024-07-11 10:13:05,5.06,0.758,3.835,25.0,0.01,0.0,6.6,1141,5806,7762,01:54:37,6877,1720685585.3372805
2024-07-11 10:13:05,5.07,0.679,3.442,25.0,0.01,0.0,7.4,1141,5807,7763,01:54:37,6877,1720685585.6810803
2024-07-11 10:13:06,5.07,0.679,3.442,25.0,0.01,0.0,7.4,1141,5807,7763,01:54:37,6877,1720685586.019823
2024-07-11 10:13:06,5.09,0.547,2.784,25.0,0.01,0.0,9.3,1141,5807,7763,01:54:38,6878,1720685586.3598423
2024-07-11 10:13:06,5.09,0.547,2.784,25.0,0.01,0.0,9.3,1141,5808,7764,01:54:38,6878,1720685586.7026315
2024-07-11 10:13:07,5.09,0.57,2.901,25.0,0.01,0.0,8.9,1141,5808,7764,01:54:38,6878,1720685587.0422025
2024-07-11 10:13:07,5.09,0.549,2.794,25.0,0.01,0.0,9.2,1141,5808,7764,01:54:39,6879,1720685587.3860967
2024-07-11 10:13:07,5.09,0.549,2.794,25.0,0.01,0.0,9.2,1141,5809,7765,01:54:39,6879,1720685587.756479
2024-07-11 10:13:08,5.09,0.566,2.88,25.0,0.01,0.0,8.9,1141,5809,7765,01:54:39,6879,1720685588.065248
2024-07-11 10:13:08,5.09,0.553,2.814,25.0,0.01,0.0,9.2,1141,5809,7765,01:54:40,6880,1720685588.4073753
2024-07-11 10:13:08,5.09,0.553,2.814,25.0,0.01,0.0,9.2,1141,5810,7766,01:54:40,6880,1720685588.748655
2024-07-11 10:13:09,5.07,0.703,3.564,25.0,0.01,0.0,7.2,1141,5810,7766,01:54:40,6880,1720685589.0885499
2024-07-11 10:13:09,5.07,0.703,3.564,25.0,0.01,0.0,7.2,1141,5810,7766,01:54:41,6881,1720685589.4298224
2024-07-11 10:13:09,5.05,0.865,4.368,25.0,0.01,0.0,5.8,1141,5811,7767,01:54:41,6881,1720685589.7735898
2024-07-11 10:13:10,5.06,0.75,3.795,25.0,0.01,0.0,6.7,1141,5811,7767,01:54:42,6882,1720685590.111063
2024-07-11 10:13:10,5.06,0.75,3.795,25.0,0.01,0.0,6.7,1141,5811,7767,01:54:42,6882,1720685590.4524803
2024-07-11 10:13:10,5.05,0.826,4.171,25.0,0.01,0.0,6.1,1142,5812,7768,01:54:42,6882,1720685590.8019047
2024-07-11 10:13:11,5.06,0.791,4.002,25.0,0.01,0.0,6.3,1142,5812,7768,01:54:43,6883,1720685591.132716
2024-07-11 10:13:11,5.06,0.791,4.002,25.0,0.01,0.0,6.3,1142,5813,7769,01:54:43,6883,1720685591.4746444
2024-07-11 10:13:11,5.07,0.729,3.696,25.0,0.01,0.0,6.9,1142,5813,7769,01:54:43,6883,1720685591.8248827
2024-07-11 10:13:12,5.07,0.729,3.696,25.0,0.01,0.0,6.9,1142,5813,7769,01:54:44,6884,1720685592.1560547
2024-07-11 10:13:12,5.09,0.569,2.896,25.0,0.01,0.0,8.9,1142,5814,7770,01:54:44,6884,1720685592.4973235
2024-07-11 10:13:12,5.09,0.551,2.804,25.0,0.0,0.0,9.2,1142,5814,7770,01:54:44,6884,1720685592.839851
2024-07-11 10:13:13,5.09,0.551,2.804,25.0,0.0,0.0,9.2,1142,5814,7770,01:54:45,6885,1720685593.1798732
2024-07-11 10:13:13,5.09,0.562,2.86,25.0,0.0,0.0,9.0,1142,5815,7771,01:54:45,6885,1720685593.5224223
2024-07-11 10:13:13,5.09,0.556,2.83,25.0,0.0,0.0,9.1,1142,5815,7771,01:54:45,6885,1720685593.868455
2024-07-11 10:13:14,5.09,0.556,2.83,25.0,0.0,0.0,9.1,1142,5815,7771,01:54:46,6886,1720685594.203637
2024-07-11 10:13:14,5.09,0.556,2.83,25.0,0.0,0.0,9.1,1142,5815,7772,01:54:46,6886,1720685594.544419
2024-07-11 10:13:14,5.09,0.556,2.83,25.0,0.0,0.0,9.1,1142,5815,7772,01:54:46,6886,1720685594.8947694
2024-07-11 10:13:15,5.08,0.685,3.479,25.0,0.0,0.0,7.4,1142,5815,7772,01:54:47,6887,1720685595.2285748
2024-07-11 10:13:15,5.05,0.861,4.348,25.0,0.0,0.0,5.8,1143,5816,7773,01:54:47,6887,1720685595.5686188
2024-07-11 10:13:15,5.05,0.861,4.348,25.0,0.0,0.0,5.8,1143,5816,7773,01:54:47,6887,1720685595.9211109
2024-07-11 10:13:16,5.06,0.788,3.987,25.0,0.0,0.0,6.4,1143,5816,7773,01:54:48,6888,1720685596.2499046
2024-07-11 10:13:16,5.06,0.774,3.916,25.0,0.0,0.0,6.5,1143,5818,7774,01:54:48,6888,1720685596.5910494
2024-07-11 10:13:16,5.06,0.774,3.916,25.0,0.0,0.0,6.5,1143,5818,7774,01:54:48,6888,1720685596.9324393
2024-07-11 10:13:17,5.05,0.859,4.337,25.0,0.0,0.0,5.8,1143,5818,7774,01:54:49,6889,1720685597.2724512
2024-07-11 10:13:17,5.05,0.859,4.337,25.0,0.0,0.0,5.8,1143,5819,7775,01:54:49,6889,1720685597.6136076
2024-07-11 10:13:17,5.06,0.768,3.886,25.0,0.0,0.0,6.5,1143,5819,7775,01:54:49,6889,1720685597.9634473
2024-07-11 10:13:18,5.07,0.742,3.761,25.0,0.0,0.0,6.8,1143,5819,7775,01:54:50,6890,1720685598.2944984
2024-07-11 10:13:18,5.07,0.742,3.761,25.0,0.0,0.0,6.8,1143,5820,7776,01:54:50,6890,1720685598.6396303
2024-07-11 10:13:18,5.07,0.718,3.64,25.0,0.0,0.0,7.0,1143,5820,7776,01:54:50,6890,1720685598.977344
2024-07-11 10:13:19,5.06,0.796,4.027,25.0,0.0,0.0,6.3,1143,5820,7776,01:54:51,6891,1720685599.3211024
2024-07-11 10:13:19,5.06,0.796,4.027,25.0,0.0,0.0,6.3,1143,5821,7777,01:54:51,6891,1720685599.6586215
2024-07-11 10:13:19,5.07,0.692,3.508,25.0,0.0,0.0,7.3,1143,5821,7777,01:54:51,6891,1720685599.9998853
2024-07-11 10:13:20,5.07,0.692,3.508,25.0,0.0,0.0,7.3,1143,5821,7777,01:54:52,6892,1720685600.3411117
2024-07-11 10:13:20,5.06,0.816,4.128,25.0,0.0,0.0,6.2,1144,5822,7778,01:54:52,6892,1720685600.6811106
2024-07-11 10:13:21,5.06,0.791,4.002,25.0,0.0,0.0,6.3,1144,5822,7778,01:54:52,6892,1720685601.0224154
2024-07-11 10:13:21,5.06,0.791,4.002,25.0,0.0,0.0,6.3,1144,5822,7778,01:54:53,6893,1720685601.362752
2024-07-11 10:13:21,5.07,0.733,3.716,25.0,0.0,0.0,6.9,1144,5823,7779,01:54:53,6893,1720685601.7045102
2024-07-11 10:13:22,5.06,0.79,3.997,25.0,0.0,0.0,6.4,1144,5823,7779,01:54:53,6893,1720685602.0448806
2024-07-11 10:13:22,5.06,0.79,3.997,25.0,0.0,0.0,6.4,1144,5823,7779,01:54:54,6894,1720685602.3861055
2024-07-11 10:13:22,5.06,0.78,3.946,25.0,0.0,0.0,6.4,1144,5824,7780,01:54:54,6894,1720685602.7274406
2024-07-11 10:13:23,5.06,0.78,3.946,25.0,0.0,0.0,6.4,1144,5824,7780,01:54:54,6894,1720685603.0686386
2024-07-11 10:13:23,5.07,0.708,3.589,25.0,0.0,0.0,7.1,1144,5824,7780,01:54:55,6895,1720685603.4081793
2024-07-11 10:13:23,5.07,0.698,3.538,25.0,0.0,0.0,7.2,1144,5825,7781,01:54:55,6895,1720685603.7602613
2024-07-11 10:13:24,5.07,0.698,3.538,25.0,0.0,0.0,7.2,1144,5825,7781,01:54:55,6895,1720685604.0910597
2024-07-11 10:13:24,5.06,0.771,3.901,25.0,0.0,0.0,6.5,1144,5825,7781,01:54:56,6896,1720685604.432449
2024-07-11 10:13:24,5.06,0.752,3.805,25.0,0.0,0.0,6.7,1144,5826,7782,01:54:56,6896,1720685604.7723732
2024-07-11 10:13:25,5.06,0.752,3.805,25.0,0.0,0.0,6.7,1144,5826,7782,01:54:57,6897,1720685605.1135397
2024-07-11 10:13:25,5.06,0.751,3.8,25.0,0.0,0.0,6.7,1145,5827,7783,01:54:57,6897,1720685605.4543073
2024-07-11 10:13:25,5.06,0.751,3.8,25.0,0.0,0.0,6.7,1145,5827,7783,01:54:57,6897,1720685605.7949085
2024-07-11 10:13:26,5.07,0.722,3.66,25.0,0.0,0.0,7.0,1145,5827,7783,01:54:58,6898,1720685606.1356072
2024-07-11 10:13:26,5.07,0.703,3.564,25.0,0.0,0.0,7.2,1145,5828,7784,01:54:58,6898,1720685606.4775202
2024-07-11 10:13:26,5.07,0.703,3.564,25.0,0.0,0.0,7.2,1145,5828,7784,01:54:58,6898,1720685606.8173273
2024-07-11 10:13:27,5.07,0.735,3.726,25.0,0.0,0.0,6.8,1145,5828,7784,01:54:59,6899,1720685607.158632
2024-07-11 10:13:27,5.07,0.711,3.604,25.0,0.0,0.0,7.1,1145,5829,7785,01:54:59,6899,1720685607.499163
2024-07-11 10:13:27,5.07,0.711,3.604,25.0,0.0,0.0,7.1,1145,5829,7785,01:54:59,6899,1720685607.8398926
2024-07-11 10:13:28,5.06,0.774,3.916,25.0,0.0,0.0,6.5,1145,5829,7785,01:55:00,6900,1720685608.1814778
2024-07-11 10:13:28,5.06,0.774,3.916,25.0,0.0,0.0,6.5,1145,5830,7786,01:55:00,6900,1720685608.5217783
2024-07-11 10:13:28,5.07,0.738,3.741,25.0,0.0,0.0,6.8,1145,5830,7786,01:55:00,6900,1720685608.8799286
2024-07-11 10:13:29,5.06,0.759,3.84,25.0,0.0,0.0,6.6,1145,5830,7786,01:55:01,6901,1720685609.203374
2024-07-11 10:13:29,5.06,0.759,3.84,25.0,0.0,0.0,6.6,1146,5831,7787,01:55:01,6901,1720685609.5449228
2024-07-11 10:13:29,5.07,0.734,3.721,25.0,0.0,0.0,6.9,1146,5831,7787,01:55:01,6901,1720685609.8848128
2024-07-11 10:13:30,5.07,0.728,3.69,25.0,0.0,0.0,6.9,1146,5831,7787,01:55:02,6902,1720685610.2261102
2024-07-11 10:13:30,5.07,0.728,3.69,25.0,0.0,0.0,6.9,1146,5832,7788,01:55:02,6902,1720685610.5673008
2024-07-11 10:13:30,5.06,0.745,3.769,25.0,0.0,0.0,6.7,1146,5832,7788,01:55:02,6902,1720685610.9074178
2024-07-11 10:13:31,5.06,0.745,3.769,25.0,0.0,0.0,6.7,1146,5832,7788,01:55:03,6903,1720685611.2486176
2024-07-11 10:13:31,5.06,0.741,3.749,25.0,0.0,0.0,6.8,1146,5833,7789,01:55:03,6903,1720685611.5916576
2024-07-11 10:13:31,5.07,0.742,3.761,25.0,0.0,0.0,6.8,1146,5833,7789,01:55:03,6903,1720685611.9303734
2024-07-11 10:13:32,5.07,0.742,3.761,25.0,0.0,0.0,6.8,1146,5833,7789,01:55:04,6904,1720685612.2713459
2024-07-11 10:13:32,5.06,0.781,3.951,25.0,0.0,0.0,6.4,1146,5835,7790,01:55:04,6904,1720685612.611868
2024-07-11 10:13:32,5.07,0.707,3.584,25.0,0.0,0.0,7.1,1146,5835,7790,01:55:04,6904,1720685612.9535968
2024-07-11 10:13:33,5.07,0.707,3.584,25.0,0.0,0.0,7.1,1146,5835,7790,01:55:05,6905,1720685613.2949336
2024-07-11 10:13:33,5.07,0.716,3.63,25.0,0.0,0.0,7.0,1146,5836,7791,01:55:05,6905,1720685613.6352007
2024-07-11 10:13:33,5.07,0.716,3.63,25.0,0.0,0.0,7.0,1146,5836,7791,01:55:05,6905,1720685613.9999475
2024-07-11 10:13:34,5.07,0.711,3.604,25.0,0.0,0.0,7.1,1146,5836,7791,01:55:06,6906,1720685614.3174362
2024-07-11 10:13:34,5.06,0.762,3.855,25.0,0.0,0.0,6.6,1147,5837,7792,01:55:06,6906,1720685614.6599035
2024-07-11 10:13:34,5.06,0.762,3.855,25.0,0.0,0.0,6.6,1147,5837,7792,01:55:06,6906,1720685614.998105
2024-07-11 10:13:35,5.07,0.745,3.777,25.0,0.0,0.0,6.8,1147,5837,7792,01:55:07,6907,1720685615.3395681
2024-07-11 10:13:35,5.07,0.698,3.538,25.0,0.0,0.0,7.2,1147,5838,7793,01:55:07,6907,1720685615.6826808
2024-07-11 10:13:36,5.07,0.698,3.538,25.0,0.0,0.0,7.2,1147,5838,7793,01:55:07,6907,1720685616.0226278
2024-07-11 10:13:36,5.07,0.684,3.467,25.0,0.0,0.0,7.4,1147,5838,7793,01:55:08,6908,1720685616.3616295
2024-07-11 10:13:36,5.07,0.684,3.467,25.0,0.0,0.0,7.4,1147,5839,7794,01:55:08,6908,1720685616.7029738
2024-07-11 10:13:37,5.07,0.734,3.721,25.0,0.0,0.0,6.9,1147,5839,7794,01:55:08,6908,1720685617.0437028
2024-07-11 10:13:37,5.06,0.766,3.875,25.0,0.0,0.0,6.6,1147,5839,7794,01:55:09,6909,1720685617.3849556
2024-07-11 10:13:37,5.06,0.766,3.875,25.0,0.0,0.0,6.6,1147,5840,7795,01:55:09,6909,1720685617.7261772
2024-07-11 10:13:38,5.07,0.69,3.498,25.0,0.0,0.0,7.3,1147,5840,7795,01:55:09,6909,1720685618.067329
2024-07-11 10:13:38,5.07,0.717,3.635,25.0,0.0,0.0,7.0,1147,5840,7795,01:55:10,6910,1720685618.4065282
2024-07-11 10:13:38,5.07,0.717,3.635,25.0,0.0,0.0,7.0,1147,5841,7796,01:55:10,6910,1720685618.7479591
2024-07-11 10:13:39,5.07,0.682,3.457,25.0,0.0,0.0,7.4,1147,5841,7796,01:55:11,6911,1720685619.1199553
2024-07-11 10:13:39,5.07,0.682,3.457,25.0,0.0,0.0,7.4,1148,5842,7797,01:55:11,6911,1720685619.4299324
2024-07-11 10:13:39,5.07,0.739,3.746,25.0,0.0,0.0,6.8,1148,5842,7797,01:55:11,6911,1720685619.7761786
2024-07-11 10:13:40,5.07,0.704,3.569,25.0,0.0,0.0,7.2,1148,5842,7797,01:55:12,6912,1720685620.1124492
2024-07-11 10:13:40,5.07,0.704,3.569,25.0,0.0,0.0,7.2,1148,5843,7798,01:55:12,6912,1720685620.453701
2024-07-11 10:13:40,5.07,0.683,3.462,25.0,0.0,0.0,7.4,1148,5843,7798,01:55:12,6912,1720685620.8024323
2024-07-11 10:13:41,5.07,0.738,3.741,25.0,0.0,0.0,6.8,1148,5843,7798,01:55:13,6913,1720685621.134929
2024-07-11 10:13:41,5.07,0.738,3.741,25.0,0.0,0.0,6.8,1148,5844,7799,01:55:13,6913,1720685621.47617
2024-07-11 10:13:41,5.07,0.709,3.594,25.0,0.0,0.0,7.1,1148,5844,7799,01:55:13,6913,1720685621.8195412
2024-07-11 10:13:42,5.07,0.709,3.594,25.0,0.0,0.0,7.1,1148,5844,7799,01:55:14,6914,1720685622.1566758
2024-07-11 10:13:42,5.07,0.703,3.564,25.0,0.0,0.0,7.2,1148,5845,7800,01:55:14,6914,1720685622.49871
2024-07-11 10:13:42,5.07,0.718,3.64,25.0,0.0,0.0,7.0,1148,5845,7800,01:55:14,6914,1720685622.851144
2024-07-11 10:13:43,5.07,0.718,3.64,25.0,0.0,0.0,7.0,1148,5845,7800,01:55:15,6915,1720685623.1799705
2024-07-11 10:13:43,5.07,0.722,3.66,25.0,0.0,0.0,7.0,1148,5846,7801,01:55:15,6915,1720685623.5211754
2024-07-11 10:13:43,5.08,0.652,3.312,25.0,0.0,0.0,7.7,1148,5846,7801,01:55:15,6915,1720685623.863674
2024-07-11 10:13:44,5.08,0.652,3.312,25.0,0.0,0.0,7.7,1148,5846,7801,01:55:16,6916,1720685624.2036693
2024-07-11 10:13:44,5.07,0.695,3.523,25.0,0.0,0.0,7.2,1148,5847,7802,01:55:16,6916,1720685624.5449872
2024-07-11 10:13:44,5.07,0.695,3.523,25.0,0.0,0.0,7.2,1148,5847,7802,01:55:16,6916,1720685624.8892522
2024-07-11 10:13:45,5.07,0.728,3.69,25.0,0.0,0.0,6.9,1148,5847,7802,01:55:17,6917,1720685625.2252636
2024-07-11 10:13:45,5.06,0.759,3.84,25.0,0.0,0.0,6.6,1149,5848,7803,01:55:17,6917,1720685625.5672665
2024-07-11 10:13:45,5.06,0.759,3.84,25.0,0.0,0.0,6.6,1149,5848,7803,01:55:17,6917,1720685625.9086907
2024-07-11 10:13:46,5.07,0.736,3.731,25.0,0.0,0.0,6.8,1149,5848,7803,01:55:18,6918,1720685626.249913
2024-07-11 10:13:46,5.08,0.667,3.388,25.0,0.0,0.0,7.6,1149,5849,7804,01:55:18,6918,1720685626.5910442
2024-07-11 10:13:46,5.08,0.667,3.388,25.0,0.0,0.0,7.6,1149,5849,7804,01:55:18,6918,1720685626.9311507
2024-07-11 10:13:47,5.06,0.762,3.855,25.0,0.0,0.0,6.6,1149,5849,7804,01:55:19,6919,1720685627.2723444
2024-07-11 10:13:47,5.06,0.762,3.855,25.0,0.0,0.0,6.6,1149,5850,7805,01:55:19,6919,1720685627.6136959
2024-07-11 10:13:47,5.08,0.65,3.302,25.0,0.0,0.0,7.8,1149,5850,7805,01:55:19,6919,1720685627.9549518
2024-07-11 10:13:48,5.07,0.747,3.787,25.0,0.0,0.0,6.7,1149,5850,7805,01:55:20,6920,1720685628.2961452
2024-07-11 10:13:48,5.07,0.747,3.787,25.0,0.0,0.0,6.7,1149,5851,7806,01:55:20,6920,1720685628.6351707
2024-07-11 10:13:48,5.07,0.748,3.792,25.0,0.0,0.0,6.7,1149,5851,7806,01:55:20,6920,1720685628.9773502
2024-07-11 10:13:49,5.07,0.692,3.508,25.0,0.0,0.0,7.3,1149,5851,7806,01:55:21,6921,1720685629.3187137
2024-07-11 10:13:49,5.07,0.692,3.508,25.0,0.0,0.0,7.3,1150,5852,7807,01:55:21,6921,1720685629.6599803
2024-07-11 10:13:50,5.07,0.744,3.772,25.0,0.0,0.0,6.8,1150,5852,7807,01:55:21,6921,1720685630.0026524
2024-07-11 10:13:50,5.07,0.744,3.772,25.0,0.0,0.0,6.8,1150,5852,7807,01:55:22,6922,1720685630.3411415
2024-07-11 10:13:50,5.07,0.728,3.69,25.0,0.0,0.0,6.9,1150,5853,7808,01:55:22,6922,1720685630.6822848
2024-07-11 10:13:51,5.07,0.751,3.807,25.0,0.0,0.0,6.7,1150,5853,7808,01:55:22,6922,1720685631.0262494
2024-07-11 10:13:51,5.07,0.751,3.807,25.0,0.0,0.0,6.7,1150,5853,7808,01:55:23,6923,1720685631.364939
2024-07-11 10:13:51,5.07,0.703,3.564,25.0,0.0,0.0,7.2,1150,5854,7809,01:55:23,6923,1720685631.7061522
2024-07-11 10:13:52,5.07,0.707,3.584,25.0,0.0,0.0,7.1,1150,5854,7809,01:55:23,6923,1720685632.0464814
2024-07-11 10:13:52,5.07,0.707,3.584,25.0,0.0,0.0,7.1,1150,5854,7809,01:55:24,6924,1720685632.3882785
2024-07-11 10:13:52,5.07,0.687,3.483,25.0,0.0,0.0,7.3,1150,5855,7810,01:55:24,6924,1720685632.728704
2024-07-11 10:13:53,5.07,0.687,3.483,25.0,0.0,0.0,7.3,1150,5855,7810,01:55:24,6924,1720685633.069923
2024-07-11 10:13:53,5.07,0.707,3.584,25.0,0.0,0.0,7.1,1150,5856,7811,01:55:25,6925,1720685633.411238
2024-07-11 10:13:53,5.07,0.715,3.625,25.0,0.0,0.0,7.0,1150,5856,7811,01:55:25,6925,1720685633.7525349
2024-07-11 10:13:54,5.07,0.715,3.625,25.0,0.0,0.0,7.0,1150,5856,7811,01:55:25,6925,1720685634.092536
2024-07-11 10:13:54,5.07,0.694,3.518,25.0,0.01,0.0,7.3,1151,5857,7812,01:55:26,6926,1720685634.4336903
2024-07-11 10:13:54,5.07,0.71,3.599,25.0,0.01,0.0,7.1,1151,5857,7812,01:55:26,6926,1720685634.774931
2024-07-11 10:13:55,5.07,0.71,3.599,25.0,0.01,0.0,7.1,1151,5857,7812,01:55:27,6927,1720685635.1219137
2024-07-11 10:13:55,5.07,0.702,3.559,25.0,0.01,0.0,7.2,1151,5858,7813,01:55:27,6927,1720685635.4570951
2024-07-11 10:13:55,5.07,0.702,3.559,25.0,0.01,0.0,7.2,1151,5858,7813,01:55:27,6927,1720685635.798465
2024-07-11 10:13:56,5.07,0.72,3.65,25.0,0.0,0.0,7.0,1151,5858,7813,01:55:28,6928,1720685636.1399243
2024-07-11 10:13:56,5.07,0.705,3.574,25.0,0.01,0.0,7.1,1151,5859,7814,01:55:28,6928,1720685636.4812388
2024-07-11 10:13:56,5.07,0.705,3.574,25.0,0.01,0.0,7.1,1151,5859,7814,01:55:28,6928,1720685636.8225064
2024-07-11 10:13:57,5.07,0.705,3.574,25.0,0.01,0.0,7.1,1151,5859,7814,01:55:29,6929,1720685637.163751
2024-07-11 10:13:57,5.07,0.71,3.599,25.0,0.01,0.0,7.1,1151,5860,7815,01:55:29,6929,1720685637.5049336
2024-07-11 10:13:57,5.07,0.71,3.599,25.0,0.01,0.0,7.1,1151,5860,7815,01:55:29,6929,1720685637.846246
2024-07-11 10:13:58,5.07,0.691,3.503,25.0,0.01,0.0,7.3,1151,5860,7815,01:55:30,6930,1720685638.187522
2024-07-11 10:13:58,5.07,0.691,3.503,25.0,0.01,0.0,7.3,1151,5861,7816,01:55:30,6930,1720685638.5285783
2024-07-11 10:13:58,5.07,0.716,3.63,25.0,0.01,0.0,7.0,1151,5861,7816,01:55:30,6930,1720685638.8692906
2024-07-11 10:13:59,5.07,0.707,3.584,25.0,0.01,0.0,7.1,1151,5861,7816,01:55:31,6931,1720685639.2111893
2024-07-11 10:13:59,5.07,0.707,3.584,25.0,0.01,0.0,7.1,1151,5862,7817,01:55:31,6931,1720685639.5522244
2024-07-11 10:13:59,5.07,0.699,3.543,25.0,0.01,0.0,7.2,1151,5862,7817,01:55:31,6931,1720685639.893802
2024-07-11 10:14:00,5.07,0.711,3.604,25.0,0.01,0.0,7.1,1151,5862,7817,01:55:32,6932,1720685640.2402844
2024-07-11 10:14:00,5.07,0.711,3.604,25.0,0.01,0.0,7.1,1152,5863,7818,01:55:32,6932,1720685640.5787826
2024-07-11 10:14:00,5.07,0.731,3.706,25.0,0.01,0.0,6.9,1152,5863,7818,01:55:32,6932,1720685640.917525
2024-07-11 10:14:01,5.07,0.731,3.706,25.0,0.01,0.0,6.9,1152,5863,7818,01:55:33,6933,1720685641.258755
2024-07-11 10:14:01,5.07,0.732,3.711,25.0,0.0,0.0,6.9,1152,5864,7819,01:55:33,6933,1720685641.5999262
2024-07-11 10:14:01,5.07,0.716,3.63,25.0,0.0,0.0,7.0,1152,5864,7819,01:55:33,6933,1720685641.9408333
2024-07-11 10:14:02,5.07,0.716,3.63,25.0,0.0,0.0,7.0,1152,5864,7819,01:55:34,6934,1720685642.282059
2024-07-11 10:14:02,5.07,0.689,3.493,25.0,0.01,0.0,7.3,1152,5865,7820,01:55:34,6934,1720685642.6233604
2024-07-11 10:14:02,5.07,0.722,3.66,25.0,0.01,0.0,7.0,1152,5865,7820,01:55:34,6934,1720685642.9662564
2024-07-11 10:14:03,5.07,0.722,3.66,25.0,0.01,0.0,7.0,1152,5865,7820,01:55:35,6935,1720685643.308714
2024-07-11 10:14:03,5.07,0.706,3.579,25.0,0.01,0.0,7.1,1152,5866,7821,01:55:35,6935,1720685643.6483128
2024-07-11 10:14:03,5.07,0.706,3.579,25.0,0.01,0.0,7.1,1152,5866,7821,01:55:35,6935,1720685643.9894893
2024-07-11 10:14:04,5.07,0.701,3.554,25.0,0.01,0.0,7.2,1152,5866,7821,01:55:36,6936,1720685644.3312511
2024-07-11 10:14:04,5.07,0.721,3.655,25.0,0.0,0.0,7.0,1152,5867,7822,01:55:36,6936,1720685644.6725557
2024-07-11 10:14:05,5.07,0.721,3.655,25.0,0.0,0.0,7.0,1152,5867,7822,01:55:36,6936,1720685645.0137532
2024-07-11 10:14:05,5.07,0.685,3.472,25.0,0.01,0.0,7.4,1152,5867,7822,01:55:37,6937,1720685645.360268
2024-07-11 10:14:05,5.07,0.716,3.63,25.0,0.01,0.0,7.0,1153,5868,7823,01:55:37,6937,1720685645.6954384
2024-07-11 10:14:06,5.07,0.716,3.63,25.0,0.01,0.0,7.0,1153,5868,7823,01:55:37,6937,1720685646.0365589
2024-07-11 10:14:06,5.07,0.717,3.635,25.0,0.01,0.0,7.0,1153,5869,7824,01:55:38,6938,1720685646.3786433
2024-07-11 10:14:06,5.07,0.717,3.635,25.0,0.01,0.0,7.0,1153,5869,7824,01:55:38,6938,1720685646.7199507
2024-07-11 10:14:07,5.08,0.677,3.439,25.0,0.0,0.0,7.5,1153,5869,7824,01:55:38,6938,1720685647.0635931
2024-07-11 10:14:07,5.07,0.747,3.787,25.0,0.0,0.0,6.7,1153,5870,7825,01:55:39,6939,1720685647.4023144
2024-07-11 10:14:07,5.07,0.747,3.787,25.0,0.0,0.0,6.7,1153,5870,7825,01:55:39,6939,1720685647.7437358
2024-07-11 10:14:08,5.08,0.65,3.302,25.0,0.01,0.0,7.8,1153,5870,7825,01:55:39,6939,1720685648.0862732
2024-07-11 10:14:08,5.06,0.752,3.805,25.0,0.01,0.0,6.7,1153,5871,7826,01:55:40,6940,1720685648.4275103
2024-07-11 10:14:08,5.06,0.752,3.805,25.0,0.01,0.0,6.7,1153,5871,7826,01:55:40,6940,1720685648.768747
2024-07-11 10:14:09,5.07,0.678,3.437,25.0,0.01,0.0,7.4,1153,5871,7826,01:55:41,6941,1720685649.109042
2024-07-11 10:14:09,5.07,0.678,3.437,25.0,0.01,0.0,7.4,1153,5872,7827,01:55:41,6941,1720685649.4511273
2024-07-11 10:14:09,5.07,0.73,3.701,25.0,0.01,0.0,6.9,1153,5872,7827,01:55:41,6941,1720685649.7949595
2024-07-11 10:14:10,5.07,0.709,3.594,25.0,0.01,0.0,7.1,1153,5872,7827,01:55:42,6942,1720685650.1337934
2024-07-11 10:14:10,5.07,0.709,3.594,25.0,0.01,0.0,7.1,1154,5873,7828,01:55:42,6942,1720685650.4803088
2024-07-11 10:14:10,5.08,0.663,3.368,25.0,0.01,0.0,7.6,1154,5873,7828,01:55:42,6942,1720685650.8162796
2024-07-11 10:14:11,5.1,0.497,2.534,25.0,0.01,0.0,10.2,1154,5873,7828,01:55:43,6943,1720685651.1573746
2024-07-11 10:14:11,5.1,0.497,2.534,25.0,0.01,0.0,10.2,1154,5873,7829,01:55:43,6943,1720685651.4984937
2024-07-11 10:14:11,5.1,0.514,2.621,25.0,0.01,0.0,9.9,1154,5873,7829,01:55:43,6943,1720685651.8399777
2024-07-11 10:14:12,5.1,0.514,2.621,25.0,0.01,0.0,9.9,1154,5873,7829,01:55:44,6944,1720685652.181258
2024-07-11 10:14:12,5.1,0.511,2.606,25.0,0.01,0.0,9.9,1154,5874,7830,01:55:44,6944,1720685652.5222328
2024-07-11 10:14:12,5.1,0.514,2.621,25.0,0.01,0.0,9.9,1154,5874,7830,01:55:44,6944,1720685652.8627284
2024-07-11 10:14:13,5.1,0.514,2.621,25.0,0.01,0.0,9.9,1154,5874,7830,01:55:45,6945,1720685653.2045736
2024-07-11 10:14:13,5.1,0.518,2.641,25.0,0.01,0.0,9.8,1154,5875,7831,01:55:45,6945,1720685653.5462418
2024-07-11 10:14:13,5.1,0.51,2.601,25.0,0.01,0.0,10.0,1154,5875,7831,01:55:45,6945,1720685653.8875062
2024-07-11 10:14:14,5.1,0.51,2.601,25.0,0.01,0.0,10.0,1154,5875,7831,01:55:46,6946,1720685654.2275167
2024-07-11 10:14:14,5.1,0.512,2.611,25.0,0.01,0.0,9.9,1154,5875,7832,01:55:46,6946,1720685654.5687487
2024-07-11 10:14:14,5.1,0.512,2.611,25.0,0.01,0.0,9.9,1154,5875,7832,01:55:46,6946,1720685654.9099958
2024-07-11 10:14:15,5.1,0.512,2.611,25.0,0.01,0.0,9.9,1154,5875,7832,01:55:47,6947,1720685655.251083
2024-07-11 10:14:15,5.1,0.513,2.616,25.0,0.01,0.0,9.9,1154,5876,7833,01:55:47,6947,1720685655.600323
2024-07-11 10:14:15,5.1,0.513,2.616,25.0,0.01,0.0,9.9,1154,5876,7833,01:55:47,6947,1720685655.9333544
2024-07-11 10:14:16,5.1,0.476,2.427,25.0,0.01,0.0,10.7,1154,5876,7833,01:55:48,6948,1720685656.2741954
2024-07-11 10:14:16,5.1,0.474,2.417,25.0,0.01,0.0,10.7,1154,5877,7834,01:55:48,6948,1720685656.6162796
2024-07-11 10:14:16,5.1,0.474,2.417,25.0,0.01,0.0,10.7,1154,5877,7834,01:55:48,6948,1720685656.95531
2024-07-11 10:14:17,5.1,0.473,2.412,25.0,0.01,0.0,10.7,1154,5877,7834,01:55:49,6949,1720685657.2975545
2024-07-11 10:14:17,5.1,0.473,2.412,25.0,0.01,0.0,10.7,1155,5878,7835,01:55:49,6949,1720685657.6387928
2024-07-11 10:14:17,5.11,0.47,2.401,25.0,0.01,0.0,10.8,1155,5878,7835,01:55:49,6949,1720685657.979916
2024-07-11 10:14:18,5.1,0.473,2.412,25.0,0.01,0.0,10.7,1155,5878,7835,01:55:50,6950,1720685658.32129
2024-07-11 10:14:18,5.1,0.473,2.412,25.0,0.01,0.0,10.7,1155,5878,7836,01:55:50,6950,1720685658.6624095
2024-07-11 10:14:19,5.1,0.478,2.437,25.0,0.01,0.0,10.6,1155,5878,7836,01:55:50,6950,1720685659.0037782
2024-07-11 10:14:19,5.1,0.469,2.391,25.0,0.01,0.0,10.8,1155,5879,7837,01:55:51,6951,1720685659.3448195
2024-07-11 10:14:19,5.1,0.469,2.391,25.0,0.01,0.0,10.8,1155,5879,7837,01:55:51,6951,1720685659.6856973
2024-07-11 10:14:20,5.1,0.472,2.407,25.0,0.01,0.0,10.8,1155,5879,7837,01:55:51,6951,1720685660.030016
2024-07-11 10:14:20,5.1,0.472,2.407,25.0,0.01,0.0,10.8,1155,5880,7838,01:55:52,6952,1720685660.3685803
2024-07-11 10:14:20,5.1,0.471,2.402,25.0,0.0,0.0,10.8,1155,5880,7838,01:55:52,6952,1720685660.7204375
2024-07-11 10:14:21,5.1,0.471,2.402,25.0,0.0,0.0,10.8,1155,5880,7838,01:55:52,6952,1720685661.0537717
2024-07-11 10:14:21,5.1,0.471,2.402,25.0,0.0,0.0,10.8,1155,5880,7839,01:55:53,6953,1720685661.3950157
2024-07-11 10:14:21,5.11,0.469,2.396,25.0,0.0,0.0,10.8,1155,5880,7839,01:55:53,6953,1720685661.733797
2024-07-11 10:14:22,5.1,0.472,2.407,25.0,0.0,0.0,10.8,1155,5880,7839,01:55:53,6953,1720685662.0750105
2024-07-11 10:14:22,5.1,0.472,2.407,25.0,0.0,0.0,10.8,1155,5881,7840,01:55:54,6954,1720685662.4160585
2024-07-11 10:14:22,5.11,0.471,2.406,25.0,0.0,0.0,10.8,1155,5881,7840,01:55:54,6954,1720685662.7583232
2024-07-11 10:14:23,5.11,0.471,2.406,25.0,0.0,0.0,10.8,1155,5881,7840,01:55:54,6954,1720685663.0987215
2024-07-11 10:14:23,5.11,0.468,2.391,25.0,0.0,0.0,10.9,1155,5882,7841,01:55:55,6955,1720685663.4400127
2024-07-11 10:14:23,5.11,0.472,2.411,25.0,0.0,0.0,10.8,1155,5882,7841,01:55:55,6955,1720685663.781052
2024-07-11 10:14:24,5.11,0.472,2.411,25.0,0.0,0.0,10.8,1155,5882,7841,01:55:56,6956,1720685664.12262
2024-07-11 10:14:24,5.11,0.471,2.406,25.0,0.0,0.0,10.8,1156,5882,7842,01:55:56,6956,1720685664.4636796
2024-07-11 10:14:24,5.1,0.47,2.397,25.0,0.0,0.0,10.8,1156,5882,7842,01:55:56,6956,1720685664.8050017
2024-07-11 10:14:25,5.1,0.47,2.397,25.0,0.0,0.0,10.8,1156,5882,7842,01:55:57,6957,1720685665.144927
2024-07-11 10:14:25,5.1,0.474,2.417,25.0,0.0,0.0,10.7,1156,5883,7843,01:55:57,6957,1720685665.4875462
2024-07-11 10:14:25,5.1,0.474,2.417,25.0,0.0,0.0,10.7,1156,5883,7843,01:55:57,6957,1720685665.8403723
2024-07-11 10:14:26,5.11,0.471,2.406,25.0,0.0,0.0,10.8,1156,5883,7843,01:55:58,6958,1720685666.1684196
2024-07-11 10:14:26,5.11,0.47,2.401,25.0,0.0,0.0,10.8,1156,5884,7844,01:55:58,6958,1720685666.5104809
2024-07-11 10:14:26,5.11,0.47,2.401,25.0,0.0,0.0,10.8,1156,5884,7844,01:55:58,6958,1720685666.851329
2024-07-11 10:14:27,5.11,0.468,2.391,25.0,0.0,0.0,10.9,1156,5884,7844,01:55:59,6959,1720685667.1926436
2024-07-11 10:14:27,5.11,0.47,2.401,25.0,0.0,0.0,10.8,1156,5884,7845,01:55:59,6959,1720685667.5336716
2024-07-11 10:14:27,5.11,0.47,2.401,25.0,0.0,0.0,10.8,1156,5884,7845,01:55:59,6959,1720685667.8741353
2024-07-11 10:14:28,5.11,0.471,2.406,25.0,0.0,0.0,10.8,1156,5884,7845,01:56:00,6960,1720685668.216744
2024-07-11 10:14:28,5.11,0.471,2.406,25.0,0.0,0.0,10.8,1156,5885,7846,01:56:00,6960,1720685668.5565813
2024-07-11 10:14:28,5.11,0.47,2.401,25.0,0.0,0.0,10.8,1156,5885,7846,01:56:00,6960,1720685668.8987482
2024-07-11 10:14:29,5.1,0.468,2.386,25.0,0.0,0.0,10.8,1156,5885,7846,01:56:01,6961,1720685669.240083
2024-07-11 10:14:29,5.1,0.468,2.386,25.0,0.0,0.0,10.8,1156,5886,7847,01:56:01,6961,1720685669.5812526
2024-07-11 10:14:29,5.11,0.47,2.401,25.0,0.0,0.0,10.8,1156,5886,7847,01:56:01,6961,1720685669.9224281
2024-07-11 10:14:30,5.1,0.47,2.397,25.0,0.0,0.0,10.8,1156,5886,7847,01:56:02,6962,1720685670.2635105
2024-07-11 10:14:30,5.1,0.47,2.397,25.0,0.0,0.0,10.8,1156,5886,7848,01:56:02,6962,1720685670.6050665
2024-07-11 10:14:30,5.11,0.467,2.386,25.0,0.0,0.0,10.9,1156,5886,7848,01:56:02,6962,1720685670.9600744
2024-07-11 10:14:31,5.11,0.467,2.386,25.0,0.0,0.0,10.9,1156,5886,7848,01:56:03,6963,1720685671.2875433
2024-07-11 10:14:31,5.11,0.471,2.406,25.0,0.0,0.0,10.8,1156,5887,7849,01:56:03,6963,1720685671.6288114
2024-07-11 10:14:31,5.1,0.469,2.391,25.0,0.0,0.0,10.8,1156,5887,7849,01:56:03,6963,1720685671.9698954
2024-07-11 10:14:32,5.1,0.469,2.391,25.0,0.0,0.0,10.8,1157,5888,7850,01:56:04,6964,1720685672.3110254
2024-07-11 10:14:32,5.11,0.467,2.386,25.0,0.0,0.0,10.9,1157,5888,7850,01:56:04,6964,1720685672.6523025
2024-07-11 10:14:32,5.11,0.47,2.401,25.0,0.0,0.0,10.8,1157,5888,7850,01:56:04,6964,1720685672.993678
2024-07-11 10:14:33,5.11,0.47,2.401,25.0,0.0,0.0,10.8,1157,5888,7851,01:56:05,6965,1720685673.3362472
2024-07-11 10:14:33,5.1,0.471,2.402,25.0,0.0,0.0,10.8,1157,5888,7851,01:56:05,6965,1720685673.6762817
2024-07-11 10:14:34,5.1,0.471,2.402,25.0,0.0,0.0,10.8,1157,5888,7851,01:56:05,6965,1720685674.0171459
2024-07-11 10:14:34,5.11,0.47,2.401,25.0,0.0,0.0,10.8,1157,5889,7852,01:56:06,6966,1720685674.358666
2024-07-11 10:14:34,5.1,0.467,2.381,25.0,0.0,0.0,10.9,1157,5889,7852,01:56:06,6966,1720685674.7012894
2024-07-11 10:14:35,5.1,0.467,2.381,25.0,0.0,0.0,10.9,1157,5889,7852,01:56:06,6966,1720685675.0412877
2024-07-11 10:14:35,5.11,0.47,2.401,25.0,0.0,0.0,10.8,1157,5890,7853,01:56:07,6967,1720685675.3837504
2024-07-11 10:14:35,5.11,0.468,2.391,25.0,0.0,0.0,10.9,1157,5890,7853,01:56:07,6967,1720685675.725054
2024-07-11 10:14:36,5.11,0.468,2.391,25.0,0.0,0.0,10.9,1157,5890,7853,01:56:07,6967,1720685676.0794783
2024-07-11 10:14:36,5.11,0.467,2.386,25.0,0.0,0.0,10.9,1157,5890,7854,01:56:08,6968,1720685676.406581
2024-07-11 10:14:36,5.11,0.467,2.386,25.0,0.0,0.0,10.9,1157,5890,7854,01:56:08,6968,1720685676.7487662
2024-07-11 10:14:37,5.11,0.469,2.396,25.0,0.0,0.0,10.8,1157,5890,7854,01:56:08,6968,1720685677.0900548
2024-07-11 10:14:37,5.1,0.47,2.397,25.0,0.0,0.0,10.8,1157,5891,7855,01:56:09,6969,1720685677.4304247
2024-07-11 10:14:37,5.1,0.47,2.397,25.0,0.0,0.0,10.8,1157,5891,7855,01:56:09,6969,1720685677.7720315
2024-07-11 10:14:38,5.1,0.47,2.397,25.0,0.0,0.0,10.8,1157,5891,7855,01:56:10,6970,1720685678.1130912
2024-07-11 10:14:38,5.11,0.466,2.381,25.0,0.0,0.0,10.9,1157,5892,7856,01:56:10,6970,1720685678.455747
2024-07-11 10:14:38,5.11,0.466,2.381,25.0,0.0,0.0,10.9,1157,5892,7856,01:56:10,6970,1720685678.795862
2024-07-11 10:14:39,5.11,0.471,2.406,25.0,0.0,0.0,10.8,1157,5892,7856,01:56:11,6971,1720685679.1369245
2024-07-11 10:14:39,5.11,0.471,2.406,25.0,0.0,0.0,10.8,1157,5892,7857,01:56:11,6971,1720685679.4800313
2024-07-11 10:14:39,5.11,0.469,2.396,25.0,0.0,0.0,10.8,1157,5892,7857,01:56:11,6971,1720685679.8190985
2024-07-11 10:14:40,5.1,0.468,2.386,25.0,0.0,0.0,10.8,1157,5892,7857,01:56:12,6972,1720685680.1611836
2024-07-11 10:14:40,5.1,0.468,2.386,25.0,0.0,0.0,10.8,1158,5893,7858,01:56:12,6972,1720685680.5022714
2024-07-11 10:14:40,5.11,0.471,2.406,25.0,0.0,0.0,10.8,1158,5893,7858,01:56:12,6972,1720685680.8460746
2024-07-11 10:14:41,5.11,0.468,2.391,25.0,0.0,0.0,10.9,1158,5893,7858,01:56:13,6973,1720685681.1995778
2024-07-11 10:14:41,5.11,0.468,2.391,25.0,0.0,0.0,10.9,1158,5894,7859,01:56:13,6973,1720685681.5266163
2024-07-11 10:14:41,5.11,0.47,2.401,25.0,0.0,0.0,10.8,1158,5894,7859,01:56:13,6973,1720685681.8662627
2024-07-11 10:14:42,5.11,0.47,2.401,25.0,0.0,0.0,10.8,1158,5894,7859,01:56:14,6974,1720685682.2080107
2024-07-11 10:14:42,5.11,0.466,2.381,25.0,0.0,0.0,10.9,1158,5894,7860,01:56:14,6974,1720685682.5487309
2024-07-11 10:14:42,5.11,0.469,2.396,25.0,0.0,0.0,10.8,1158,5894,7860,01:56:14,6974,1720685682.8897278
2024-07-11 10:14:43,5.11,0.469,2.396,25.0,0.0,0.0,10.8,1158,5894,7860,01:56:15,6975,1720685683.2308466
2024-07-11 10:14:43,5.1,0.472,2.407,25.0,0.0,0.0,10.8,1158,5895,7861,01:56:15,6975,1720685683.573927
2024-07-11 10:14:43,5.11,0.469,2.396,25.0,0.0,0.0,10.8,1158,5895,7861,01:56:15,6975,1720685683.9137022
2024-07-11 10:14:44,5.11,0.469,2.396,25.0,0.0,0.0,10.8,1158,5895,7861,01:56:16,6976,1720685684.254401
2024-07-11 10:14:44,5.11,0.469,2.396,25.0,0.0,0.0,10.8,1158,5896,7862,01:56:16,6976,1720685684.5960424
2024-07-11 10:14:44,5.11,0.469,2.396,25.0,0.0,0.0,10.8,1158,5896,7862,01:56:16,6976,1720685684.9367907
2024-07-11 10:14:45,5.11,0.47,2.401,25.0,0.0,0.0,10.8,1158,5896,7862,01:56:17,6977,1720685685.2782266
2024-07-11 10:14:45,5.11,0.469,2.396,25.0,0.0,0.0,10.8,1158,5896,7863,01:56:17,6977,1720685685.622197
2024-07-11 10:14:45,5.11,0.469,2.396,25.0,0.0,0.0,10.8,1158,5896,7863,01:56:17,6977,1720685685.960585
2024-07-11 10:14:46,5.11,0.467,2.386,25.0,0.0,0.0,10.9,1158,5897,7864,01:56:18,6978,1720685686.3201208
2024-07-11 10:14:46,5.11,0.471,2.406,25.0,0.0,0.0,10.8,1158,5897,7864,01:56:18,6978,1720685686.6432545
2024-07-11 10:14:46,5.11,0.471,2.406,25.0,0.0,0.0,10.8,1158,5897,7864,01:56:18,6978,1720685686.984343
2024-07-11 10:14:47,5.1,0.468,2.386,25.0,0.0,0.0,10.8,1159,5898,7865,01:56:19,6979,1720685687.3259225
2024-07-11 10:14:47,5.1,0.468,2.386,25.0,0.0,0.0,10.8,1159,5898,7865,01:56:19,6979,1720685687.6666112
2024-07-11 10:14:48,5.11,0.466,2.381,25.0,0.0,0.0,10.9,1159,5898,7865,01:56:19,6979,1720685688.007854
2024-07-11 10:14:48,5.11,0.468,2.391,25.0,0.0,0.0,10.9,1159,5898,7866,01:56:20,6980,1720685688.3524435
2024-07-11 10:14:48,5.11,0.468,2.391,25.0,0.0,0.0,10.9,1159,5898,7866,01:56:20,6980,1720685688.690939
2024-07-11 10:14:49,5.11,0.468,2.391,25.0,0.0,0.0,10.9,1159,5898,7866,01:56:20,6980,1720685689.0324469
2024-07-11 10:14:49,5.11,0.469,2.396,25.0,0.0,0.0,10.8,1159,5899,7867,01:56:21,6981,1720685689.3763812
2024-07-11 10:14:49,5.11,0.469,2.396,25.0,0.0,0.0,10.8,1159,5899,7867,01:56:21,6981,1720685689.7147272
2024-07-11 10:14:50,5.11,0.468,2.391,25.0,0.0,0.0,10.9,1159,5899,7867,01:56:21,6981,1720685690.0559647
2024-07-11 10:14:50,5.11,0.468,2.391,25.0,0.0,0.0,10.9,1159,5900,7868,01:56:22,6982,1720685690.397053
2024-07-11 10:14:50,5.11,0.469,2.396,25.0,0.0,0.0,10.8,1159,5900,7868,01:56:22,6982,1720685690.7378979
2024-07-11 10:14:51,5.11,0.467,2.386,25.0,0.0,0.0,10.9,1159,5900,7868,01:56:22,6982,1720685691.0791988
2024-07-11 10:14:51,5.11,0.467,2.386,25.0,0.0,0.0,10.9,1159,5900,7869,01:56:23,6983,1720685691.4397573
2024-07-11 10:14:51,5.11,0.466,2.381,25.0,0.0,0.0,10.9,1159,5900,7869,01:56:23,6983,1720685691.766211
2024-07-11 10:14:52,5.1,0.468,2.386,25.0,0.0,0.0,10.8,1159,5900,7869,01:56:24,6984,1720685692.1054945
2024-07-11 10:14:52,5.1,0.468,2.386,25.0,0.0,0.0,10.8,1159,5901,7870,01:56:24,6984,1720685692.4444406
2024-07-11 10:14:52,5.1,0.471,2.402,25.0,0.0,0.0,10.8,1159,5901,7870,01:56:24,6984,1720685692.7895756
2024-07-11 10:14:53,5.1,0.471,2.402,25.0,0.0,0.0,10.8,1159,5901,7870,01:56:25,6985,1720685693.1269999
2024-07-11 10:14:53,5.11,0.466,2.381,25.0,0.0,0.0,10.9,1159,5902,7871,01:56:25,6985,1720685693.468086
2024-07-11 10:14:53,5.1,0.469,2.391,25.0,0.0,0.0,10.8,1159,5902,7871,01:56:25,6985,1720685693.8092713
2024-07-11 10:14:54,5.1,0.469,2.391,25.0,0.0,0.0,10.8,1159,5902,7871,01:56:26,6986,1720685694.1511467
2024-07-11 10:14:54,5.11,0.47,2.401,25.0,0.0,0.0,10.8,1159,5902,7872,01:56:26,6986,1720685694.4919097
2024-07-11 10:14:54,5.11,0.468,2.391,25.0,0.0,0.0,10.9,1159,5902,7872,01:56:26,6986,1720685694.8385396
2024-07-11 10:14:55,5.11,0.468,2.391,25.0,0.0,0.0,10.9,1159,5902,7872,01:56:27,6987,1720685695.174611
2024-07-11 10:14:55,5.11,0.466,2.381,25.0,0.0,0.0,10.9,1160,5903,7873,01:56:27,6987,1720685695.51573
2024-07-11 10:14:55,5.11,0.466,2.381,25.0,0.0,0.0,10.9,1160,5903,7873,01:56:27,6987,1720685695.8568206
2024-07-11 10:14:56,5.11,0.47,2.401,25.0,0.0,0.0,10.8,1160,5903,7873,01:56:28,6988,1720685696.1982083
2024-07-11 10:14:56,5.11,0.467,2.386,25.0,0.0,0.0,10.9,1160,5904,7874,01:56:28,6988,1720685696.5593843
2024-07-11 10:14:56,5.11,0.467,2.386,25.0,0.0,0.0,10.9,1160,5904,7874,01:56:28,6988,1720685696.8804903
2024-07-11 10:14:57,5.11,0.466,2.381,25.0,0.0,0.0,10.9,1160,5904,7874,01:56:29,6989,1720685697.2235715
2024-07-11 10:14:57,5.11,0.467,2.386,25.0,0.0,0.0,10.9,1160,5904,7875,01:56:29,6989,1720685697.563031
2024-07-11 10:14:57,5.11,0.467,2.386,25.0,0.0,0.0,10.9,1160,5904,7875,01:56:29,6989,1720685697.9101048
2024-07-11 10:14:58,5.11,0.469,2.396,25.0,0.0,0.0,10.8,1160,5904,7875,01:56:30,6990,1720685698.2441165
2024-07-11 10:14:58,5.11,0.469,2.396,25.0,0.0,0.0,10.8,1160,5905,7876,01:56:30,6990,1720685698.5862005
2024-07-11 10:14:58,5.1,0.467,2.381,25.0,0.0,0.0,10.9,1160,5905,7876,01:56:30,6990,1720685698.9342937
2024-07-11 10:14:59,5.11,0.466,2.381,25.0,0.0,0.0,10.9,1160,5906,7877,01:56:31,6991,1720685699.2685905
2024-07-11 10:14:59,5.11,0.466,2.381,25.0,0.0,0.0,10.9,1160,5906,7877,01:56:31,6991,1720685699.6097107
2024-07-11 10:14:59,5.11,0.468,2.391,25.0,0.0,0.0,10.9,1160,5906,7877,01:56:31,6991,1720685699.954756
2024-07-11 10:15:00,5.1,0.467,2.381,25.0,0.0,0.0,10.9,1160,5906,7878,01:56:32,6992,1720685700.2908556
2024-07-11 10:15:00,5.1,0.467,2.381,25.0,0.0,0.0,10.9,1160,5906,7878,01:56:32,6992,1720685700.631943
2024-07-11 10:15:00,5.11,0.466,2.381,25.0,0.01,0.0,10.9,1160,5906,7878,01:56:32,6992,1720685700.9748359
2024-07-11 10:15:01,5.11,0.466,2.381,25.0,0.01,0.0,10.9,1160,5907,7879,01:56:33,6993,1720685701.3151925
2024-07-11 10:15:01,5.1,0.468,2.386,25.0,0.01,0.0,10.8,1160,5907,7879,01:56:33,6993,1720685701.6801808
2024-07-11 10:15:01,5.11,0.467,2.386,25.0,0.01,0.0,10.9,1160,5907,7879,01:56:33,6993,1720685701.9987385
2024-07-11 10:15:02,5.11,0.467,2.386,25.0,0.01,0.0,10.9,1160,5908,7880,01:56:34,6994,1720685702.3388412
2024-07-11 10:15:02,5.1,0.466,2.376,25.0,0.01,0.0,10.9,1160,5908,7880,01:56:34,6994,1720685702.6792083
2024-07-11 10:15:03,5.1,0.468,2.386,25.0,0.01,0.0,10.8,1160,5908,7880,01:56:34,6994,1720685703.021031
2024-07-11 10:15:03,5.1,0.468,2.386,25.0,0.01,0.0,10.8,1161,5908,7881,01:56:35,6995,1720685703.361009
2024-07-11 10:15:03,5.11,0.467,2.386,25.0,0.01,0.0,10.9,1161,5908,7881,01:56:35,6995,1720685703.7017689
2024-07-11 10:15:04,5.11,0.467,2.386,25.0,0.01,0.0,10.9,1161,5908,7881,01:56:35,6995,1720685704.0454674
2024-07-11 10:15:04,5.1,0.469,2.391,25.0,0.01,0.0,10.8,1161,5909,7882,01:56:36,6996,1720685704.3851452
2024-07-11 10:15:04,5.11,0.466,2.381,25.0,0.01,0.0,10.9,1161,5909,7882,01:56:36,6996,1720685704.7259812
2024-07-11 10:15:05,5.11,0.466,2.381,25.0,0.01,0.0,10.9,1161,5909,7882,01:56:36,6996,1720685705.0751941
2024-07-11 10:15:05,5.11,0.467,2.386,25.0,0.01,0.0,10.9,1161,5909,7883,01:56:37,6997,1720685705.4075575
2024-07-11 10:15:05,5.1,0.468,2.386,25.0,0.01,0.0,10.8,1161,5909,7883,01:56:37,6997,1720685705.7487648
2024-07-11 10:15:06,5.1,0.468,2.386,25.0,0.01,0.0,10.8,1161,5909,7883,01:56:37,6997,1720685706.098917
2024-07-11 10:15:06,5.11,0.465,2.376,25.0,0.01,0.0,10.9,1161,5910,7884,01:56:38,6998,1720685706.431421
2024-07-11 10:15:06,5.11,0.465,2.376,25.0,0.01,0.0,10.9,1161,5910,7884,01:56:38,6998,1720685706.800176
2024-07-11 10:15:07,5.1,0.468,2.386,25.0,0.01,0.0,10.8,1161,5910,7884,01:56:39,6999,1720685707.1196237
2024-07-11 10:15:07,5.1,0.474,2.417,25.0,0.01,0.0,10.7,1161,5911,7885,01:56:39,6999,1720685707.4556556
2024-07-11 10:15:07,5.1,0.474,2.417,25.0,0.01,0.0,10.7,1161,5911,7885,01:56:39,6999,1720685707.7959096
2024-07-11 10:15:08,5.1,0.469,2.391,25.0,0.01,0.0,10.8,1161,5911,7885,01:56:40,7000,1720685708.1430082
2024-07-11 10:15:08,5.1,0.464,2.366,25.0,0.01,0.0,10.9,1161,5911,7886,01:56:40,7000,1720685708.4788883
2024-07-11 10:15:08,5.1,0.464,2.366,25.0,0.01,0.0,10.9,1161,5911,7886,01:56:40,7000,1720685708.8201742
2024-07-11 10:15:09,5.11,0.467,2.386,25.0,0.01,0.0,10.9,1161,5911,7886,01:56:41,7001,1720685709.1714392
2024-07-11 10:15:09,5.11,0.467,2.386,25.0,0.01,0.0,10.9,1161,5912,7887,01:56:41,7001,1720685709.5014195
2024-07-11 10:15:09,5.1,0.468,2.386,25.0,0.01,0.0,10.8,1161,5912,7887,01:56:41,7001,1720685709.8452039
2024-07-11 10:15:10,5.11,0.465,2.376,25.0,0.01,0.0,10.9,1161,5912,7887,01:56:42,7002,1720685710.183873
2024-07-11 10:15:10,5.11,0.465,2.376,25.0,0.01,0.0,10.9,1162,5913,7888,01:56:42,7002,1720685710.524381
2024-07-11 10:15:10,5.1,0.525,2.677,25.0,0.01,0.0,9.7,1162,5913,7888,01:56:42,7002,1720685710.8655622
2024-07-11 10:15:11,5.06,0.779,3.941,25.0,0.01,0.0,6.4,1162,5913,7888,01:56:43,7003,1720685711.2076528
2024-07-11 10:15:11,5.06,0.779,3.941,25.0,0.01,0.0,6.4,1162,5914,7889,01:56:43,7003,1720685711.5476255
2024-07-11 10:15:11,5.05,0.82,4.141,25.0,0.01,0.0,6.1,1162,5914,7889,01:56:43,7003,1720685711.917392
2024-07-11 10:15:12,5.05,0.82,4.141,25.0,0.01,0.0,6.1,1162,5915,7890,01:56:44,7004,1720685712.2276056
2024-07-11 10:15:12,5.05,0.84,4.242,25.0,0.01,0.0,6.0,1162,5915,7890,01:56:44,7004,1720685712.5700855
2024-07-11 10:15:12,5.05,0.829,4.186,25.0,0.01,0.0,6.0,1162,5915,7890,01:56:44,7004,1720685712.9076414
2024-07-11 10:15:13,5.05,0.829,4.186,25.0,0.01,0.0,6.0,1162,5916,7891,01:56:45,7005,1720685713.2487419
2024-07-11 10:15:13,5.05,0.827,4.176,25.0,0.0,0.0,6.1,1162,5916,7891,01:56:45,7005,1720685713.5886693
2024-07-11 10:15:13,5.05,0.853,4.307,25.0,0.0,0.0,5.9,1162,5916,7891,01:56:45,7005,1720685713.928637
2024-07-11 10:15:14,5.05,0.853,4.307,25.0,0.0,0.0,5.9,1162,5917,7892,01:56:46,7006,1720685714.2685533
2024-07-11 10:15:14,5.05,0.85,4.292,25.0,0.0,0.0,5.9,1162,5917,7892,01:56:46,7006,1720685714.6089065
2024-07-11 10:15:14,5.05,0.85,4.292,25.0,0.0,0.0,5.9,1162,5917,7892,01:56:46,7006,1720685714.9489007
2024-07-11 10:15:15,5.05,0.828,4.181,25.0,0.0,0.0,6.0,1163,5919,7893,01:56:47,7007,1720685715.2888799
2024-07-11 10:15:15,5.05,0.82,4.141,25.0,0.0,0.0,6.1,1163,5919,7893,01:56:47,7007,1720685715.632613
2024-07-11 10:15:15,5.05,0.82,4.141,25.0,0.0,0.0,6.1,1163,5919,7893,01:56:47,7007,1720685715.968968
2024-07-11 10:15:16,5.05,0.852,4.302,25.0,0.0,0.0,5.9,1163,5920,7894,01:56:48,7008,1720685716.3102045
2024-07-11 10:15:16,5.05,0.832,4.201,25.0,0.0,0.0,6.0,1163,5920,7894,01:56:48,7008,1720685716.6502042
2024-07-11 10:15:16,5.05,0.832,4.201,25.0,0.0,0.0,6.0,1163,5920,7894,01:56:48,7008,1720685716.9896274
2024-07-11 10:15:17,5.05,0.842,4.252,25.0,0.0,0.0,5.9,1163,5921,7895,01:56:49,7009,1720685717.3294973
2024-07-11 10:15:17,5.05,0.842,4.252,25.0,0.0,0.0,5.9,1163,5921,7895,01:56:49,7009,1720685717.6795979
2024-07-11 10:15:18,5.05,0.845,4.267,25.0,0.0,0.0,5.9,1163,5921,7895,01:56:49,7009,1720685718.0102055
2024-07-11 10:15:18,5.05,0.827,4.176,25.0,0.0,0.0,6.1,1163,5922,7896,01:56:50,7010,1720685718.3538828
2024-07-11 10:15:18,5.05,0.827,4.176,25.0,0.0,0.0,6.1,1163,5922,7896,01:56:50,7010,1720685718.6964538
2024-07-11 10:15:19,5.05,0.823,4.156,25.0,0.0,0.0,6.1,1163,5922,7896,01:56:50,7010,1720685719.0314476
2024-07-11 10:15:19,5.06,0.798,4.037,25.0,0.0,0.0,6.3,1164,5923,7897,01:56:51,7011,1720685719.3714259
2024-07-11 10:15:19,5.06,0.798,4.037,25.0,0.0,0.0,6.3,1164,5923,7897,01:56:51,7011,1720685719.71222
2024-07-11 10:15:20,5.06,0.815,4.123,25.0,0.0,0.0,6.2,1164,5923,7897,01:56:51,7011,1720685720.0525947
2024-07-11 10:15:20,5.06,0.815,4.123,25.0,0.0,0.0,6.2,1164,5924,7898,01:56:52,7012,1720685720.3920562
2024-07-11 10:15:20,5.05,0.835,4.216,25.0,0.0,0.0,6.0,1164,5924,7898,01:56:52,7012,1720685720.7420018
2024-07-11 10:15:21,5.06,0.766,3.875,25.0,0.01,0.0,6.6,1164,5924,7898,01:56:52,7012,1720685721.0737343
2024-07-11 10:15:21,5.06,0.766,3.875,25.0,0.01,0.0,6.6,1164,5925,7899,01:56:53,7013,1720685721.413451
2024-07-11 10:15:21,5.05,0.829,4.186,25.0,0.0,0.0,6.0,1164,5925,7899,01:56:53,7013,1720685721.7453861
2024-07-11 10:15:22,5.06,0.786,3.977,25.0,0.01,0.0,6.4,1164,5925,7899,01:56:53,7013,1720685722.093909
2024-07-11 10:15:22,5.06,0.786,3.977,25.0,0.01,0.0,6.4,1164,5927,7900,01:56:54,7014,1720685722.433898
2024-07-11 10:15:22,5.06,0.8,4.048,25.0,0.01,0.0,6.3,1164,5927,7900,01:56:54,7014,1720685722.8000772
2024-07-11 10:15:23,5.06,0.8,4.048,25.0,0.01,0.0,6.3,1164,5927,7900,01:56:55,7015,1720685723.114932
2024-07-11 10:15:23,5.06,0.8,4.048,25.0,0.01,0.0,6.3,1164,5928,7901,01:56:55,7015,1720685723.4552348
2024-07-11 10:15:23,5.07,0.72,3.65,25.0,0.01,0.0,7.0,1164,5928,7901,01:56:55,7015,1720685723.796422
2024-07-11 10:15:24,5.07,0.72,3.65,25.0,0.01,0.0,7.0,1164,5928,7901,01:56:56,7016,1720685724.135673
2024-07-11 10:15:24,5.06,0.803,4.063,25.0,0.01,0.0,6.3,1165,5929,7902,01:56:56,7016,1720685724.4754908
2024-07-11 10:15:24,5.06,0.763,3.86,25.0,0.01,0.0,6.6,1165,5929,7902,01:56:56,7016,1720685724.8176954
2024-07-11 10:15:25,5.06,0.763,3.86,25.0,0.01,0.0,6.6,1165,5929,7902,01:56:57,7017,1720685725.157719
2024-07-11 10:15:25,5.06,0.8,4.048,25.0,0.0,0.0,6.3,1165,5930,7903,01:56:57,7017,1720685725.4977374
2024-07-11 10:15:25,5.06,0.8,4.048,25.0,0.0,0.0,6.3,1165,5930,7903,01:56:57,7017,1720685725.8376627
2024-07-11 10:15:26,5.06,0.782,3.956,25.0,0.01,0.0,6.4,1165,5930,7903,01:56:58,7018,1720685726.1789691
2024-07-11 10:15:26,5.06,0.795,4.022,25.0,0.01,0.0,6.3,1165,5931,7904,01:56:58,7018,1720685726.5189543
2024-07-11 10:15:26,5.06,0.795,4.022,25.0,0.01,0.0,6.3,1165,5931,7904,01:56:58,7018,1720685726.858954
2024-07-11 10:15:27,5.06,0.79,3.997,25.0,0.01,0.0,6.4,1165,5932,7905,01:56:59,7019,1720685727.2027817
2024-07-11 10:15:27,5.06,0.779,3.941,25.0,0.0,0.0,6.4,1165,5932,7905,01:56:59,7019,1720685727.5396647
2024-07-11 10:15:27,5.06,0.779,3.941,25.0,0.0,0.0,6.4,1165,5932,7905,01:56:59,7019,1720685727.8801348
2024-07-11 10:15:28,5.06,0.776,3.926,25.0,0.0,0.0,6.5,1166,5933,7906,01:57:00,7020,1720685728.2218518
2024-07-11 10:15:28,5.06,0.776,3.926,25.0,0.0,0.0,6.5,1166,5933,7906,01:57:00,7020,1720685728.5627468
2024-07-11 10:15:28,5.06,0.774,3.916,25.0,0.01,0.0,6.5,1166,5933,7906,01:57:00,7020,1720685728.9026003
2024-07-11 10:15:29,5.07,0.721,3.655,25.0,0.01,0.0,7.0,1166,5934,7907,01:57:01,7021,1720685729.242641
2024-07-11 10:15:29,5.07,0.721,3.655,25.0,0.01,0.0,7.0,1166,5934,7907,01:57:01,7021,1720685729.583946
2024-07-11 10:15:29,5.06,0.758,3.835,25.0,0.01,0.0,6.6,1166,5934,7907,01:57:01,7021,1720685729.9239473
2024-07-11 10:15:30,5.06,0.757,3.83,25.0,0.01,0.0,6.6,1166,5935,7908,01:57:02,7022,1720685730.264915
2024-07-11 10:15:30,5.06,0.757,3.83,25.0,0.01,0.0,6.6,1166,5935,7908,01:57:02,7022,1720685730.6030338
2024-07-11 10:15:30,5.07,0.736,3.731,25.0,0.01,0.0,6.8,1166,5935,7908,01:57:02,7022,1720685730.944607
2024-07-11 10:15:31,5.07,0.736,3.731,25.0,0.01,0.0,6.8,1166,5936,7909,01:57:03,7023,1720685731.2854686
2024-07-11 10:15:31,5.06,0.767,3.881,25.0,0.01,0.0,6.5,1166,5936,7909,01:57:03,7023,1720685731.625967
2024-07-11 10:15:31,5.07,0.715,3.625,25.0,0.01,0.0,7.0,1166,5936,7909,01:57:03,7023,1720685731.9677207
2024-07-11 10:15:32,5.07,0.715,3.625,25.0,0.01,0.0,7.0,1166,5937,7910,01:57:04,7024,1720685732.317748
2024-07-11 10:15:32,5.07,0.731,3.706,25.0,0.01,0.0,6.9,1166,5937,7910,01:57:04,7024,1720685732.6481447
2024-07-11 10:15:32,5.05,0.82,4.141,25.0,0.0,0.0,6.1,1166,5937,7910,01:57:04,7024,1720685732.9890714
2024-07-11 10:15:33,5.05,0.82,4.141,25.0,0.0,0.0,6.1,1167,5938,7911,01:57:05,7025,1720685733.3329227
2024-07-11 10:15:33,5.07,0.721,3.655,25.0,0.01,0.0,7.0,1167,5938,7911,01:57:05,7025,1720685733.68059
2024-07-11 10:15:34,5.07,0.721,3.655,25.0,0.01,0.0,7.0,1167,5938,7911,01:57:05,7025,1720685734.0114675
2024-07-11 10:15:34,5.06,0.754,3.815,25.0,0.01,0.0,6.7,1167,5939,7912,01:57:06,7026,1720685734.3582563
2024-07-11 10:15:34,5.07,0.731,3.706,25.0,0.01,0.0,6.9,1167,5939,7912,01:57:06,7026,1720685734.6921756
2024-07-11 10:15:35,5.07,0.731,3.706,25.0,0.01,0.0,6.9,1167,5939,7912,01:57:06,7026,1720685735.0322247
2024-07-11 10:15:35,5.06,0.776,3.926,25.0,0.01,0.0,6.5,1167,5940,7913,01:57:07,7027,1720685735.3852568
2024-07-11 10:15:35,5.07,0.712,3.609,25.0,0.01,0.0,7.1,1167,5940,7913,01:57:07,7027,1720685735.715249
2024-07-11 10:15:36,5.07,0.712,3.609,25.0,0.01,0.0,7.1,1167,5940,7913,01:57:07,7027,1720685736.054902
2024-07-11 10:15:36,5.06,0.774,3.916,25.0,0.0,0.0,6.5,1167,5941,7914,01:57:08,7028,1720685736.396491
2024-07-11 10:15:36,5.06,0.774,3.916,25.0,0.0,0.0,6.5,1167,5941,7914,01:57:08,7028,1720685736.7364752
2024-07-11 10:15:37,5.07,0.723,3.665,25.0,0.01,0.0,7.0,1167,5941,7914,01:57:08,7028,1720685737.0777316
2024-07-11 10:15:37,5.07,0.72,3.65,25.0,0.01,0.0,7.0,1167,5943,7915,01:57:09,7029,1720685737.4177554
2024-07-11 10:15:37,5.07,0.72,3.65,25.0,0.01,0.0,7.0,1167,5943,7915,01:57:09,7029,1720685737.7589512
2024-07-11 10:15:38,5.07,0.717,3.635,25.0,0.01,0.0,7.0,1167,5943,7915,01:57:09,7029,1720685738.0999267
2024-07-11 10:15:38,5.06,0.756,3.825,25.0,0.01,0.0,6.6,1168,5944,7916,01:57:10,7030,1720685738.4404402
2024-07-11 10:15:38,5.06,0.756,3.825,25.0,0.01,0.0,6.6,1168,5944,7916,01:57:10,7030,1720685738.8027568
2024-07-11 10:15:39,5.06,0.765,3.87,25.0,0.01,0.0,6.6,1168,5944,7916,01:57:11,7031,1720685739.1215038
2024-07-11 10:15:39,5.06,0.765,3.87,25.0,0.01,0.0,6.6,1168,5945,7917,01:57:11,7031,1720685739.4619963
2024-07-11 10:15:39,5.07,0.737,3.736,25.0,0.01,0.0,6.8,1168,5945,7917,01:57:11,7031,1720685739.8027902
2024-07-11 10:15:40,5.06,0.772,3.906,25.0,0.01,0.0,6.5,1168,5945,7917,01:57:12,7032,1720685740.1440415
2024-07-11 10:15:40,5.06,0.772,3.906,25.0,0.01,0.0,6.5,1168,5946,7918,01:57:12,7032,1720685740.487751
2024-07-11 10:15:40,5.06,0.798,4.037,25.0,0.01,0.0,6.3,1168,5946,7918,01:57:12,7032,1720685740.8251107
2024-07-11 10:15:41,5.06,0.759,3.84,25.0,0.01,0.0,6.6,1168,5947,7919,01:57:13,7033,1720685741.1656058
2024-07-11 10:15:41,5.06,0.759,3.84,25.0,0.01,0.0,6.6,1168,5947,7919,01:57:13,7033,1720685741.5076864
2024-07-11 10:15:41,5.07,0.723,3.665,25.0,0.0,0.0,7.0,1168,5947,7919,01:57:13,7033,1720685741.851417
2024-07-11 10:15:42,5.07,0.723,3.665,25.0,0.0,0.0,7.0,1168,5948,7920,01:57:14,7034,1720685742.1889412
2024-07-11 10:15:42,5.06,0.759,3.84,25.0,0.0,0.0,6.6,1168,5948,7920,01:57:14,7034,1720685742.5301151
2024-07-11 10:15:42,5.07,0.724,3.67,25.0,0.01,0.0,7.0,1168,5948,7920,01:57:14,7034,1720685742.8727767
2024-07-11 10:15:43,5.07,0.724,3.67,25.0,0.01,0.0,7.0,1169,5949,7921,01:57:15,7035,1720685743.2109075
2024-07-11 10:15:43,5.07,0.718,3.64,25.0,0.01,0.0,7.0,1169,5949,7921,01:57:15,7035,1720685743.5527623
2024-07-11 10:15:43,5.06,0.748,3.784,25.0,0.01,0.0,6.7,1169,5949,7921,01:57:15,7035,1720685743.9202888
2024-07-11 10:15:44,5.06,0.748,3.784,25.0,0.01,0.0,6.7,1169,5950,7922,01:57:16,7036,1720685744.233902
2024-07-11 10:15:44,5.07,0.733,3.716,25.0,0.01,0.0,6.9,1169,5950,7922,01:57:16,7036,1720685744.5750473
2024-07-11 10:15:44,5.07,0.733,3.716,25.0,0.01,0.0,6.9,1169,5950,7922,01:57:16,7036,1720685744.9159682
2024-07-11 10:15:45,5.06,0.744,3.764,25.0,0.01,0.0,6.8,1169,5951,7923,01:57:17,7037,1720685745.2576518
2024-07-11 10:15:45,5.06,0.756,3.825,25.0,0.01,0.0,6.6,1169,5951,7923,01:57:17,7037,1720685745.5968947
2024-07-11 10:15:45,5.06,0.756,3.825,25.0,0.01,0.0,6.6,1169,5951,7923,01:57:17,7037,1720685745.9415278
2024-07-11 10:15:46,5.07,0.732,3.711,25.0,0.01,0.0,6.9,1169,5952,7924,01:57:18,7038,1720685746.2800703
2024-07-11 10:15:46,5.07,0.714,3.619,25.0,0.01,0.0,7.1,1169,5952,7924,01:57:18,7038,1720685746.6215115
2024-07-11 10:15:46,5.07,0.714,3.619,25.0,0.01,0.0,7.1,1169,5952,7924,01:57:18,7038,1720685746.9628198
2024-07-11 10:15:47,5.07,0.714,3.619,25.0,0.01,0.0,7.1,1169,5953,7925,01:57:19,7039,1720685747.3064933
2024-07-11 10:15:47,5.07,0.714,3.619,25.0,0.01,0.0,7.1,1169,5953,7925,01:57:19,7039,1720685747.6440175
2024-07-11 10:15:47,5.06,0.753,3.81,25.0,0.01,0.0,6.7,1169,5953,7925,01:57:19,7039,1720685747.9859514
2024-07-11 10:15:48,5.06,0.793,4.012,25.0,0.01,0.0,6.3,1170,5954,7926,01:57:20,7040,1720685748.3258328
2024-07-11 10:15:48,5.06,0.793,4.012,25.0,0.01,0.0,6.3,1170,5954,7926,01:57:20,7040,1720685748.6677608
2024-07-11 10:15:49,5.07,0.723,3.665,25.0,0.01,0.0,7.0,1170,5954,7926,01:57:20,7040,1720685749.0402668
2024-07-11 10:15:49,5.06,0.751,3.8,25.0,0.01,0.0,6.7,1170,5955,7927,01:57:21,7041,1720685749.3502827
2024-07-11 10:15:49,5.06,0.751,3.8,25.0,0.01,0.0,6.7,1170,5955,7927,01:57:21,7041,1720685749.6902869
2024-07-11 10:15:50,5.06,0.762,3.855,25.0,0.01,0.0,6.6,1170,5955,7927,01:57:21,7041,1720685750.033078
2024-07-11 10:15:50,5.06,0.762,3.855,25.0,0.01,0.0,6.6,1170,5956,7928,01:57:22,7042,1720685750.3726487
2024-07-11 10:15:50,5.07,0.735,3.726,25.0,0.01,0.0,6.8,1170,5956,7928,01:57:22,7042,1720685750.7139874
2024-07-11 10:15:51,5.07,0.712,3.609,25.0,0.01,0.0,7.1,1170,5956,7928,01:57:22,7042,1720685751.0551798
2024-07-11 10:15:51,5.07,0.712,3.609,25.0,0.01,0.0,7.1,1170,5957,7929,01:57:23,7043,1720685751.3972354
2024-07-11 10:15:51,5.07,0.715,3.625,25.0,0.01,0.0,7.0,1170,5957,7929,01:57:23,7043,1720685751.735855
2024-07-11 10:15:52,5.06,0.768,3.886,25.0,0.01,0.0,6.5,1170,5957,7929,01:57:23,7043,1720685752.077642
2024-07-11 10:15:52,5.06,0.768,3.886,25.0,0.01,0.0,6.5,1170,5958,7930,01:57:24,7044,1720685752.4189742
2024-07-11 10:15:52,5.06,0.777,3.931,25.0,0.01,0.0,6.5,1170,5958,7930,01:57:24,7044,1720685752.7602801
2024-07-11 10:15:53,5.06,0.777,3.931,25.0,0.01,0.0,6.5,1170,5958,7930,01:57:24,7044,1720685753.1015534
2024-07-11 10:15:53,5.07,0.734,3.721,25.0,0.01,0.0,6.9,1171,5959,7931,01:57:25,7045,1720685753.442656
2024-07-11 10:15:53,5.07,0.715,3.625,25.0,0.01,0.0,7.0,1171,5959,7931,01:57:25,7045,1720685753.7840703
2024-07-11 10:15:54,5.07,0.715,3.625,25.0,0.01,0.0,7.0,1171,5959,7931,01:57:26,7046,1720685754.1578047
2024-07-11 10:15:54,5.07,0.724,3.67,25.0,0.01,0.0,7.0,1171,5960,7932,01:57:26,7046,1720685754.466544
2024-07-11 10:15:54,5.06,0.757,3.83,25.0,0.01,0.0,6.6,1171,5960,7932,01:57:26,7046,1720685754.8072717
2024-07-11 10:15:55,5.06,0.757,3.83,25.0,0.01,0.0,6.6,1171,5961,7933,01:57:27,7047,1720685755.1488743
2024-07-11 10:15:55,5.06,0.762,3.855,25.0,0.01,0.0,6.6,1171,5961,7933,01:57:27,7047,1720685755.4902165
2024-07-11 10:15:55,5.06,0.762,3.855,25.0,0.01,0.0,6.6,1171,5961,7933,01:57:27,7047,1720685755.8315117
2024-07-11 10:15:56,5.06,0.744,3.764,25.0,0.01,0.0,6.8,1171,5962,7934,01:57:28,7048,1720685756.1740713
2024-07-11 10:15:56,5.07,0.721,3.655,25.0,0.01,0.0,7.0,1171,5962,7934,01:57:28,7048,1720685756.5163445
2024-07-11 10:15:56,5.07,0.721,3.655,25.0,0.01,0.0,7.0,1171,5962,7934,01:57:28,7048,1720685756.854864
2024-07-11 10:15:57,5.07,0.73,3.701,25.0,0.01,0.0,6.9,1172,5963,7935,01:57:29,7049,1720685757.1965384
2024-07-11 10:15:57,5.07,0.745,3.777,25.0,0.01,0.0,6.8,1172,5963,7935,01:57:29,7049,1720685757.5377636
2024-07-11 10:15:57,5.07,0.745,3.777,25.0,0.01,0.0,6.8,1172,5963,7935,01:57:29,7049,1720685757.8790443
2024-07-11 10:15:58,5.06,0.762,3.855,25.0,0.01,0.0,6.6,1172,5965,7936,01:57:30,7050,1720685758.220021
2024-07-11 10:15:58,5.06,0.762,3.855,25.0,0.01,0.0,6.6,1172,5965,7936,01:57:30,7050,1720685758.561406
2024-07-11 10:15:58,5.06,0.762,3.855,25.0,0.0,0.0,6.6,1172,5965,7936,01:57:30,7050,1720685758.9027135
2024-07-11 10:15:59,5.07,0.727,3.685,25.0,0.01,0.0,6.9,1172,5966,7937,01:57:31,7051,1720685759.2441022
2024-07-11 10:15:59,5.07,0.727,3.685,25.0,0.01,0.0,6.9,1172,5966,7937,01:57:31,7051,1720685759.585312
2024-07-11 10:15:59,5.07,0.727,3.685,25.0,0.01,0.0,6.9,1172,5966,7937,01:57:31,7051,1720685759.9265337
2024-07-11 10:16:00,5.07,0.736,3.731,25.0,0.01,0.0,6.8,1172,5967,7938,01:57:32,7052,1720685760.2677433
2024-07-11 10:16:00,5.07,0.736,3.731,25.0,0.01,0.0,6.8,1172,5967,7938,01:57:32,7052,1720685760.609074
2024-07-11 10:16:00,5.06,0.75,3.795,25.0,0.01,0.0,6.7,1172,5967,7938,01:57:32,7052,1720685760.950251
2024-07-11 10:16:01,5.06,0.75,3.795,25.0,0.01,0.0,6.7,1172,5968,7939,01:57:33,7053,1720685761.2927918
2024-07-11 10:16:01,5.07,0.744,3.772,25.0,0.01,0.0,6.8,1172,5968,7939,01:57:33,7053,1720685761.6325214
2024-07-11 10:16:01,5.07,0.738,3.741,25.0,0.01,0.0,6.8,1172,5968,7939,01:57:33,7053,1720685761.9735308
2024-07-11 10:16:02,5.07,0.738,3.741,25.0,0.01,0.0,6.8,1173,5969,7940,01:57:34,7054,1720685762.3152618
2024-07-11 10:16:02,5.07,0.742,3.761,25.0,0.01,0.0,6.8,1173,5969,7940,01:57:34,7054,1720685762.6565762
2024-07-11 10:16:02,5.07,0.73,3.701,25.0,0.01,0.0,6.9,1173,5969,7940,01:57:34,7054,1720685762.9971993
2024-07-11 10:16:03,5.07,0.73,3.701,25.0,0.01,0.0,6.9,1173,5970,7941,01:57:35,7055,1720685763.3477786
2024-07-11 10:16:03,5.07,0.734,3.721,25.0,0.01,0.0,6.9,1173,5970,7941,01:57:35,7055,1720685763.678575
2024-07-11 10:16:04,5.07,0.734,3.721,25.0,0.01,0.0,6.9,1173,5970,7941,01:57:35,7055,1720685764.022792
2024-07-11 10:16:04,5.06,0.754,3.815,25.0,0.01,0.0,6.7,1173,5971,7942,01:57:36,7056,1720685764.4003322
2024-07-11 10:16:04,5.07,0.744,3.772,25.0,0.01,0.0,6.8,1173,5971,7942,01:57:36,7056,1720685764.7028396
2024-07-11 10:16:05,5.07,0.744,3.772,25.0,0.01,0.0,6.8,1173,5971,7942,01:57:36,7056,1720685765.0448558
2024-07-11 10:16:05,5.06,0.75,3.795,25.0,0.01,0.0,6.7,1173,5972,7943,01:57:37,7057,1720685765.3923738
2024-07-11 10:16:05,5.07,0.721,3.655,25.0,0.01,0.0,7.0,1173,5972,7943,01:57:37,7057,1720685765.7266064
2024-07-11 10:16:06,5.07,0.721,3.655,25.0,0.01,0.0,7.0,1173,5972,7943,01:57:37,7057,1720685766.0677948
2024-07-11 10:16:06,5.07,0.739,3.746,25.0,0.01,0.0,6.8,1173,5973,7944,01:57:38,7058,1720685766.4090724
2024-07-11 10:16:06,5.07,0.739,3.746,25.0,0.01,0.0,6.8,1173,5973,7944,01:57:38,7058,1720685766.750314
2024-07-11 10:16:07,5.06,0.765,3.87,25.0,0.01,0.0,6.6,1173,5973,7944,01:57:38,7058,1720685767.0915685
2024-07-11 10:16:07,5.07,0.735,3.726,25.0,0.01,0.0,6.8,1174,5974,7945,01:57:39,7059,1720685767.4326444
2024-07-11 10:16:07,5.07,0.735,3.726,25.0,0.01,0.0,6.8,1174,5974,7945,01:57:39,7059,1720685767.7765727
2024-07-11 10:16:08,5.07,0.743,3.767,25.0,0.01,0.0,6.8,1174,5975,7946,01:57:40,7060,1720685768.114646
2024-07-11 10:16:08,5.07,0.726,3.68,25.0,0.01,0.0,6.9,1174,5975,7946,01:57:40,7060,1720685768.4675844
2024-07-11 10:16:08,5.07,0.726,3.68,25.0,0.01,0.0,6.9,1174,5975,7946,01:57:40,7060,1720685768.7974608
2024-07-11 10:16:09,5.07,0.74,3.751,25.0,0.01,0.0,6.8,1174,5976,7947,01:57:41,7061,1720685769.1390436
2024-07-11 10:16:09,5.07,0.74,3.751,25.0,0.01,0.0,6.8,1174,5976,7947,01:57:41,7061,1720685769.4803226
2024-07-11 10:16:09,5.06,0.751,3.8,25.0,0.01,0.0,6.7,1174,5976,7947,01:57:41,7061,1720685769.8215592
2024-07-11 10:16:10,5.07,0.717,3.635,25.0,0.01,0.0,7.0,1174,5977,7948,01:57:42,7062,1720685770.164106
2024-07-11 10:16:10,5.07,0.717,3.635,25.0,0.01,0.0,7.0,1174,5977,7948,01:57:42,7062,1720685770.5114038
2024-07-11 10:16:10,5.06,0.737,3.729,25.0,0.01,0.0,6.8,1174,5977,7948,01:57:42,7062,1720685770.843841
2024-07-11 10:16:11,5.06,0.757,3.83,25.0,0.01,0.0,6.6,1174,5978,7949,01:57:43,7063,1720685771.191603
2024-07-11 10:16:11,5.06,0.757,3.83,25.0,0.01,0.0,6.6,1174,5978,7949,01:57:43,7063,1720685771.5327668
2024-07-11 10:16:11,5.06,0.754,3.815,25.0,0.01,0.0,6.7,1174,5978,7949,01:57:43,7063,1720685771.8670075
2024-07-11 10:16:12,5.06,0.754,3.815,25.0,0.01,0.0,6.7,1175,5979,7950,01:57:44,7064,1720685772.2080452
2024-07-11 10:16:12,5.06,0.754,3.815,25.0,0.01,0.0,6.7,1175,5979,7950,01:57:44,7064,1720685772.5588374
2024-07-11 10:16:12,5.07,0.715,3.625,25.0,0.01,0.0,7.0,1175,5979,7950,01:57:44,7064,1720685772.8915894
2024-07-11 10:16:13,5.07,0.715,3.625,25.0,0.01,0.0,7.0,1175,5980,7951,01:57:45,7065,1720685773.2327816
2024-07-11 10:16:13,5.07,0.73,3.701,25.0,0.01,0.0,6.9,1175,5980,7951,01:57:45,7065,1720685773.5751443
2024-07-11 10:16:13,5.06,0.762,3.855,25.0,0.01,0.0,6.6,1175,5980,7951,01:57:45,7065,1720685773.9151583
2024-07-11 10:16:14,5.06,0.762,3.855,25.0,0.01,0.0,6.6,1175,5981,7952,01:57:46,7066,1720685774.2557232
2024-07-11 10:16:14,5.06,0.75,3.795,25.0,0.01,0.0,6.7,1175,5981,7952,01:57:46,7066,1720685774.5996742
2024-07-11 10:16:14,5.06,0.75,3.795,25.0,0.01,0.0,6.7,1175,5981,7952,01:57:46,7066,1720685774.9382792
2024-07-11 10:16:15,5.07,0.722,3.66,25.0,0.01,0.0,7.0,1175,5982,7953,01:57:47,7067,1720685775.2807426
2024-07-11 10:16:15,5.07,0.722,3.66,25.0,0.01,0.0,7.0,1175,5982,7953,01:57:47,7067,1720685775.629496
2024-07-11 10:16:15,5.07,0.722,3.66,25.0,0.01,0.0,7.0,1175,5982,7953,01:57:47,7067,1720685775.9628608
2024-07-11 10:16:16,5.06,0.747,3.779,25.0,0.01,0.0,6.7,1175,5983,7954,01:57:48,7068,1720685776.3039708
2024-07-11 10:16:16,5.06,0.77,3.896,25.0,0.01,0.0,6.5,1175,5983,7954,01:57:48,7068,1720685776.6515875
2024-07-11 10:16:16,5.06,0.77,3.896,25.0,0.01,0.0,6.5,1175,5983,7954,01:57:48,7068,1720685776.9865916
2024-07-11 10:16:17,5.06,0.768,3.886,25.0,0.0,0.0,6.5,1176,5984,7955,01:57:49,7069,1720685777.3265896
2024-07-11 10:16:17,5.06,0.768,3.886,25.0,0.0,0.0,6.5,1176,5984,7955,01:57:49,7069,1720685777.6691146
2024-07-11 10:16:18,5.07,0.714,3.619,25.0,0.01,0.0,7.1,1176,5984,7955,01:57:49,7069,1720685778.0090952
2024-07-11 10:16:18,5.07,0.715,3.625,25.0,0.01,0.0,7.0,1176,5985,7956,01:57:50,7070,1720685778.3503044
2024-07-11 10:16:18,5.07,0.715,3.625,25.0,0.01,0.0,7.0,1176,5985,7956,01:57:50,7070,1720685778.7012248
2024-07-11 10:16:19,5.07,0.728,3.69,25.0,0.01,0.0,6.9,1176,5985,7956,01:57:50,7070,1720685779.0325832
2024-07-11 10:16:19,5.06,0.77,3.896,25.0,0.01,0.0,6.5,1176,5986,7957,01:57:51,7071,1720685779.374066
2024-07-11 10:16:19,5.06,0.77,3.896,25.0,0.01,0.0,6.5,1176,5986,7957,01:57:51,7071,1720685779.7153034
2024-07-11 10:16:20,5.06,0.773,3.911,25.0,0.01,0.0,6.5,1176,5986,7957,01:57:51,7071,1720685780.056586
2024-07-11 10:16:20,5.06,0.773,3.911,25.0,0.01,0.0,6.5,1176,5987,7958,01:57:52,7072,1720685780.4007692
2024-07-11 10:16:20,5.07,0.727,3.685,25.0,0.01,0.0,6.9,1176,5987,7958,01:57:52,7072,1720685780.7390912
2024-07-11 10:16:21,5.07,0.716,3.63,25.0,0.01,0.0,7.0,1176,5988,7959,01:57:52,7072,1720685781.0798526
2024-07-11 10:16:21,5.07,0.716,3.63,25.0,0.01,0.0,7.0,1176,5988,7959,01:57:53,7073,1720685781.4216053
2024-07-11 10:16:21,5.07,0.732,3.711,25.0,0.0,0.0,6.9,1176,5988,7959,01:57:53,7073,1720685781.7627828
2024-07-11 10:16:22,5.06,0.761,3.85,25.0,0.0,0.0,6.6,1177,5990,7960,01:57:54,7074,1720685782.1035156
2024-07-11 10:16:22,5.06,0.761,3.85,25.0,0.0,0.0,6.6,1177,5990,7960,01:57:54,7074,1720685782.4449482
2024-07-11 10:16:22,5.06,0.754,3.815,25.0,0.01,0.0,6.7,1177,5990,7960,01:57:54,7074,1720685782.7859206
2024-07-11 10:16:23,5.06,0.754,3.815,25.0,0.01,0.0,6.7,1177,5991,7961,01:57:55,7075,1720685783.127617
2024-07-11 10:16:23,5.07,0.723,3.665,25.0,0.01,0.0,7.0,1177,5991,7961,01:57:55,7075,1720685783.4708557
2024-07-11 10:16:23,5.07,0.732,3.711,25.0,0.01,0.0,6.9,1177,5991,7961,01:57:55,7075,1720685783.8098567
2024-07-11 10:16:24,5.07,0.732,3.711,25.0,0.01,0.0,6.9,1177,5992,7962,01:57:56,7076,1720685784.1516101
2024-07-11 10:16:24,5.06,0.748,3.784,25.0,0.01,0.0,6.7,1177,5992,7962,01:57:56,7076,1720685784.4929593
2024-07-11 10:16:24,5.06,0.743,3.759,25.0,0.01,0.0,6.8,1177,5992,7962,01:57:56,7076,1720685784.834121
2024-07-11 10:16:25,5.06,0.743,3.759,25.0,0.01,0.0,6.8,1177,5993,7963,01:57:57,7077,1720685785.1753497
2024-07-11 10:16:25,5.07,0.731,3.706,25.0,0.01,0.0,6.9,1177,5993,7963,01:57:57,7077,1720685785.5205247
2024-07-11 10:16:25,5.07,0.731,3.706,25.0,0.01,0.0,6.9,1177,5993,7963,01:57:57,7077,1720685785.8558633
2024-07-11 10:16:26,5.07,0.742,3.761,25.0,0.01,0.0,6.8,1177,5994,7964,01:57:58,7078,1720685786.198997
2024-07-11 10:16:26,5.06,0.762,3.855,25.0,0.0,0.0,6.6,1177,5994,7964,01:57:58,7078,1720685786.5396156
2024-07-11 10:16:26,5.06,0.762,3.855,25.0,0.0,0.0,6.6,1177,5994,7964,01:57:58,7078,1720685786.880753
2024-07-11 10:16:27,5.06,0.749,3.789,25.0,0.01,0.0,6.7,1178,5995,7965,01:57:59,7079,1720685787.2221787
2024-07-11 10:16:27,5.07,0.727,3.685,25.0,0.01,0.0,6.9,1178,5995,7965,01:57:59,7079,1720685787.5636632
2024-07-11 10:16:27,5.07,0.727,3.685,25.0,0.01,0.0,6.9,1178,5995,7965,01:57:59,7079,1720685787.9039674
2024-07-11 10:16:28,5.07,0.729,3.696,25.0,0.01,0.0,6.9,1178,5996,7966,01:58:00,7080,1720685788.246351
2024-07-11 10:16:28,5.07,0.729,3.696,25.0,0.01,0.0,6.9,1178,5996,7966,01:58:00,7080,1720685788.5861585
2024-07-11 10:16:28,5.07,0.73,3.701,25.0,0.01,0.0,6.9,1178,5996,7966,01:58:00,7080,1720685788.9277496
2024-07-11 10:16:29,5.07,0.744,3.772,25.0,0.01,0.0,6.8,1178,5997,7967,01:58:01,7081,1720685789.2689898
2024-07-11 10:16:29,5.07,0.744,3.772,25.0,0.01,0.0,6.8,1178,5997,7967,01:58:01,7081,1720685789.6097338
2024-07-11 10:16:29,5.06,0.77,3.896,25.0,0.01,0.0,6.5,1178,5997,7967,01:58:01,7081,1720685789.951621
2024-07-11 10:16:30,5.07,0.73,3.701,25.0,0.0,0.0,6.9,1178,5998,7968,01:58:02,7082,1720685790.292848
2024-07-11 10:16:30,5.07,0.73,3.701,25.0,0.0,0.0,6.9,1178,5998,7968,01:58:02,7082,1720685790.6406415
2024-07-11 10:16:30,5.07,0.739,3.746,25.0,0.01,0.0,6.8,1178,5998,7968,01:58:02,7082,1720685790.9754071
2024-07-11 10:16:31,5.07,0.739,3.746,25.0,0.01,0.0,6.8,1179,5999,7969,01:58:03,7083,1720685791.3164072
2024-07-11 10:16:31,5.07,0.741,3.756,25.0,0.01,0.0,6.8,1179,5999,7969,01:58:03,7083,1720685791.6578846
2024-07-11 10:16:31,5.07,0.722,3.66,25.0,0.01,0.0,7.0,1179,5999,7969,01:58:03,7083,1720685791.9991527
2024-07-11 10:16:32,5.07,0.722,3.66,25.0,0.01,0.0,7.0,1179,6000,7970,01:58:04,7084,1720685792.339932
2024-07-11 10:16:32,5.06,0.777,3.931,25.0,0.01,0.0,6.5,1179,6000,7970,01:58:04,7084,1720685792.6810045
2024-07-11 10:16:33,5.06,0.752,3.805,25.0,0.01,0.0,6.7,1179,6000,7970,01:58:04,7084,1720685793.0228717
2024-07-11 10:16:33,5.06,0.752,3.805,25.0,0.01,0.0,6.7,1179,6001,7971,01:58:05,7085,1720685793.3641515
2024-07-11 10:16:33,5.06,0.745,3.769,25.0,0.01,0.0,6.7,1179,6001,7971,01:58:05,7085,1720685793.705224
2024-07-11 10:16:34,5.06,0.745,3.769,25.0,0.01,0.0,6.7,1179,6001,7971,01:58:05,7085,1720685794.0491142
2024-07-11 10:16:34,5.07,0.74,3.751,25.0,0.01,0.0,6.8,1179,6002,7972,01:58:06,7086,1720685794.3878236
2024-07-11 10:16:34,5.07,0.726,3.68,25.0,0.01,0.0,6.9,1179,6002,7972,01:58:06,7086,1720685794.7289784
2024-07-11 10:16:35,5.07,0.726,3.68,25.0,0.01,0.0,6.9,1179,6003,7973,01:58:06,7086,1720685795.0703614
2024-07-11 10:16:35,5.06,0.768,3.886,25.0,0.0,0.0,6.5,1179,6003,7973,01:58:07,7087,1720685795.411783
2024-07-11 10:16:35,5.07,0.744,3.772,25.0,0.0,0.0,6.8,1179,6003,7973,01:58:07,7087,1720685795.760592
2024-07-11 10:16:36,5.07,0.744,3.772,25.0,0.0,0.0,6.8,1180,6004,7974,01:58:07,7087,1720685796.0937314
2024-07-11 10:16:36,5.06,0.751,3.8,25.0,0.0,0.0,6.7,1180,6004,7974,01:58:08,7088,1720685796.4353447
2024-07-11 10:16:36,5.06,0.751,3.8,25.0,0.0,0.0,6.7,1180,6004,7974,01:58:08,7088,1720685796.7766674
2024-07-11 10:16:37,5.07,0.732,3.711,25.0,0.0,0.0,6.9,1180,6005,7975,01:58:09,7089,1720685797.117913
2024-07-11 10:16:37,5.07,0.742,3.761,25.0,0.0,0.0,6.8,1180,6005,7975,01:58:09,7089,1720685797.4587858
2024-07-11 10:16:37,5.07,0.742,3.761,25.0,0.0,0.0,6.8,1180,6005,7975,01:58:09,7089,1720685797.8004405
2024-07-11 10:16:38,5.06,0.759,3.84,25.0,0.0,0.0,6.6,1180,6006,7976,01:58:10,7090,1720685798.1441603
2024-07-11 10:16:38,5.07,0.733,3.716,25.0,0.0,0.0,6.9,1180,6006,7976,01:58:10,7090,1720685798.4829924
2024-07-11 10:16:38,5.07,0.733,3.716,25.0,0.0,0.0,6.9,1180,6006,7976,01:58:10,7090,1720685798.8391366
2024-07-11 10:16:39,5.07,0.726,3.68,25.0,0.0,0.0,6.9,1180,6007,7977,01:58:11,7091,1720685799.165147
2024-07-11 10:16:39,5.07,0.726,3.68,25.0,0.0,0.0,6.9,1180,6007,7977,01:58:11,7091,1720685799.5063984
2024-07-11 10:16:39,5.07,0.736,3.731,25.0,0.0,0.0,6.8,1180,6007,7977,01:58:11,7091,1720685799.847967
2024-07-11 10:16:40,5.07,0.741,3.756,25.0,0.0,0.0,6.8,1180,6008,7978,01:58:12,7092,1720685800.1891613
2024-07-11 10:16:40,5.07,0.741,3.756,25.0,0.0,0.0,6.8,1180,6008,7978,01:58:12,7092,1720685800.5304086
2024-07-11 10:16:40,5.06,0.777,3.931,25.0,0.0,0.0,6.5,1180,6008,7978,01:58:12,7092,1720685800.8805764
2024-07-11 10:16:41,5.07,0.731,3.706,25.0,0.0,0.0,6.9,1181,6009,7979,01:58:13,7093,1720685801.215153
2024-07-11 10:16:41,5.07,0.731,3.706,25.0,0.0,0.0,6.9,1181,6009,7979,01:58:13,7093,1720685801.5541093
2024-07-11 10:16:41,5.07,0.737,3.736,25.0,0.0,0.0,6.8,1181,6009,7979,01:58:13,7093,1720685801.8953724
2024-07-11 10:16:42,5.07,0.737,3.736,25.0,0.0,0.0,6.8,1181,6010,7980,01:58:14,7094,1720685802.236635
2024-07-11 10:16:42,5.07,0.73,3.701,25.0,0.0,0.0,6.9,1181,6010,7980,01:58:14,7094,1720685802.5771835
2024-07-11 10:16:42,5.07,0.745,3.777,25.0,0.0,0.0,6.8,1181,6010,7980,01:58:14,7094,1720685802.9187653
2024-07-11 10:16:43,5.07,0.745,3.777,25.0,0.0,0.0,6.8,1181,6011,7981,01:58:15,7095,1720685803.260412
2024-07-11 10:16:43,5.06,0.76,3.845,25.0,0.0,0.0,6.6,1181,6011,7981,01:58:15,7095,1720685803.6016498
2024-07-11 10:16:43,5.07,0.737,3.736,25.0,0.0,0.0,6.8,1181,6011,7981,01:58:15,7095,1720685803.9424565
2024-07-11 10:16:44,5.07,0.737,3.736,25.0,0.0,0.0,6.8,1181,6013,7982,01:58:16,7096,1720685804.2835
2024-07-11 10:16:44,5.07,0.738,3.741,25.0,0.0,0.0,6.8,1181,6013,7982,01:58:16,7096,1720685804.6254246
2024-07-11 10:16:44,5.07,0.738,3.741,25.0,0.0,0.0,6.8,1181,6013,7982,01:58:16,7096,1720685804.9662802
2024-07-11 10:16:45,5.07,0.737,3.736,25.0,0.0,0.0,6.8,1181,6014,7983,01:58:17,7097,1720685805.3096383
2024-07-11 10:16:45,5.07,0.737,3.736,25.0,0.0,0.0,6.8,1181,6014,7983,01:58:17,7097,1720685805.6489186
2024-07-11 10:16:46,5.07,0.737,3.736,25.0,0.0,0.0,6.8,1181,6014,7983,01:58:17,7097,1720685806.0001194
2024-07-11 10:16:46,5.06,0.772,3.906,25.0,0.0,0.0,6.5,1182,6015,7984,01:58:18,7098,1720685806.3306644
2024-07-11 10:16:46,5.07,0.725,3.675,25.0,0.0,0.0,6.9,1182,6015,7984,01:58:18,7098,1720685806.6753528
2024-07-11 10:16:47,5.07,0.725,3.675,25.0,0.0,0.0,6.9,1182,6015,7984,01:58:18,7098,1720685807.0134003
2024-07-11 10:16:47,5.07,0.717,3.635,25.0,0.0,0.0,7.0,1182,6016,7985,01:58:19,7099,1720685807.3552809
2024-07-11 10:16:47,5.07,0.717,3.635,25.0,0.0,0.0,7.0,1182,6016,7985,01:58:19,7099,1720685807.695838
2024-07-11 10:16:48,5.07,0.741,3.756,25.0,0.0,0.0,6.8,1182,6017,7986,01:58:19,7099,1720685808.0401351
2024-07-11 10:16:48,5.06,0.763,3.86,25.0,0.0,0.0,6.6,1182,6017,7986,01:58:20,7100,1720685808.37879
2024-07-11 10:16:48,5.06,0.763,3.86,25.0,0.0,0.0,6.6,1182,6017,7986,01:58:20,7100,1720685808.7204351
2024-07-11 10:16:49,5.06,0.75,3.795,25.0,0.01,0.0,6.7,1182,6018,7987,01:58:20,7100,1720685809.061622
2024-07-11 10:16:49,5.07,0.73,3.701,25.0,0.01,0.0,6.9,1182,6018,7987,01:58:21,7101,1720685809.4024684
2024-07-11 10:16:49,5.07,0.73,3.701,25.0,0.01,0.0,6.9,1182,6018,7987,01:58:21,7101,1720685809.7440763
2024-07-11 10:16:50,5.07,0.722,3.66,25.0,0.01,0.0,7.0,1182,6019,7988,01:58:21,7101,1720685810.0853808
2024-07-11 10:16:50,5.07,0.722,3.66,25.0,0.01,0.0,7.0,1182,6019,7988,01:58:22,7102,1720685810.429171
2024-07-11 10:16:50,5.07,0.746,3.782,25.0,0.01,0.0,6.7,1182,6019,7988,01:58:22,7102,1720685810.7679052
2024-07-11 10:16:51,5.06,0.783,3.961,25.0,0.0,0.0,6.4,1183,6020,7989,01:58:23,7103,1720685811.1199443
2024-07-11 10:16:51,5.06,0.783,3.961,25.0,0.0,0.0,6.4,1183,6020,7989,01:58:23,7103,1720685811.4500544
2024-07-11 10:16:51,5.06,0.75,3.795,25.0,0.01,0.0,6.7,1183,6020,7989,01:58:23,7103,1720685811.793178
2024-07-11 10:16:52,5.07,0.724,3.67,25.0,0.01,0.0,7.0,1183,6021,7990,01:58:24,7104,1720685812.132608
2024-07-11 10:16:52,5.07,0.724,3.67,25.0,0.01,0.0,7.0,1183,6021,7990,01:58:24,7104,1720685812.4734538
2024-07-11 10:16:52,5.07,0.739,3.746,25.0,0.01,0.0,6.8,1183,6021,7990,01:58:24,7104,1720685812.8148081
2024-07-11 10:16:53,5.07,0.739,3.746,25.0,0.01,0.0,6.8,1183,6022,7991,01:58:25,7105,1720685813.156383
2024-07-11 10:16:53,5.07,0.734,3.721,25.0,0.01,0.0,6.9,1183,6022,7991,01:58:25,7105,1720685813.4966042
2024-07-11 10:16:53,5.06,0.759,3.84,25.0,0.01,0.0,6.6,1183,6022,7991,01:58:25,7105,1720685813.8377852
2024-07-11 10:16:54,5.06,0.759,3.84,25.0,0.01,0.0,6.6,1183,6023,7992,01:58:26,7106,1720685814.1790297
2024-07-11 10:16:54,5.07,0.744,3.772,25.0,0.01,0.0,6.8,1183,6023,7992,01:58:26,7106,1720685814.5195775
2024-07-11 10:16:54,5.07,0.735,3.726,25.0,0.01,0.0,6.8,1183,6023,7992,01:58:26,7106,1720685814.861536
2024-07-11 10:16:55,5.07,0.735,3.726,25.0,0.01,0.0,6.8,1183,6024,7993,01:58:27,7107,1720685815.202449
2024-07-11 10:16:55,5.07,0.722,3.66,25.0,0.01,0.0,7.0,1183,6024,7993,01:58:27,7107,1720685815.5442011
2024-07-11 10:16:55,5.07,0.722,3.66,25.0,0.01,0.0,7.0,1183,6024,7993,01:58:27,7107,1720685815.885437
2024-07-11 10:16:56,5.07,0.732,3.711,25.0,0.01,0.0,6.9,1184,6025,7994,01:58:28,7108,1720685816.2401826
2024-07-11 10:16:56,5.06,0.776,3.926,25.0,0.01,0.0,6.5,1184,6025,7994,01:58:28,7108,1720685816.5674176
2024-07-11 10:16:56,5.06,0.776,3.926,25.0,0.01,0.0,6.5,1184,6025,7994,01:58:28,7108,1720685816.9091852
2024-07-11 10:16:57,5.06,0.758,3.835,25.0,0.01,0.0,6.6,1184,6026,7995,01:58:29,7109,1720685817.2504494
2024-07-11 10:16:57,5.07,0.721,3.655,25.0,0.01,0.0,7.0,1184,6026,7995,01:58:29,7109,1720685817.5916917
2024-07-11 10:16:57,5.07,0.721,3.655,25.0,0.01,0.0,7.0,1184,6026,7995,01:58:29,7109,1720685817.9330692
2024-07-11 10:16:58,5.07,0.721,3.655,25.0,0.01,0.0,7.0,1184,6027,7996,01:58:30,7110,1720685818.2741861
2024-07-11 10:16:58,5.07,0.721,3.655,25.0,0.01,0.0,7.0,1184,6027,7996,01:58:30,7110,1720685818.6154547
2024-07-11 10:16:58,5.07,0.735,3.726,25.0,0.01,0.0,6.8,1184,6027,7996,01:58:30,7110,1720685818.9566643
2024-07-11 10:16:59,5.06,0.762,3.855,25.0,0.01,0.0,6.6,1184,6028,7997,01:58:31,7111,1720685819.2979233
2024-07-11 10:16:59,5.06,0.762,3.855,25.0,0.01,0.0,6.6,1184,6028,7997,01:58:31,7111,1720685819.641519
2024-07-11 10:16:59,5.06,0.777,3.931,25.0,0.0,0.0,6.5,1184,6028,7997,01:58:31,7111,1720685819.9800062
2024-07-11 10:17:00,5.07,0.721,3.655,25.0,0.0,0.0,7.0,1184,6029,7998,01:58:32,7112,1720685820.321696
2024-07-11 10:17:00,5.07,0.721,3.655,25.0,0.0,0.0,7.0,1184,6029,7998,01:58:32,7112,1720685820.6627307
2024-07-11 10:17:01,5.07,0.722,3.66,25.0,0.01,0.0,7.0,1185,6030,7999,01:58:32,7112,1720685821.0041528
2024-07-11 10:17:01,5.07,0.722,3.66,25.0,0.01,0.0,7.0,1185,6030,7999,01:58:33,7113,1720685821.3605049
2024-07-11 10:17:01,5.06,0.752,3.805,25.0,0.0,0.0,6.7,1185,6030,7999,01:58:33,7113,1720685821.6866927
2024-07-11 10:17:02,5.07,0.727,3.685,25.0,0.0,0.0,6.9,1185,6031,8000,01:58:33,7113,1720685822.0279672
2024-07-11 10:17:02,5.07,0.727,3.685,25.0,0.0,0.0,6.9,1185,6031,8000,01:58:34,7114,1720685822.3690434
2024-07-11 10:17:02,5.06,0.775,3.921,25.0,0.0,0.0,6.5,1185,6031,8000,01:58:34,7114,1720685822.710486
2024-07-11 10:17:03,5.07,0.727,3.685,25.0,0.0,0.0,6.9,1185,6032,8001,01:58:34,7114,1720685823.0512426
2024-07-11 10:17:03,5.07,0.727,3.685,25.0,0.0,0.0,6.9,1185,6032,8001,01:58:35,7115,1720685823.392802
2024-07-11 10:17:03,5.07,0.722,3.66,25.0,0.0,0.0,7.0,1185,6032,8001,01:58:35,7115,1720685823.7334652
2024-07-11 10:17:04,5.07,0.722,3.66,25.0,0.0,0.0,7.0,1185,6033,8002,01:58:35,7115,1720685824.0754871
2024-07-11 10:17:04,5.07,0.731,3.706,25.0,0.0,0.0,6.9,1185,6033,8002,01:58:36,7116,1720685824.416762
2024-07-11 10:17:04,5.06,0.762,3.855,25.0,0.0,0.0,6.6,1185,6033,8002,01:58:36,7116,1720685824.7589166
2024-07-11 10:17:05,5.06,0.762,3.855,25.0,0.0,0.0,6.6,1186,6034,8003,01:58:36,7116,1720685825.099082
2024-07-11 10:17:05,5.06,0.788,3.987,25.0,0.0,0.0,6.4,1186,6034,8003,01:58:37,7117,1720685825.440491
2024-07-11 10:17:05,5.07,0.722,3.66,25.0,0.0,0.0,7.0,1186,6034,8003,01:58:37,7117,1720685825.7819424
2024-07-11 10:17:06,5.07,0.722,3.66,25.0,0.0,0.0,7.0,1186,6035,8004,01:58:38,7118,1720685826.1227665
2024-07-11 10:17:06,5.07,0.731,3.706,25.0,0.0,0.0,6.9,1186,6035,8004,01:58:38,7118,1720685826.4813297
2024-07-11 10:17:06,5.07,0.731,3.706,25.0,0.0,0.0,6.9,1186,6035,8004,01:58:38,7118,1720685826.8053532
2024-07-11 10:17:07,5.07,0.73,3.701,25.0,0.0,0.0,6.9,1186,6037,8005,01:58:39,7119,1720685827.146388
2024-07-11 10:17:07,5.06,0.762,3.855,25.0,0.0,0.0,6.6,1186,6037,8005,01:58:39,7119,1720685827.4877353
2024-07-11 10:17:07,5.06,0.762,3.855,25.0,0.0,0.0,6.6,1186,6037,8005,01:58:39,7119,1720685827.8282905
2024-07-11 10:17:08,5.06,0.767,3.881,25.0,0.0,0.0,6.5,1186,6038,8006,01:58:40,7120,1720685828.17179
2024-07-11 10:17:08,5.07,0.722,3.66,25.0,0.0,0.0,7.0,1186,6038,8006,01:58:40,7120,1720685828.5107036
2024-07-11 10:17:08,5.07,0.722,3.66,25.0,0.0,0.0,7.0,1186,6038,8006,01:58:40,7120,1720685828.851775
2024-07-11 10:17:09,5.07,0.715,3.625,25.0,0.0,0.0,7.0,1186,6039,8007,01:58:41,7121,1720685829.193017
2024-07-11 10:17:09,5.07,0.715,3.625,25.0,0.0,0.0,7.0,1186,6039,8007,01:58:41,7121,1720685829.534238
2024-07-11 10:17:09,5.07,0.741,3.756,25.0,0.0,0.0,6.8,1186,6039,8007,01:58:41,7121,1720685829.8745549
2024-07-11 10:17:10,5.06,0.782,3.956,25.0,0.0,0.0,6.4,1187,6040,8008,01:58:42,7122,1720685830.2165413
2024-07-11 10:17:10,5.06,0.782,3.956,25.0,0.0,0.0,6.4,1187,6040,8008,01:58:42,7122,1720685830.5580063
2024-07-11 10:17:10,5.06,0.76,3.845,25.0,0.0,0.0,6.6,1187,6040,8008,01:58:42,7122,1720685830.8992517
2024-07-11 10:17:11,5.07,0.717,3.635,25.0,0.0,0.0,7.0,1187,6041,8009,01:58:43,7123,1720685831.242855
2024-07-11 10:17:11,5.07,0.717,3.635,25.0,0.0,0.0,7.0,1187,6041,8009,01:58:43,7123,1720685831.6027696
2024-07-11 10:17:11,5.07,0.72,3.65,25.0,0.0,0.0,7.0,1187,6041,8009,01:58:43,7123,1720685831.9228828
2024-07-11 10:17:12,5.07,0.72,3.65,25.0,0.0,0.0,7.0,1187,6042,8010,01:58:44,7124,1720685832.2667449
2024-07-11 10:17:12,5.07,0.737,3.736,25.0,0.0,0.0,6.8,1187,6042,8010,01:58:44,7124,1720685832.6047294
2024-07-11 10:17:12,5.06,0.789,3.992,25.0,0.0,0.0,6.4,1187,6042,8010,01:58:44,7124,1720685832.946755
2024-07-11 10:17:13,5.06,0.789,3.992,25.0,0.0,0.0,6.4,1187,6043,8011,01:58:45,7125,1720685833.289557
2024-07-11 10:17:13,5.07,0.732,3.711,25.0,0.0,0.0,6.9,1187,6043,8011,01:58:45,7125,1720685833.6288273
2024-07-11 10:17:13,5.07,0.733,3.716,25.0,0.0,0.0,6.9,1187,6044,8012,01:58:45,7125,1720685833.9704764
2024-07-11 10:17:14,5.07,0.733,3.716,25.0,0.0,0.0,6.9,1187,6044,8012,01:58:46,7126,1720685834.311769
2024-07-11 10:17:14,5.07,0.734,3.721,25.0,0.0,0.0,6.9,1187,6044,8012,01:58:46,7126,1720685834.6529057
2024-07-11 10:17:14,5.07,0.734,3.721,25.0,0.0,0.0,6.9,1188,6045,8013,01:58:46,7126,1720685834.9941907
2024-07-11 10:17:15,5.07,0.743,3.767,25.0,0.0,0.0,6.8,1188,6045,8013,01:58:47,7127,1720685835.3355412
2024-07-11 10:17:15,5.06,0.754,3.815,25.0,0.01,0.0,6.7,1188,6045,8013,01:58:47,7127,1720685835.6767318
2024-07-11 10:17:16,5.06,0.754,3.815,25.0,0.01,0.0,6.7,1188,6046,8014,01:58:47,7127,1720685836.0177069
2024-07-11 10:17:16,5.07,0.724,3.67,25.0,0.01,0.0,7.0,1188,6046,8014,01:58:48,7128,1720685836.3592424
2024-07-11 10:17:16,5.06,0.746,3.774,25.0,0.01,0.0,6.7,1188,6046,8014,01:58:48,7128,1720685836.720091
2024-07-11 10:17:17,5.06,0.746,3.774,25.0,0.01,0.0,6.7,1188,6047,8015,01:58:48,7128,1720685837.0409572
2024-07-11 10:17:17,5.06,0.744,3.764,25.0,0.01,0.0,6.8,1188,6047,8015,01:58:49,7129,1720685837.3828316
2024-07-11 10:17:17,5.06,0.744,3.764,25.0,0.01,0.0,6.8,1188,6047,8015,01:58:49,7129,1720685837.7226903
2024-07-11 10:17:18,5.06,0.751,3.8,25.0,0.01,0.0,6.7,1188,6048,8016,01:58:49,7129,1720685838.0654945
2024-07-11 10:17:18,5.06,0.75,3.795,25.0,0.01,0.0,6.7,1188,6048,8016,01:58:50,7130,1720685838.4091337
2024-07-11 10:17:18,5.06,0.75,3.795,25.0,0.01,0.0,6.7,1188,6048,8016,01:58:50,7130,1720685838.7467563
2024-07-11 10:17:19,5.07,0.731,3.706,25.0,0.01,0.0,6.9,1188,6049,8017,01:58:50,7130,1720685839.0879924
2024-07-11 10:17:19,5.07,0.731,3.706,25.0,0.01,0.0,6.9,1188,6049,8017,01:58:51,7131,1720685839.434256
2024-07-11 10:17:19,5.07,0.731,3.706,25.0,0.01,0.0,6.9,1188,6049,8017,01:58:51,7131,1720685839.770557
2024-07-11 10:17:20,5.07,0.737,3.736,25.0,0.01,0.0,6.8,1189,6050,8018,01:58:52,7132,1720685840.1112072
2024-07-11 10:17:20,5.07,0.737,3.736,25.0,0.01,0.0,6.8,1189,6050,8018,01:58:52,7132,1720685840.452156
2024-07-11 10:17:20,5.06,0.774,3.916,25.0,0.01,0.0,6.5,1189,6050,8018,01:58:52,7132,1720685840.7933872
2024-07-11 10:17:21,5.06,0.755,3.82,25.0,0.0,0.0,6.7,1189,6051,8019,01:58:53,7133,1720685841.1353211
2024-07-11 10:17:21,5.06,0.755,3.82,25.0,0.0,0.0,6.7,1189,6051,8019,01:58:53,7133,1720685841.4763992
2024-07-11 10:17:21,5.07,0.74,3.751,25.0,0.0,0.0,6.8,1189,6051,8019,01:58:53,7133,1720685841.8409195
2024-07-11 10:17:22,5.07,0.719,3.645,25.0,0.01,0.0,7.0,1189,6052,8020,01:58:54,7134,1720685842.1592793
2024-07-11 10:17:22,5.07,0.719,3.645,25.0,0.01,0.0,7.0,1189,6052,8020,01:58:54,7134,1720685842.5005698
2024-07-11 10:17:22,5.07,0.722,3.66,25.0,0.01,0.0,7.0,1189,6052,8020,01:58:54,7134,1720685842.84172
2024-07-11 10:17:23,5.07,0.722,3.66,25.0,0.01,0.0,7.0,1189,6053,8021,01:58:55,7135,1720685843.1829176
2024-07-11 10:17:23,5.06,0.789,3.992,25.0,0.0,0.0,6.4,1189,6053,8021,01:58:55,7135,1720685843.5240314
2024-07-11 10:17:23,5.07,0.734,3.721,25.0,0.0,0.0,6.9,1189,6053,8021,01:58:55,7135,1720685843.86496
2024-07-11 10:17:24,5.07,0.734,3.721,25.0,0.0,0.0,6.9,1189,6054,8022,01:58:56,7136,1720685844.206734
2024-07-11 10:17:24,5.07,0.736,3.731,25.0,0.01,0.0,6.8,1189,6054,8022,01:58:56,7136,1720685844.5492873
2024-07-11 10:17:24,5.06,0.749,3.789,25.0,0.01,0.0,6.7,1189,6054,8022,01:58:56,7136,1720685844.889279
2024-07-11 10:17:25,5.06,0.749,3.789,25.0,0.01,0.0,6.7,1190,6055,8023,01:58:57,7137,1720685845.231696
2024-07-11 10:17:25,5.06,0.747,3.779,25.0,0.01,0.0,6.7,1190,6055,8023,01:58:57,7137,1720685845.5716317
2024-07-11 10:17:25,5.06,0.747,3.779,25.0,0.01,0.0,6.7,1190,6055,8023,01:58:57,7137,1720685845.9127176
2024-07-11 10:17:26,5.06,0.766,3.875,25.0,0.0,0.0,6.6,1190,6056,8024,01:58:58,7138,1720685846.2538052
2024-07-11 10:17:26,5.07,0.726,3.68,25.0,0.01,0.0,6.9,1190,6056,8024,01:58:58,7138,1720685846.5969253
2024-07-11 10:17:26,5.07,0.726,3.68,25.0,0.01,0.0,6.9,1190,6057,8025,01:58:58,7138,1720685846.9599512
2024-07-11 10:17:27,5.06,0.744,3.764,25.0,0.01,0.0,6.8,1190,6057,8025,01:58:59,7139,1720685847.2770927
2024-07-11 10:17:27,5.07,0.737,3.736,25.0,0.01,0.0,6.8,1190,6057,8025,01:58:59,7139,1720685847.6192722
2024-07-11 10:17:27,5.07,0.737,3.736,25.0,0.01,0.0,6.8,1190,6058,8026,01:58:59,7139,1720685847.9618604
2024-07-11 10:17:28,5.07,0.748,3.792,25.0,0.0,0.0,6.7,1190,6058,8026,01:59:00,7140,1720685848.3016403
2024-07-11 10:17:28,5.07,0.748,3.792,25.0,0.0,0.0,6.7,1190,6058,8026,01:59:00,7140,1720685848.6442223
2024-07-11 10:17:28,5.06,0.781,3.951,25.0,0.0,0.0,6.4,1190,6060,8027,01:59:00,7140,1720685848.9842885
2024-07-11 10:17:29,5.07,0.733,3.716,25.0,0.0,0.0,6.9,1190,6060,8027,01:59:01,7141,1720685849.3276339
2024-07-11 10:17:29,5.07,0.733,3.716,25.0,0.0,0.0,6.9,1190,6060,8027,01:59:01,7141,1720685849.67069
2024-07-11 10:17:30,5.07,0.744,3.772,25.0,0.0,0.0,6.8,1191,6061,8028,01:59:01,7141,1720685850.0080519
2024-07-11 10:17:30,5.07,0.728,3.69,25.0,0.0,0.0,6.9,1191,6061,8028,01:59:02,7142,1720685850.3487895
2024-07-11 10:17:30,5.07,0.728,3.69,25.0,0.0,0.0,6.9,1191,6061,8028,01:59:02,7142,1720685850.689909
2024-07-11 10:17:31,5.07,0.733,3.716,25.0,0.0,0.0,6.9,1191,6062,8029,01:59:02,7142,1720685851.0316598
2024-07-11 10:17:31,5.07,0.733,3.716,25.0,0.0,0.0,6.9,1191,6062,8029,01:59:03,7143,1720685851.3723226
2024-07-11 10:17:31,5.06,0.786,3.977,25.0,0.0,0.0,6.4,1191,6062,8029,01:59:03,7143,1720685851.7143357
2024-07-11 10:17:32,5.07,0.752,3.812,25.0,0.0,0.0,6.7,1191,6063,8030,01:59:03,7143,1720685852.0828314
2024-07-11 10:17:32,5.07,0.752,3.812,25.0,0.0,0.0,6.7,1191,6063,8030,01:59:04,7144,1720685852.3966413
2024-07-11 10:17:32,5.07,0.733,3.716,25.0,0.0,0.0,6.9,1191,6063,8030,01:59:04,7144,1720685852.738006
2024-07-11 10:17:33,5.07,0.728,3.69,25.0,0.0,0.0,6.9,1191,6064,8031,01:59:04,7144,1720685853.0793045
2024-07-11 10:17:33,5.07,0.728,3.69,25.0,0.0,0.0,6.9,1191,6064,8031,01:59:05,7145,1720685853.423143
2024-07-11 10:17:33,5.07,0.735,3.726,25.0,0.0,0.0,6.8,1191,6064,8031,01:59:05,7145,1720685853.7643943
2024-07-11 10:17:34,5.07,0.735,3.726,25.0,0.0,0.0,6.8,1192,6065,8032,01:59:05,7145,1720685854.1028242
2024-07-11 10:17:34,5.06,0.764,3.865,25.0,0.0,0.0,6.6,1192,6065,8032,01:59:06,7146,1720685854.4442563
2024-07-11 10:17:34,5.07,0.731,3.706,25.0,0.0,0.0,6.9,1192,6065,8032,01:59:06,7146,1720685854.7921884
2024-07-11 10:17:35,5.07,0.731,3.706,25.0,0.0,0.0,6.9,1192,6066,8033,01:59:07,7147,1720685855.126805
2024-07-11 10:17:35,5.07,0.719,3.645,25.0,0.0,0.0,7.0,1192,6066,8033,01:59:07,7147,1720685855.4680052
2024-07-11 10:17:35,5.06,0.749,3.789,25.0,0.0,0.0,6.7,1192,6066,8033,01:59:07,7147,1720685855.809294
2024-07-11 10:17:36,5.06,0.749,3.789,25.0,0.0,0.0,6.7,1192,6067,8034,01:59:08,7148,1720685856.1501625
2024-07-11 10:17:36,5.06,0.762,3.855,25.0,0.0,0.0,6.6,1192,6067,8034,01:59:08,7148,1720685856.4918325
2024-07-11 10:17:36,5.06,0.762,3.855,25.0,0.0,0.0,6.6,1192,6067,8034,01:59:08,7148,1720685856.8343155
2024-07-11 10:17:37,5.06,0.758,3.835,25.0,0.0,0.0,6.6,1192,6068,8035,01:59:09,7149,1720685857.202185
2024-07-11 10:17:37,5.07,0.732,3.711,25.0,0.0,0.0,6.9,1192,6068,8035,01:59:09,7149,1720685857.515203
2024-07-11 10:17:37,5.07,0.732,3.711,25.0,0.0,0.0,6.9,1192,6068,8035,01:59:09,7149,1720685857.8580694
2024-07-11 10:17:38,5.07,0.731,3.706,25.0,0.0,0.0,6.9,1192,6069,8036,01:59:10,7150,1720685858.1980746
2024-07-11 10:17:38,5.06,0.742,3.754,25.0,0.0,0.0,6.8,1192,6069,8036,01:59:10,7150,1720685858.5392904
2024-07-11 10:17:38,5.06,0.742,3.754,25.0,0.0,0.0,6.8,1192,6069,8036,01:59:10,7150,1720685858.880335
2024-07-11 10:17:39,5.06,0.744,3.764,25.0,0.0,0.0,6.8,1193,6070,8037,01:59:11,7151,1720685859.221475
2024-07-11 10:17:39,5.06,0.744,3.764,25.0,0.0,0.0,6.8,1193,6070,8037,01:59:11,7151,1720685859.563016
2024-07-11 10:17:39,5.06,0.758,3.835,25.0,0.0,0.0,6.6,1193,6070,8037,01:59:11,7151,1720685859.914349
2024-07-11 10:17:40,5.06,0.754,3.815,25.0,0.0,0.0,6.7,1193,6071,8038,01:59:12,7152,1720685860.2455106
2024-07-11 10:17:40,5.06,0.754,3.815,25.0,0.0,0.0,6.7,1193,6071,8038,01:59:12,7152,1720685860.58479
2024-07-11 10:17:40,5.07,0.732,3.711,25.0,0.0,0.0,6.9,1193,6072,8039,01:59:12,7152,1720685860.9296248
2024-07-11 10:17:41,5.07,0.726,3.68,25.0,0.0,0.0,6.9,1193,6072,8039,01:59:13,7153,1720685861.2719767
2024-07-11 10:17:41,5.07,0.726,3.68,25.0,0.0,0.0,6.9,1193,6072,8039,01:59:13,7153,1720685861.609212
2024-07-11 10:17:41,5.07,0.728,3.69,25.0,0.0,0.0,6.9,1193,6073,8040,01:59:13,7153,1720685861.956837
2024-07-11 10:17:42,5.07,0.728,3.69,25.0,0.0,0.0,6.9,1193,6073,8040,01:59:14,7154,1720685862.3229787
2024-07-11 10:17:42,5.06,0.792,4.007,25.0,0.0,0.0,6.3,1193,6073,8040,01:59:14,7154,1720685862.6331081
2024-07-11 10:17:42,5.06,0.759,3.84,25.0,0.0,0.0,6.6,1193,6074,8041,01:59:14,7154,1720685862.9797502
2024-07-11 10:17:43,5.06,0.759,3.84,25.0,0.0,0.0,6.6,1193,6074,8041,01:59:15,7155,1720685863.3154926
2024-07-11 10:17:43,5.07,0.737,3.736,25.0,0.0,0.0,6.8,1193,6074,8041,01:59:15,7155,1720685863.65665
2024-07-11 10:17:44,5.07,0.72,3.65,25.0,0.0,0.0,7.0,1194,6075,8042,01:59:15,7155,1720685864.003537
2024-07-11 10:17:44,5.07,0.72,3.65,25.0,0.0,0.0,7.0,1194,6075,8042,01:59:16,7156,1720685864.3386407
2024-07-11 10:17:44,5.07,0.741,3.756,25.0,0.0,0.0,6.8,1194,6075,8042,01:59:16,7156,1720685864.6803205
2024-07-11 10:17:45,5.07,0.741,3.756,25.0,0.0,0.0,6.8,1194,6076,8043,01:59:16,7156,1720685865.021634
2024-07-11 10:17:45,5.06,0.77,3.896,25.0,0.0,0.0,6.5,1194,6076,8043,01:59:17,7157,1720685865.3643026
2024-07-11 10:17:45,5.07,0.722,3.66,25.0,0.0,0.0,7.0,1194,6076,8043,01:59:17,7157,1720685865.7055519
2024-07-11 10:17:46,5.07,0.722,3.66,25.0,0.0,0.0,7.0,1194,6077,8044,01:59:17,7157,1720685866.0468304
2024-07-11 10:17:46,5.07,0.734,3.721,25.0,0.0,0.0,6.9,1194,6077,8044,01:59:18,7158,1720685866.3880348
2024-07-11 10:17:46,5.07,0.748,3.792,25.0,0.0,0.0,6.7,1194,6077,8044,01:59:18,7158,1720685866.7293084
2024-07-11 10:17:47,5.07,0.748,3.792,25.0,0.0,0.0,6.7,1194,6078,8045,01:59:18,7158,1720685867.076835
2024-07-11 10:17:47,5.06,0.756,3.825,25.0,0.0,0.0,6.6,1194,6078,8045,01:59:19,7159,1720685867.4401734
2024-07-11 10:17:47,5.06,0.756,3.825,25.0,0.0,0.0,6.6,1194,6078,8045,01:59:19,7159,1720685867.7514381
2024-07-11 10:17:48,5.07,0.745,3.777,25.0,0.0,0.0,6.8,1194,6079,8046,01:59:19,7159,1720685868.1005638
2024-07-11 10:17:48,5.07,0.741,3.756,25.0,0.0,0.0,6.8,1194,6079,8046,01:59:20,7160,1720685868.4343295
2024-07-11 10:17:48,5.07,0.741,3.756,25.0,0.0,0.0,6.8,1194,6079,8046,01:59:20,7160,1720685868.7750356
2024-07-11 10:17:49,5.07,0.732,3.711,25.0,0.0,0.0,6.9,1195,6080,8047,01:59:21,7161,1720685869.125582
2024-07-11 10:17:49,5.07,0.744,3.772,25.0,0.0,0.0,6.8,1195,6080,8047,01:59:21,7161,1720685869.4580772
2024-07-11 10:17:49,5.07,0.744,3.772,25.0,0.0,0.0,6.8,1195,6080,8047,01:59:21,7161,1720685869.8018575
2024-07-11 10:17:50,5.07,0.745,3.777,25.0,0.0,0.0,6.8,1195,6082,8048,01:59:22,7162,1720685870.1517556
2024-07-11 10:17:50,5.07,0.745,3.777,25.0,0.0,0.0,6.8,1195,6082,8048,01:59:22,7162,1720685870.4818723
2024-07-11 10:17:50,5.06,0.755,3.82,25.0,0.0,0.0,6.7,1195,6082,8048,01:59:22,7162,1720685870.8226106
2024-07-11 10:17:51,5.07,0.761,3.858,25.0,0.0,0.0,6.6,1195,6083,8049,01:59:23,7163,1720685871.1721106
2024-07-11 10:17:51,5.07,0.761,3.858,25.0,0.0,0.0,6.6,1195,6083,8049,01:59:23,7163,1720685871.5054703
2024-07-11 10:17:51,5.07,0.729,3.696,25.0,0.0,0.0,6.9,1195,6083,8049,01:59:23,7163,1720685871.846638
2024-07-11 10:17:52,5.07,0.733,3.716,25.0,0.0,0.0,6.9,1195,6084,8050,01:59:24,7164,1720685872.1918645
2024-07-11 10:17:52,5.07,0.733,3.716,25.0,0.0,0.0,6.9,1195,6084,8050,01:59:24,7164,1720685872.5598836
2024-07-11 10:17:52,5.06,0.76,3.845,25.0,0.0,0.0,6.6,1195,6084,8050,01:59:24,7164,1720685872.870555
2024-07-11 10:17:53,5.06,0.76,3.845,25.0,0.0,0.0,6.6,1195,6085,8051,01:59:25,7165,1720685873.218087
2024-07-11 10:17:53,5.07,0.745,3.777,25.0,0.0,0.0,6.8,1195,6085,8051,01:59:25,7165,1720685873.5531578
2024-07-11 10:17:53,5.07,0.733,3.716,25.0,0.0,0.0,6.9,1196,6086,8052,01:59:25,7165,1720685873.8942878
2024-07-11 10:17:54,5.07,0.733,3.716,25.0,0.0,0.0,6.9,1196,6086,8052,01:59:26,7166,1720685874.2416427
2024-07-11 10:17:54,5.07,0.726,3.68,25.0,0.0,0.0,6.9,1196,6086,8052,01:59:26,7166,1720685874.5765922
2024-07-11 10:17:54,5.07,0.753,3.817,25.0,0.0,0.0,6.7,1196,6087,8053,01:59:26,7166,1720685874.9193773
2024-07-11 10:17:55,5.07,0.753,3.817,25.0,0.0,0.0,6.7,1196,6087,8053,01:59:27,7167,1720685875.2693274
2024-07-11 10:17:55,5.07,0.751,3.807,25.0,0.01,0.0,6.7,1196,6087,8053,01:59:27,7167,1720685875.600565
2024-07-11 10:17:55,5.07,0.751,3.807,25.0,0.01,0.0,6.7,1196,6088,8054,01:59:27,7167,1720685875.9416292
2024-07-11 10:17:56,5.07,0.739,3.746,25.0,0.01,0.0,6.8,1196,6088,8054,01:59:28,7168,1720685876.282686
2024-07-11 10:17:56,5.06,0.742,3.754,25.0,0.01,0.0,6.8,1196,6088,8054,01:59:28,7168,1720685876.6242776
2024-07-11 10:17:56,5.06,0.742,3.754,25.0,0.01,0.0,6.8,1196,6089,8055,01:59:28,7168,1720685876.965572
2024-07-11 10:17:57,5.06,0.741,3.749,25.0,0.01,0.0,6.8,1196,6089,8055,01:59:29,7169,1720685877.3155596
2024-07-11 10:17:57,5.06,0.754,3.815,25.0,0.01,0.0,6.7,1196,6089,8055,01:59:29,7169,1720685877.6804066
2024-07-11 10:17:57,5.06,0.754,3.815,25.0,0.01,0.0,6.7,1196,6090,8056,01:59:29,7169,1720685877.9880252
2024-07-11 10:17:58,5.06,0.76,3.845,25.0,0.01,0.0,6.6,1196,6090,8056,01:59:30,7170,1720685878.3318903
2024-07-11 10:17:58,5.06,0.76,3.845,25.0,0.01,0.0,6.6,1196,6090,8056,01:59:30,7170,1720685878.6705697
2024-07-11 10:17:59,5.09,0.601,3.059,25.0,0.01,0.0,8.4,1197,6091,8057,01:59:30,7170,1720685879.0109704
2024-07-11 10:17:59,5.09,0.587,2.987,25.0,0.01,0.0,8.6,1197,6091,8057,01:59:31,7171,1720685879.3538234
2024-07-11 10:17:59,5.09,0.587,2.987,25.0,0.01,0.0,8.6,1197,6091,8057,01:59:31,7171,1720685879.694318
2024-07-11 10:18:00,5.09,0.589,2.998,25.0,0.01,0.0,8.6,1197,6092,8058,01:59:31,7171,1720685880.035531
2024-07-11 10:18:00,5.09,0.57,2.901,25.0,0.01,0.0,8.9,1197,6092,8058,01:59:32,7172,1720685880.3773422
2024-07-11 10:18:00,5.09,0.57,2.901,25.0,0.01,0.0,8.9,1197,6092,8058,01:59:32,7172,1720685880.7181163
2024-07-11 10:18:01,5.09,0.559,2.845,25.0,0.01,0.0,9.1,1197,6093,8059,01:59:32,7172,1720685881.058589
2024-07-11 10:18:01,5.09,0.559,2.845,25.0,0.01,0.0,9.1,1197,6093,8059,01:59:33,7173,1720685881.3990302
2024-07-11 10:18:01,5.09,0.575,2.926,25.0,0.01,0.0,8.8,1197,6093,8059,01:59:33,7173,1720685881.7406447
2024-07-11 10:18:02,5.07,0.718,3.64,25.0,0.01,0.0,7.0,1197,6093,8060,01:59:33,7173,1720685882.0843358
2024-07-11 10:18:02,5.07,0.718,3.64,25.0,0.01,0.0,7.0,1197,6093,8060,01:59:34,7174,1720685882.4231918
2024-07-11 10:18:02,5.07,0.727,3.685,25.0,0.01,0.0,6.9,1197,6093,8060,01:59:34,7174,1720685882.7633522
2024-07-11 10:18:03,5.06,0.757,3.83,25.0,0.01,0.0,6.6,1197,6094,8061,01:59:35,7175,1720685883.1051495
2024-07-11 10:18:03,5.06,0.757,3.83,25.0,0.01,0.0,6.6,1197,6094,8061,01:59:35,7175,1720685883.4526224
2024-07-11 10:18:03,5.06,0.782,3.956,25.0,0.01,0.0,6.4,1197,6094,8061,01:59:35,7175,1720685883.7873616
2024-07-11 10:18:04,5.06,0.782,3.956,25.0,0.01,0.0,6.4,1198,6096,8062,01:59:36,7176,1720685884.127633
2024-07-11 10:18:04,5.06,0.76,3.845,25.0,0.01,0.0,6.6,1198,6096,8062,01:59:36,7176,1720685884.4690328
2024-07-11 10:18:04,5.07,0.74,3.751,25.0,0.01,0.0,6.8,1198,6096,8062,01:59:36,7176,1720685884.8105924
2024-07-11 10:18:05,5.07,0.74,3.751,25.0,0.01,0.0,6.8,1198,6097,8063,01:59:37,7177,1720685885.1518958
2024-07-11 10:18:05,5.07,0.724,3.67,25.0,0.01,0.0,7.0,1198,6097,8063,01:59:37,7177,1720685885.4931178
2024-07-11 10:18:05,5.06,0.754,3.815,25.0,0.01,0.0,6.7,1198,6097,8063,01:59:37,7177,1720685885.835632
2024-07-11 10:18:06,5.06,0.754,3.815,25.0,0.01,0.0,6.7,1198,6098,8064,01:59:38,7178,1720685886.1756406
2024-07-11 10:18:06,5.06,0.772,3.906,25.0,0.01,0.0,6.5,1198,6098,8064,01:59:38,7178,1720685886.5169127
2024-07-11 10:18:06,5.06,0.772,3.906,25.0,0.01,0.0,6.5,1198,6099,8065,01:59:38,7178,1720685886.85811
2024-07-11 10:18:07,5.06,0.749,3.789,25.0,0.0,0.0,6.7,1198,6099,8065,01:59:39,7179,1720685887.1970809
2024-07-11 10:18:07,5.07,0.728,3.69,25.0,0.01,0.0,6.9,1198,6099,8065,01:59:39,7179,1720685887.538891
2024-07-11 10:18:07,5.07,0.728,3.69,25.0,0.01,0.0,6.9,1198,6100,8066,01:59:39,7179,1720685887.8796194
2024-07-11 10:18:08,5.07,0.735,3.726,25.0,0.0,0.0,6.8,1198,6100,8066,01:59:40,7180,1720685888.221523
2024-07-11 10:18:08,5.07,0.743,3.767,25.0,0.0,0.0,6.8,1198,6100,8066,01:59:40,7180,1720685888.5651858
2024-07-11 10:18:08,5.07,0.743,3.767,25.0,0.0,0.0,6.8,1199,6101,8067,01:59:40,7180,1720685888.904363
2024-07-11 10:18:09,5.06,0.752,3.805,25.0,0.0,0.0,6.7,1199,6101,8067,01:59:41,7181,1720685889.2456594
2024-07-11 10:18:09,5.06,0.752,3.805,25.0,0.0,0.0,6.7,1199,6101,8067,01:59:41,7181,1720685889.5869102
2024-07-11 10:18:09,5.06,0.758,3.835,25.0,0.0,0.0,6.6,1199,6102,8068,01:59:41,7181,1720685889.9281466
2024-07-11 10:18:10,5.07,0.741,3.756,25.0,0.0,0.0,6.8,1199,6102,8068,01:59:42,7182,1720685890.2694275
2024-07-11 10:18:10,5.07,0.741,3.756,25.0,0.0,0.0,6.8,1199,6102,8068,01:59:42,7182,1720685890.609203
2024-07-11 10:18:10,5.08,0.675,3.429,25.0,0.0,0.0,7.5,1199,6103,8069,01:59:42,7182,1720685890.9506106
2024-07-11 10:18:11,5.1,0.496,2.529,25.0,0.0,0.0,10.2,1199,6103,8069,01:59:43,7183,1720685891.2915497
2024-07-11 10:18:11,5.1,0.496,2.529,25.0,0.0,0.0,10.2,1199,6103,8069,01:59:43,7183,1720685891.6323998
2024-07-11 10:18:11,5.1,0.496,2.529,25.0,0.0,0.0,10.2,1199,6104,8070,01:59:43,7183,1720685891.9744012
2024-07-11 10:18:12,5.1,0.496,2.529,25.0,0.0,0.0,10.2,1199,6104,8070,01:59:44,7184,1720685892.3156316
2024-07-11 10:18:12,5.1,0.492,2.509,25.0,0.0,0.0,10.3,1199,6104,8070,01:59:44,7184,1720685892.6569204
2024-07-11 10:18:12,5.1,0.495,2.524,25.0,0.0,0.0,10.3,1199,6104,8071,01:59:44,7184,1720685892.998142
2024-07-11 10:18:13,5.1,0.495,2.524,25.0,0.0,0.0,10.3,1199,6104,8071,01:59:45,7185,1720685893.338172
2024-07-11 10:18:13,5.1,0.507,2.585,25.0,0.0,0.0,10.0,1199,6104,8071,01:59:45,7185,1720685893.6835103
2024-07-11 10:18:14,5.1,0.506,2.58,25.0,0.0,0.0,10.0,1199,6105,8072,01:59:45,7185,1720685894.0206308
2024-07-11 10:18:14,5.1,0.506,2.58,25.0,0.0,0.0,10.0,1199,6105,8072,01:59:46,7186,1720685894.3621516
2024-07-11 10:18:14,5.1,0.514,2.621,25.0,0.0,0.0,9.9,1199,6105,8072,01:59:46,7186,1720685894.7026794
2024-07-11 10:18:15,5.1,0.514,2.621,25.0,0.0,0.0,9.9,1200,6106,8073,01:59:46,7186,1720685895.043568
2024-07-11 10:18:15,5.1,0.515,2.626,25.0,0.0,0.0,9.9,1200,6106,8073,01:59:47,7187,1720685895.3856156
2024-07-11 10:18:15,5.1,0.512,2.611,25.0,0.0,0.0,9.9,1200,6106,8073,01:59:47,7187,1720685895.7269113
2024-07-11 10:18:16,5.1,0.512,2.611,25.0,0.0,0.0,9.9,1200,6106,8074,01:59:47,7187,1720685896.0667803
2024-07-11 10:18:16,5.1,0.482,2.458,25.0,0.0,0.0,10.5,1200,6106,8074,01:59:48,7188,1720685896.4076219
2024-07-11 10:18:16,5.1,0.475,2.422,25.0,0.0,0.0,10.7,1200,6106,8074,01:59:48,7188,1720685896.7494004
2024-07-11 10:18:17,5.1,0.475,2.422,25.0,0.0,0.0,10.7,1200,6107,8075,01:59:48,7188,1720685897.0906122
2024-07-11 10:18:17,5.1,0.475,2.422,25.0,0.0,0.0,10.7,1200,6107,8075,01:59:49,7189,1720685897.4321442
2024-07-11 10:18:17,5.1,0.475,2.422,25.0,0.0,0.0,10.7,1200,6107,8075,01:59:49,7189,1720685897.7715764
2024-07-11 10:18:18,5.1,0.472,2.407,25.0,0.0,0.0,10.8,1200,6108,8076,01:59:50,7190,1720685898.112419
2024-07-11 10:18:18,5.1,0.473,2.412,25.0,0.0,0.0,10.7,1200,6108,8076,01:59:50,7190,1720685898.4536755
2024-07-11 10:18:18,5.1,0.473,2.412,25.0,0.0,0.0,10.7,1200,6108,8076,01:59:50,7190,1720685898.8035827
2024-07-11 10:18:19,5.1,0.48,2.448,25.0,0.0,0.0,10.6,1200,6109,8077,01:59:51,7191,1720685899.1368122
2024-07-11 10:18:19,5.11,0.478,2.442,25.0,0.0,0.0,10.6,1200,6109,8077,01:59:51,7191,1720685899.47818
2024-07-11 10:18:19,5.11,0.478,2.442,25.0,0.0,0.0,10.6,1200,6109,8077,01:59:51,7191,1720685899.8193693
2024-07-11 10:18:20,5.1,0.473,2.412,25.0,0.0,0.0,10.7,1200,6109,8078,01:59:52,7192,1720685900.1606812
2024-07-11 10:18:20,5.1,0.473,2.412,25.0,0.0,0.0,10.7,1200,6109,8078,01:59:52,7192,1720685900.5003924
2024-07-11 10:18:20,5.1,0.474,2.417,25.0,0.0,0.0,10.7,1200,6110,8079,01:59:52,7192,1720685900.8430827
2024-07-11 10:18:21,5.1,0.473,2.412,25.0,0.0,0.0,10.7,1200,6110,8079,01:59:53,7193,1720685901.1867557
2024-07-11 10:18:21,5.1,0.473,2.412,25.0,0.0,0.0,10.7,1200,6110,8079,01:59:53,7193,1720685901.5233777
2024-07-11 10:18:21,5.1,0.471,2.402,25.0,0.0,0.0,10.8,1201,6111,8080,01:59:53,7193,1720685901.8655114
2024-07-11 10:18:22,5.1,0.475,2.422,25.0,0.01,0.0,10.7,1201,6111,8080,01:59:54,7194,1720685902.2081861
2024-07-11 10:18:22,5.1,0.475,2.422,25.0,0.01,0.0,10.7,1201,6111,8080,01:59:54,7194,1720685902.5481746
2024-07-11 10:18:22,5.1,0.472,2.407,25.0,0.01,0.0,10.8,1201,6111,8081,01:59:54,7194,1720685902.8906817
2024-07-11 10:18:23,5.1,0.472,2.407,25.0,0.01,0.0,10.8,1201,6111,8081,01:59:55,7195,1720685903.2306323
2024-07-11 10:18:23,5.1,0.47,2.397,25.0,0.01,0.0,10.8,1201,6111,8081,01:59:55,7195,1720685903.5721776
2024-07-11 10:18:23,5.1,0.473,2.412,25.0,0.01,0.0,10.7,1201,6112,8082,01:59:55,7195,1720685903.9233997
2024-07-11 10:18:24,5.1,0.473,2.412,25.0,0.01,0.0,10.7,1201,6112,8082,01:59:56,7196,1720685904.2544603
2024-07-11 10:18:24,5.1,0.479,2.442,25.0,0.01,0.0,10.6,1201,6112,8082,01:59:56,7196,1720685904.5956578
2024-07-11 10:18:24,5.1,0.473,2.412,25.0,0.01,0.0,10.7,1201,6113,8083,01:59:56,7196,1720685904.937667
2024-07-11 10:18:25,5.1,0.473,2.412,25.0,0.01,0.0,10.7,1201,6113,8083,01:59:57,7197,1720685905.2791023
2024-07-11 10:18:25,5.1,0.472,2.407,25.0,0.01,0.0,10.8,1201,6113,8083,01:59:57,7197,1720685905.6201744
2024-07-11 10:18:25,5.1,0.472,2.407,25.0,0.01,0.0,10.8,1201,6113,8084,01:59:57,7197,1720685905.9615405
2024-07-11 10:18:26,5.1,0.473,2.412,25.0,0.01,0.0,10.7,1201,6113,8084,01:59:58,7198,1720685906.302724
2024-07-11 10:18:26,5.1,0.473,2.412,25.0,0.01,0.0,10.7,1201,6113,8084,01:59:58,7198,1720685906.644387
2024-07-11 10:18:26,5.1,0.473,2.412,25.0,0.01,0.0,10.7,1201,6114,8085,01:59:58,7198,1720685906.984438
2024-07-11 10:18:27,5.1,0.47,2.397,25.0,0.01,0.0,10.8,1201,6114,8085,01:59:59,7199,1720685907.3256493
2024-07-11 10:18:27,5.1,0.472,2.407,25.0,0.01,0.0,10.8,1201,6114,8085,01:59:59,7199,1720685907.666945
2024-07-11 10:18:28,5.1,0.472,2.407,25.0,0.01,0.0,10.8,1201,6115,8086,01:59:59,7199,1720685908.008158
2024-07-11 10:18:28,5.1,0.475,2.422,25.0,0.01,0.0,10.7,1201,6115,8086,02:00:00,7200,1720685908.3518796
2024-07-11 10:18:28,5.1,0.475,2.422,25.0,0.01,0.0,10.7,1201,6115,8086,02:00:00,7200,1720685908.6899722
2024-07-11 10:18:29,5.1,0.469,2.391,25.0,0.01,0.0,10.8,1201,6115,8087,02:00:00,7200,1720685909.0436172
2024-07-11 10:18:29,5.1,0.472,2.407,25.0,0.01,0.0,10.8,1201,6115,8087,02:00:01,7201,1720685909.375638
2024-07-11 10:18:29,5.1,0.472,2.407,25.0,0.01,0.0,10.8,1201,6115,8087,02:00:01,7201,1720685909.714444
2024-07-11 10:18:30,5.11,0.472,2.411,25.0,0.01,0.0,10.8,1202,6116,8088,02:00:01,7201,1720685910.0556514
2024-07-11 10:18:30,5.1,0.471,2.402,25.0,0.01,0.0,10.8,1202,6116,8088,02:00:02,7202,1720685910.3969452
2024-07-11 10:18:30,5.1,0.471,2.402,25.0,0.01,0.0,10.8,1202,6116,8088,02:00:02,7202,1720685910.7382061
2024-07-11 10:18:31,5.11,0.47,2.401,25.0,0.01,0.0,10.8,1202,6117,8089,02:00:02,7202,1720685911.0794384
2024-07-11 10:18:31,5.11,0.47,2.401,25.0,0.01,0.0,10.8,1202,6117,8089,02:00:03,7203,1720685911.42066
2024-07-11 10:18:31,5.1,0.474,2.417,25.0,0.01,0.0,10.7,1202,6117,8089,02:00:03,7203,1720685911.7618117
2024-07-11 10:18:32,5.1,0.472,2.407,25.0,0.01,0.0,10.8,1202,6117,8090,02:00:03,7203,1720685912.102864
2024-07-11 10:18:32,5.1,0.472,2.407,25.0,0.01,0.0,10.8,1202,6117,8090,02:00:04,7204,1720685912.4444013
2024-07-11 10:18:32,5.1,0.47,2.397,25.0,0.01,0.0,10.8,1202,6117,8090,02:00:04,7204,1720685912.7856796
2024-07-11 10:18:33,5.1,0.472,2.407,25.0,0.01,0.0,10.8,1202,6118,8091,02:00:05,7205,1720685913.126948
2024-07-11 10:18:33,5.1,0.472,2.407,25.0,0.01,0.0,10.8,1202,6118,8091,02:00:05,7205,1720685913.468416
2024-07-11 10:18:33,5.11,0.471,2.406,25.0,0.01,0.0,10.8,1202,6119,8092,02:00:05,7205,1720685913.8094063
2024-07-11 10:18:34,5.11,0.471,2.406,25.0,0.01,0.0,10.8,1202,6119,8092,02:00:06,7206,1720685914.1610491
2024-07-11 10:18:34,5.1,0.491,2.504,25.0,0.01,0.0,10.3,1202,6119,8092,02:00:06,7206,1720685914.4915442
2024-07-11 10:18:34,5.1,0.469,2.391,25.0,0.0,0.0,10.8,1202,6119,8093,02:00:06,7206,1720685914.8315387
2024-07-11 10:18:35,5.1,0.469,2.391,25.0,0.0,0.0,10.8,1202,6119,8093,02:00:07,7207,1720685915.1723323
2024-07-11 10:18:35,5.11,0.471,2.406,25.0,0.0,0.0,10.8,1202,6119,8093,02:00:07,7207,1720685915.5135694
2024-07-11 10:18:35,5.1,0.47,2.397,25.0,0.0,0.0,10.8,1202,6120,8094,02:00:07,7207,1720685915.8556864
2024-07-11 10:18:36,5.1,0.47,2.397,25.0,0.0,0.0,10.8,1202,6120,8094,02:00:08,7208,1720685916.1969888
2024-07-11 10:18:36,5.1,0.469,2.391,25.0,0.0,0.0,10.8,1202,6120,8094,02:00:08,7208,1720685916.5406802
2024-07-11 10:18:36,5.1,0.469,2.391,25.0,0.0,0.0,10.8,1203,6121,8095,02:00:08,7208,1720685916.8794158
2024-07-11 10:18:37,5.1,0.47,2.397,25.0,0.0,0.0,10.8,1203,6121,8095,02:00:09,7209,1720685917.2232454
2024-07-11 10:18:37,5.1,0.471,2.402,25.0,0.0,0.0,10.8,1203,6121,8095,02:00:09,7209,1720685917.5619562
2024-07-11 10:18:37,5.1,0.471,2.402,25.0,0.0,0.0,10.8,1203,6121,8096,02:00:09,7209,1720685917.903321
2024-07-11 10:18:38,5.1,0.471,2.402,25.0,0.0,0.0,10.8,1203,6121,8096,02:00:10,7210,1720685918.2432177
2024-07-11 10:18:38,5.1,0.469,2.391,25.0,0.0,0.0,10.8,1203,6121,8096,02:00:10,7210,1720685918.58472
2024-07-11 10:18:38,5.1,0.469,2.391,25.0,0.0,0.0,10.8,1203,6122,8097,02:00:10,7210,1720685918.9252582
2024-07-11 10:18:39,5.1,0.476,2.427,25.0,0.0,0.0,10.7,1203,6122,8097,02:00:11,7211,1720685919.2807453
2024-07-11 10:18:39,5.1,0.476,2.427,25.0,0.0,0.0,10.7,1203,6122,8097,02:00:11,7211,1720685919.611073
2024-07-11 10:18:39,5.1,0.471,2.402,25.0,0.0,0.0,10.8,1203,6123,8098,02:00:11,7211,1720685919.9490204
2024-07-11 10:18:40,5.11,0.469,2.396,25.0,0.0,0.0,10.8,1203,6123,8098,02:00:12,7212,1720685920.2906687
2024-07-11 10:18:40,5.11,0.469,2.396,25.0,0.0,0.0,10.8,1203,6123,8098,02:00:12,7212,1720685920.6321461
2024-07-11 10:18:40,5.1,0.472,2.407,25.0,0.0,0.0,10.8,1203,6123,8099,02:00:12,7212,1720685920.975176
2024-07-11 10:18:41,5.1,0.47,2.397,25.0,0.0,0.0,10.8,1203,6123,8099,02:00:13,7213,1720685921.3143566
2024-07-11 10:18:41,5.1,0.47,2.397,25.0,0.0,0.0,10.8,1203,6123,8099,02:00:13,7213,1720685921.6582375
2024-07-11 10:18:41,5.1,0.468,2.386,25.0,0.0,0.0,10.8,1203,6124,8100,02:00:13,7213,1720685921.9949172
2024-07-11 10:18:42,5.1,0.468,2.386,25.0,0.0,0.0,10.8,1203,6124,8100,02:00:14,7214,1720685922.3366988
2024-07-11 10:18:42,5.1,0.471,2.402,25.0,0.0,0.0,10.8,1203,6124,8100,02:00:14,7214,1720685922.6781101
2024-07-11 10:18:43,5.1,0.471,2.402,25.0,0.0,0.0,10.8,1203,6125,8101,02:00:14,7214,1720685923.019431
2024-07-11 10:18:43,5.1,0.471,2.402,25.0,0.0,0.0,10.8,1203,6125,8101,02:00:15,7215,1720685923.3631916
2024-07-11 10:18:43,5.1,0.471,2.402,25.0,0.0,0.0,10.8,1203,6125,8101,02:00:15,7215,1720685923.7005224
2024-07-11 10:18:44,5.11,0.468,2.391,25.0,0.0,0.0,10.9,1203,6125,8102,02:00:15,7215,1720685924.0420763
2024-07-11 10:18:44,5.11,0.468,2.391,25.0,0.0,0.0,10.9,1203,6125,8102,02:00:16,7216,1720685924.401005
2024-07-11 10:18:44,5.1,0.469,2.391,25.0,0.0,0.0,10.8,1203,6125,8102,02:00:16,7216,1720685924.7269568
2024-07-11 10:18:45,5.1,0.469,2.391,25.0,0.0,0.0,10.8,1204,6126,8103,02:00:16,7216,1720685925.0657299
2024-07-11 10:18:45,5.1,0.47,2.397,25.0,0.0,0.0,10.8,1204,6126,8103,02:00:17,7217,1720685925.4065967
2024-07-11 10:18:45,5.1,0.468,2.386,25.0,0.0,0.0,10.8,1204,6126,8103,02:00:17,7217,1720685925.7519798
2024-07-11 10:18:46,5.1,0.468,2.386,25.0,0.0,0.0,10.8,1204,6127,8104,02:00:17,7217,1720685926.0894463
2024-07-11 10:18:46,5.1,0.474,2.417,25.0,0.0,0.0,10.7,1204,6127,8104,02:00:18,7218,1720685926.4305208
2024-07-11 10:18:46,5.1,0.47,2.397,25.0,0.0,0.0,10.8,1204,6127,8105,02:00:18,7218,1720685926.7715116
2024-07-11 10:18:47,5.1,0.47,2.397,25.0,0.0,0.0,10.8,1204,6127,8105,02:00:19,7219,1720685927.1116855
2024-07-11 10:18:47,5.1,0.47,2.397,25.0,0.0,0.0,10.8,1204,6127,8105,02:00:19,7219,1720685927.4557545
2024-07-11 10:18:47,5.1,0.47,2.397,25.0,0.0,0.0,10.8,1204,6128,8106,02:00:19,7219,1720685927.794486
2024-07-11 10:18:48,5.1,0.469,2.391,25.0,0.0,0.0,10.8,1204,6128,8106,02:00:20,7220,1720685928.1355205
2024-07-11 10:18:48,5.1,0.471,2.402,25.0,0.0,0.0,10.8,1204,6128,8106,02:00:20,7220,1720685928.4769444
2024-07-11 10:18:48,5.1,0.471,2.402,25.0,0.0,0.0,10.8,1204,6129,8107,02:00:20,7220,1720685928.8178904
2024-07-11 10:18:49,5.1,0.472,2.407,25.0,0.0,0.0,10.8,1204,6129,8107,02:00:21,7221,1720685929.158748
2024-07-11 10:18:49,5.1,0.47,2.397,25.0,0.0,0.0,10.8,1204,6129,8107,02:00:21,7221,1720685929.5207477
2024-07-11 10:18:49,5.1,0.47,2.397,25.0,0.0,0.0,10.8,1204,6129,8108,02:00:21,7221,1720685929.842003
2024-07-11 10:18:50,5.1,0.469,2.391,25.0,0.0,0.0,10.8,1204,6129,8108,02:00:22,7222,1720685930.1831818
2024-07-11 10:18:50,5.1,0.469,2.391,25.0,0.0,0.0,10.8,1204,6129,8108,02:00:22,7222,1720685930.5244439
2024-07-11 10:18:50,5.1,0.471,2.402,25.0,0.0,0.0,10.8,1204,6130,8109,02:00:22,7222,1720685930.872038
2024-07-11 10:18:51,5.1,0.47,2.397,25.0,0.0,0.0,10.8,1204,6130,8109,02:00:23,7223,1720685931.2066846
2024-07-11 10:18:51,5.1,0.47,2.397,25.0,0.0,0.0,10.8,1204,6130,8109,02:00:23,7223,1720685931.5507343
2024-07-11 10:18:51,5.1,0.468,2.386,25.0,0.0,0.0,10.8,1204,6131,8110,02:00:23,7223,1720685931.8982606
2024-07-11 10:18:52,5.1,0.472,2.407,25.0,0.0,0.0,10.8,1204,6131,8110,02:00:24,7224,1720685932.2306209
2024-07-11 10:18:52,5.1,0.472,2.407,25.0,0.0,0.0,10.8,1204,6131,8110,02:00:24,7224,1720685932.571339
2024-07-11 10:18:52,5.1,0.47,2.397,25.0,0.0,0.0,10.8,1205,6131,8111,02:00:24,7224,1720685932.9132483
2024-07-11 10:18:53,5.1,0.47,2.397,25.0,0.0,0.0,10.8,1205,6131,8111,02:00:25,7225,1720685933.254545
2024-07-11 10:18:53,5.11,0.466,2.381,25.0,0.0,0.0,10.9,1205,6131,8111,02:00:25,7225,1720685933.5969677
2024-07-11 10:18:53,5.1,0.471,2.402,25.0,0.0,0.0,10.8,1205,6132,8112,02:00:25,7225,1720685933.938222
2024-07-11 10:18:54,5.1,0.471,2.402,25.0,0.0,0.0,10.8,1205,6132,8112,02:00:26,7226,1720685934.2793381
2024-07-11 10:18:54,5.1,0.47,2.397,25.0,0.0,0.0,10.8,1205,6132,8112,02:00:26,7226,1720685934.6407669
2024-07-11 10:18:54,5.11,0.469,2.396,25.0,0.0,0.0,10.8,1205,6133,8113,02:00:26,7226,1720685934.9657605
2024-07-11 10:18:55,5.11,0.469,2.396,25.0,0.0,0.0,10.8,1205,6133,8113,02:00:27,7227,1720685935.3053336
2024-07-11 10:18:55,5.1,0.47,2.397,25.0,0.0,0.0,10.8,1205,6133,8113,02:00:27,7227,1720685935.6438212
2024-07-11 10:18:55,5.1,0.47,2.397,25.0,0.0,0.0,10.8,1205,6133,8114,02:00:27,7227,1720685935.9932048
2024-07-11 10:18:56,5.1,0.47,2.397,25.0,0.0,0.0,10.8,1205,6133,8114,02:00:28,7228,1720685936.3265197
2024-07-11 10:18:56,5.1,0.469,2.391,25.0,0.0,0.0,10.8,1205,6133,8114,02:00:28,7228,1720685936.6707516
2024-07-11 10:18:57,5.1,0.469,2.391,25.0,0.0,0.0,10.8,1205,6134,8115,02:00:28,7228,1720685937.010717
2024-07-11 10:18:57,5.1,0.467,2.381,25.0,0.0,0.0,10.9,1205,6134,8115,02:00:29,7229,1720685937.350761
2024-07-11 10:18:57,5.1,0.47,2.397,25.0,0.0,0.0,10.8,1205,6134,8115,02:00:29,7229,1720685937.692178
2024-07-11 10:18:58,5.1,0.47,2.397,25.0,0.0,0.0,10.8,1205,6135,8116,02:00:29,7229,1720685938.0395443
2024-07-11 10:18:58,5.1,0.471,2.402,25.0,0.0,0.0,10.8,1205,6135,8116,02:00:30,7230,1720685938.3745332
2024-07-11 10:18:58,5.1,0.471,2.402,25.0,0.0,0.0,10.8,1205,6135,8116,02:00:30,7230,1720685938.7155006
2024-07-11 10:18:59,5.1,0.466,2.376,25.0,0.0,0.0,10.9,1205,6135,8117,02:00:30,7230,1720685939.0562387
2024-07-11 10:18:59,5.1,0.469,2.391,25.0,0.0,0.0,10.8,1205,6135,8117,02:00:31,7231,1720685939.4004188
2024-07-11 10:18:59,5.1,0.469,2.391,25.0,0.0,0.0,10.8,1206,6136,8118,02:00:31,7231,1720685939.761118
2024-07-11 10:19:00,5.1,0.469,2.391,25.0,0.0,0.0,10.8,1206,6136,8118,02:00:31,7231,1720685940.0855556
2024-07-11 10:19:00,5.1,0.469,2.391,25.0,0.0,0.0,10.8,1206,6136,8118,02:00:32,7232,1720685940.421768
2024-07-11 10:19:00,5.1,0.469,2.391,25.0,0.0,0.0,10.8,1206,6137,8119,02:00:32,7232,1720685940.7630925
2024-07-11 10:19:01,5.1,0.467,2.381,25.0,0.0,0.0,10.9,1206,6137,8119,02:00:33,7233,1720685941.1095433
2024-07-11 10:19:01,5.1,0.467,2.381,25.0,0.0,0.0,10.9,1206,6137,8119,02:00:33,7233,1720685941.4469602
2024-07-11 10:19:01,5.1,0.473,2.412,25.0,0.01,0.0,10.7,1206,6137,8120,02:00:33,7233,1720685941.7882347
2024-07-11 10:19:02,5.11,0.469,2.396,25.0,0.01,0.0,10.8,1206,6137,8120,02:00:34,7234,1720685942.133284
2024-07-11 10:19:02,5.11,0.469,2.396,25.0,0.01,0.0,10.8,1206,6137,8120,02:00:34,7234,1720685942.469829
2024-07-11 10:19:02,5.1,0.466,2.376,25.0,0.01,0.0,10.9,1206,6138,8121,02:00:34,7234,1720685942.8118944
2024-07-11 10:19:03,5.1,0.47,2.397,25.0,0.01,0.0,10.8,1206,6138,8121,02:00:35,7235,1720685943.154404
2024-07-11 10:19:03,5.1,0.47,2.397,25.0,0.01,0.0,10.8,1206,6138,8121,02:00:35,7235,1720685943.494529
2024-07-11 10:19:03,5.1,0.469,2.391,25.0,0.01,0.0,10.8,1206,6139,8122,02:00:35,7235,1720685943.8369944
2024-07-11 10:19:04,5.1,0.469,2.391,25.0,0.01,0.0,10.8,1206,6139,8122,02:00:36,7236,1720685944.1845756
2024-07-11 10:19:04,5.1,0.472,2.407,25.0,0.01,0.0,10.8,1206,6139,8122,02:00:36,7236,1720685944.5195253
2024-07-11 10:19:04,5.1,0.472,2.407,25.0,0.01,0.0,10.8,1206,6139,8123,02:00:36,7236,1720685944.8832972
2024-07-11 10:19:05,5.1,0.472,2.407,25.0,0.01,0.0,10.8,1206,6139,8123,02:00:37,7237,1720685945.2081168
2024-07-11 10:19:05,5.1,0.47,2.397,25.0,0.01,0.0,10.8,1206,6139,8123,02:00:37,7237,1720685945.5432808
2024-07-11 10:19:05,5.1,0.469,2.391,25.0,0.01,0.0,10.8,1206,6140,8124,02:00:37,7237,1720685945.8851113
2024-07-11 10:19:06,5.1,0.469,2.391,25.0,0.01,0.0,10.8,1206,6140,8124,02:00:38,7238,1720685946.2293067
2024-07-11 10:19:06,5.11,0.467,2.386,25.0,0.01,0.0,10.9,1206,6140,8124,02:00:38,7238,1720685946.5682817
2024-07-11 10:19:06,5.11,0.467,2.386,25.0,0.01,0.0,10.9,1206,6141,8125,02:00:38,7238,1720685946.9092057
2024-07-11 10:19:07,5.1,0.468,2.386,25.0,0.01,0.0,10.8,1206,6141,8125,02:00:39,7239,1720685947.2508006
2024-07-11 10:19:07,5.1,0.47,2.397,25.0,0.01,0.0,10.8,1206,6141,8125,02:00:39,7239,1720685947.5945096
2024-07-11 10:19:07,5.1,0.47,2.397,25.0,0.01,0.0,10.8,1207,6141,8126,02:00:39,7239,1720685947.933085
2024-07-11 10:19:08,5.1,0.468,2.386,25.0,0.01,0.0,10.8,1207,6141,8126,02:00:40,7240,1720685948.2783062
2024-07-11 10:19:08,5.11,0.467,2.386,25.0,0.01,0.0,10.9,1207,6141,8126,02:00:40,7240,1720685948.6156406
2024-07-11 10:19:08,5.11,0.467,2.386,25.0,0.01,0.0,10.9,1207,6142,8127,02:00:40,7240,1720685948.956509
2024-07-11 10:19:09,5.1,0.469,2.391,25.0,0.01,0.0,10.8,1207,6142,8127,02:00:41,7241,1720685949.2993596
2024-07-11 10:19:09,5.1,0.469,2.391,25.0,0.01,0.0,10.8,1207,6142,8127,02:00:41,7241,1720685949.6400528
2024-07-11 10:19:10,5.1,0.47,2.397,25.0,0.01,0.0,10.8,1207,6143,8128,02:00:41,7241,1720685950.0031497
2024-07-11 10:19:10,5.1,0.473,2.412,25.0,0.01,0.0,10.7,1207,6143,8128,02:00:42,7242,1720685950.3231583
2024-07-11 10:19:10,5.1,0.473,2.412,25.0,0.01,0.0,10.7,1207,6143,8128,02:00:42,7242,1720685950.6644957
2024-07-11 10:19:11,5.09,0.581,2.957,25.0,0.01,0.0,8.7,1207,6143,8129,02:00:42,7242,1720685951.0055017
2024-07-11 10:19:11,5.07,0.695,3.523,25.0,0.01,0.0,7.2,1207,6143,8129,02:00:43,7243,1720685951.348302
2024-07-11 10:19:11,5.07,0.695,3.523,25.0,0.01,0.0,7.2,1207,6143,8129,02:00:43,7243,1720685951.6883047
2024-07-11 10:19:12,5.09,0.572,2.911,25.0,0.01,0.0,8.8,1207,6144,8130,02:00:43,7243,1720685952.0295043
2024-07-11 10:19:12,5.09,0.572,2.911,25.0,0.01,0.0,8.8,1207,6144,8130,02:00:44,7244,1720685952.3708017
2024-07-11 10:19:12,5.08,0.632,3.21,25.0,0.01,0.0,8.0,1207,6145,8131,02:00:44,7244,1720685952.7118323
2024-07-11 10:19:13,5.09,0.58,2.952,25.0,0.01,0.0,8.7,1207,6145,8131,02:00:44,7244,1720685953.053098
2024-07-11 10:19:13,5.09,0.58,2.952,25.0,0.01,0.0,8.7,1207,6145,8131,02:00:45,7245,1720685953.3945715
2024-07-11 10:19:13,5.09,0.585,2.977,25.0,0.01,0.0,8.7,1207,6146,8132,02:00:45,7245,1720685953.7356124
2024-07-11 10:19:14,5.09,0.576,2.931,25.0,0.0,0.0,8.8,1207,6146,8132,02:00:45,7245,1720685954.0808034
2024-07-11 10:19:14,5.09,0.576,2.931,25.0,0.0,0.0,8.8,1207,6146,8132,02:00:46,7246,1720685954.4183056
2024-07-11 10:19:14,5.07,0.69,3.498,25.0,0.0,0.0,7.3,1208,6147,8133,02:00:46,7246,1720685954.7594972
2024-07-11 10:19:15,5.07,0.69,3.498,25.0,0.0,0.0,7.3,1208,6147,8133,02:00:47,7247,1720685955.123315
2024-07-11 10:19:15,5.05,0.868,4.383,25.0,0.0,0.0,5.8,1208,6147,8133,02:00:47,7247,1720685955.4483287
2024-07-11 10:19:15,5.05,0.883,4.459,25.0,0.0,0.0,5.7,1208,6148,8134,02:00:47,7247,1720685955.78328
2024-07-11 10:19:16,5.05,0.883,4.459,25.0,0.0,0.0,5.7,1208,6148,8134,02:00:48,7248,1720685956.1225755
2024-07-11 10:19:16,5.05,0.858,4.332,25.0,0.0,0.0,5.8,1208,6148,8134,02:00:48,7248,1720685956.4643328
2024-07-11 10:19:16,5.05,0.873,4.408,25.0,0.0,0.0,5.7,1208,6149,8135,02:00:48,7248,1720685956.8045077
2024-07-11 10:19:17,5.05,0.873,4.408,25.0,0.0,0.0,5.7,1208,6149,8135,02:00:49,7249,1720685957.14455
2024-07-11 10:19:17,5.05,0.88,4.444,25.0,0.0,0.0,5.7,1208,6149,8135,02:00:49,7249,1720685957.487057
2024-07-11 10:19:17,5.05,0.88,4.444,25.0,0.0,0.0,5.7,1208,6150,8136,02:00:49,7249,1720685957.8244987
2024-07-11 10:19:18,5.05,0.886,4.474,25.0,0.0,0.0,5.6,1208,6150,8136,02:00:50,7250,1720685958.1656191
2024-07-11 10:19:18,5.07,0.732,3.711,25.0,0.0,0.0,6.9,1208,6150,8136,02:00:50,7250,1720685958.5056832
2024-07-11 10:19:18,5.07,0.732,3.711,25.0,0.0,0.0,6.9,1209,6151,8137,02:00:50,7250,1720685958.8458195
2024-07-11 10:19:19,5.09,0.575,2.926,25.0,0.0,0.0,8.8,1209,6151,8137,02:00:51,7251,1720685959.1858163
2024-07-11 10:19:19,5.09,0.596,3.033,25.0,0.0,0.0,8.5,1209,6151,8137,02:00:51,7251,1720685959.5263503
2024-07-11 10:19:19,5.09,0.596,3.033,25.0,0.0,0.0,8.5,1209,6152,8138,02:00:51,7251,1720685959.8679843
2024-07-11 10:19:20,5.09,0.581,2.957,25.0,0.0,0.0,8.7,1209,6152,8138,02:00:52,7252,1720685960.238304
2024-07-11 10:19:20,5.09,0.581,2.957,25.0,0.0,0.0,8.7,1209,6152,8138,02:00:52,7252,1720685960.5495918
2024-07-11 10:19:20,5.09,0.587,2.987,25.0,0.0,0.0,8.6,1209,6153,8139,02:00:52,7252,1720685960.8908386
2024-07-11 10:19:21,5.09,0.589,2.998,25.0,0.0,0.0,8.6,1209,6153,8139,02:00:53,7253,1720685961.232081
2024-07-11 10:19:21,5.09,0.589,2.998,25.0,0.0,0.0,8.6,1209,6153,8139,02:00:53,7253,1720685961.5730507
2024-07-11 10:19:21,5.08,0.649,3.296,25.0,0.0,0.0,7.8,1209,6154,8140,02:00:53,7253,1720685961.9141765
2024-07-11 10:19:22,5.05,0.888,4.484,25.0,0.0,0.0,5.6,1209,6154,8140,02:00:54,7254,1720685962.2545786
2024-07-11 10:19:22,5.05,0.888,4.484,25.0,0.0,0.0,5.6,1209,6154,8140,02:00:54,7254,1720685962.5945885
2024-07-11 10:19:22,5.05,0.886,4.474,25.0,0.0,0.0,5.6,1209,6155,8141,02:00:54,7254,1720685962.9354346
2024-07-11 10:19:23,5.05,0.886,4.474,25.0,0.0,0.0,5.6,1209,6155,8141,02:00:55,7255,1720685963.2756279
2024-07-11 10:19:23,5.06,0.81,4.098,25.0,0.0,0.0,6.2,1209,6155,8141,02:00:55,7255,1720685963.6158407
2024-07-11 10:19:23,5.05,0.841,4.247,25.0,0.0,0.0,6.0,1210,6156,8142,02:00:55,7255,1720685963.9583106
2024-07-11 10:19:24,5.05,0.841,4.247,25.0,0.0,0.0,6.0,1210,6156,8142,02:00:56,7256,1720685964.295854
2024-07-11 10:19:24,5.06,0.762,3.855,25.0,0.0,0.0,6.6,1210,6156,8142,02:00:56,7256,1720685964.637052
2024-07-11 10:19:24,5.06,0.795,4.022,25.0,0.0,0.0,6.3,1210,6157,8143,02:00:56,7256,1720685964.9771006
2024-07-11 10:19:25,5.06,0.795,4.022,25.0,0.0,0.0,6.3,1210,6157,8143,02:00:57,7257,1720685965.3170524
2024-07-11 10:19:25,5.06,0.779,3.941,25.0,0.0,0.0,6.4,1210,6157,8143,02:00:57,7257,1720685965.6583257
2024-07-11 10:19:26,5.06,0.779,3.941,25.0,0.0,0.0,6.4,1210,6158,8144,02:00:57,7257,1720685966.001254
2024-07-11 10:19:26,5.06,0.768,3.886,25.0,0.0,0.0,6.5,1210,6158,8144,02:00:58,7258,1720685966.3375874
2024-07-11 10:19:26,5.06,0.771,3.901,25.0,0.0,0.0,6.5,1210,6159,8145,02:00:58,7258,1720685966.6815856
2024-07-11 10:19:27,5.06,0.771,3.901,25.0,0.0,0.0,6.5,1210,6159,8145,02:00:58,7258,1720685967.0199616
2024-07-11 10:19:27,5.06,0.772,3.906,25.0,0.0,0.0,6.5,1210,6159,8145,02:00:59,7259,1720685967.3595963
2024-07-11 10:19:27,5.06,0.774,3.916,25.0,0.0,0.0,6.5,1210,6161,8146,02:00:59,7259,1720685967.7008445
2024-07-11 10:19:28,5.06,0.774,3.916,25.0,0.0,0.0,6.5,1210,6161,8146,02:00:59,7259,1720685968.0425012
2024-07-11 10:19:28,5.06,0.784,3.967,25.0,0.0,0.0,6.4,1210,6161,8146,02:01:00,7260,1720685968.381441
2024-07-11 10:19:28,5.06,0.784,3.967,25.0,0.0,0.0,6.4,1211,6162,8147,02:01:00,7260,1720685968.721458
2024-07-11 10:19:29,5.06,0.756,3.825,25.0,0.0,0.0,6.6,1211,6162,8147,02:01:00,7260,1720685969.0621073
2024-07-11 10:19:29,5.06,0.783,3.961,25.0,0.0,0.0,6.4,1211,6162,8147,02:01:01,7261,1720685969.4058678
2024-07-11 10:19:29,5.06,0.783,3.961,25.0,0.0,0.0,6.4,1211,6163,8148,02:01:01,7261,1720685969.7430606
2024-07-11 10:19:30,5.06,0.772,3.906,25.0,0.0,0.0,6.5,1211,6163,8148,02:01:01,7261,1720685970.0891995
2024-07-11 10:19:30,5.06,0.774,3.916,25.0,0.0,0.0,6.5,1211,6163,8148,02:01:02,7262,1720685970.4246175
2024-07-11 10:19:30,5.06,0.774,3.916,25.0,0.0,0.0,6.5,1211,6164,8149,02:01:02,7262,1720685970.764618
2024-07-11 10:19:31,5.06,0.779,3.941,25.0,0.0,0.0,6.4,1211,6164,8149,02:01:03,7263,1720685971.1208777
2024-07-11 10:19:31,5.06,0.779,3.941,25.0,0.0,0.0,6.4,1211,6164,8149,02:01:03,7263,1720685971.4456306
2024-07-11 10:19:31,5.06,0.766,3.875,25.0,0.0,0.0,6.6,1211,6165,8150,02:01:03,7263,1720685971.7869182
2024-07-11 10:19:32,5.06,0.771,3.901,25.0,0.0,0.0,6.5,1211,6165,8150,02:01:04,7264,1720685972.1282794
2024-07-11 10:19:32,5.06,0.771,3.901,25.0,0.0,0.0,6.5,1211,6165,8150,02:01:04,7264,1720685972.4682896
2024-07-11 10:19:32,5.06,0.78,3.946,25.0,0.0,0.0,6.4,1211,6166,8151,02:01:04,7264,1720685972.8083053
2024-07-11 10:19:33,5.06,0.772,3.906,25.0,0.0,0.0,6.5,1211,6166,8151,02:01:05,7265,1720685973.1490257
2024-07-11 10:19:33,5.06,0.772,3.906,25.0,0.0,0.0,6.5,1211,6166,8151,02:01:05,7265,1720685973.4894476
2024-07-11 10:19:33,5.06,0.778,3.936,25.0,0.0,0.0,6.5,1212,6167,8152,02:01:05,7265,1720685973.83088
2024-07-11 10:19:34,5.06,0.778,3.936,25.0,0.0,0.0,6.5,1212,6167,8152,02:01:06,7266,1720685974.170905
2024-07-11 10:19:34,5.06,0.777,3.931,25.0,0.0,0.0,6.5,1212,6167,8152,02:01:06,7266,1720685974.512131
2024-07-11 10:19:34,5.06,0.771,3.901,25.0,0.0,0.0,6.5,1212,6168,8153,02:01:06,7266,1720685974.8546116
2024-07-11 10:19:35,5.06,0.771,3.901,25.0,0.0,0.0,6.5,1212,6168,8153,02:01:07,7267,1720685975.1933372
2024-07-11 10:19:35,5.06,0.772,3.906,25.0,0.0,0.0,6.5,1212,6168,8153,02:01:07,7267,1720685975.5333056
2024-07-11 10:19:35,5.06,0.782,3.956,25.0,0.0,0.0,6.4,1212,6169,8154,02:01:07,7267,1720685975.8746402
2024-07-11 10:19:36,5.06,0.782,3.956,25.0,0.0,0.0,6.4,1212,6169,8154,02:01:08,7268,1720685976.2408824
2024-07-11 10:19:36,5.06,0.776,3.926,25.0,0.0,0.0,6.5,1212,6169,8154,02:01:08,7268,1720685976.5549538
2024-07-11 10:19:36,5.06,0.776,3.926,25.0,0.0,0.0,6.5,1212,6170,8155,02:01:08,7268,1720685976.8966205
2024-07-11 10:19:37,5.06,0.771,3.901,25.0,0.0,0.0,6.5,1212,6170,8155,02:01:09,7269,1720685977.2383
2024-07-11 10:19:37,5.06,0.78,3.946,25.0,0.0,0.0,6.4,1212,6170,8155,02:01:09,7269,1720685977.5776756
2024-07-11 10:19:37,5.06,0.78,3.946,25.0,0.0,0.0,6.4,1213,6171,8156,02:01:09,7269,1720685977.9183319
2024-07-11 10:19:38,5.06,0.767,3.881,25.0,0.0,0.0,6.5,1213,6171,8156,02:01:10,7270,1720685978.2596307
2024-07-11 10:19:38,5.06,0.775,3.921,25.0,0.0,0.0,6.5,1213,6171,8156,02:01:10,7270,1720685978.6008728
2024-07-11 10:19:38,5.06,0.775,3.921,25.0,0.0,0.0,6.5,1213,6173,8157,02:01:10,7270,1720685978.9408388
2024-07-11 10:19:39,5.06,0.771,3.901,25.0,0.0,0.0,6.5,1213,6173,8157,02:01:11,7271,1720685979.282179
2024-07-11 10:19:39,5.06,0.771,3.901,25.0,0.0,0.0,6.5,1213,6173,8157,02:01:11,7271,1720685979.6246266
2024-07-11 10:19:39,5.06,0.776,3.926,25.0,0.0,0.0,6.5,1213,6174,8158,02:01:11,7271,1720685979.962417
2024-07-11 10:19:40,5.06,0.773,3.911,25.0,0.0,0.0,6.5,1213,6174,8158,02:01:12,7272,1720685980.302517
2024-07-11 10:19:40,5.06,0.773,3.911,25.0,0.0,0.0,6.5,1213,6174,8158,02:01:12,7272,1720685980.645843
2024-07-11 10:19:40,5.06,0.777,3.931,25.0,0.0,0.0,6.5,1213,6175,8159,02:01:12,7272,1720685980.984645
2024-07-11 10:19:41,5.06,0.775,3.921,25.0,0.0,0.0,6.5,1213,6175,8159,02:01:13,7273,1720685981.3254073
2024-07-11 10:19:41,5.06,0.775,3.921,25.0,0.0,0.0,6.5,1213,6176,8160,02:01:13,7273,1720685981.6671176
2024-07-11 10:19:42,5.06,0.776,3.926,25.0,0.0,0.0,6.5,1213,6176,8160,02:01:13,7273,1720685982.0066524
2024-07-11 10:19:42,5.06,0.776,3.926,25.0,0.0,0.0,6.5,1213,6176,8160,02:01:14,7274,1720685982.3483405
2024-07-11 10:19:42,5.06,0.775,3.921,25.0,0.0,0.0,6.5,1214,6177,8161,02:01:14,7274,1720685982.6896205
2024-07-11 10:19:43,5.06,0.772,3.906,25.0,0.0,0.0,6.5,1214,6177,8161,02:01:14,7274,1720685983.0292504
2024-07-11 10:19:43,5.06,0.772,3.906,25.0,0.0,0.0,6.5,1214,6177,8161,02:01:15,7275,1720685983.372616
2024-07-11 10:19:43,5.06,0.773,3.911,25.0,0.0,0.0,6.5,1214,6178,8162,02:01:15,7275,1720685983.710612
2024-07-11 10:19:44,5.06,0.777,3.931,25.0,0.0,0.0,6.5,1214,6178,8162,02:01:15,7275,1720685984.0521433
2024-07-11 10:19:44,5.06,0.777,3.931,25.0,0.0,0.0,6.5,1214,6178,8162,02:01:16,7276,1720685984.3931143
2024-07-11 10:19:44,5.06,0.777,3.931,25.0,0.0,0.0,6.5,1214,6179,8163,02:01:16,7276,1720685984.7396452
2024-07-11 10:19:45,5.06,0.777,3.931,25.0,0.0,0.0,6.5,1214,6179,8163,02:01:16,7276,1720685985.07466
2024-07-11 10:19:45,5.06,0.776,3.926,25.0,0.0,0.0,6.5,1214,6179,8163,02:01:17,7277,1720685985.4158661
2024-07-11 10:19:45,5.06,0.778,3.936,25.0,0.0,0.0,6.5,1214,6180,8164,02:01:17,7277,1720685985.7564235
2024-07-11 10:19:46,5.06,0.778,3.936,25.0,0.0,0.0,6.5,1214,6180,8164,02:01:17,7277,1720685986.0971594
2024-07-11 10:19:46,5.06,0.77,3.896,25.0,0.0,0.0,6.5,1214,6180,8164,02:01:18,7278,1720685986.438331
2024-07-11 10:19:46,5.06,0.777,3.931,25.0,0.0,0.0,6.5,1214,6181,8165,02:01:18,7278,1720685986.7832232
2024-07-11 10:19:47,5.06,0.777,3.931,25.0,0.0,0.0,6.5,1214,6181,8165,02:01:19,7279,1720685987.1223657
2024-07-11 10:19:47,5.06,0.773,3.911,25.0,0.0,0.0,6.5,1214,6181,8165,02:01:19,7279,1720685987.4608452
2024-07-11 10:19:47,5.06,0.773,3.911,25.0,0.0,0.0,6.5,1215,6182,8166,02:01:19,7279,1720685987.8018422
2024-07-11 10:19:48,5.06,0.778,3.936,25.0,0.0,0.0,6.5,1215,6182,8166,02:01:20,7280,1720685988.142191
2024-07-11 10:19:48,5.06,0.775,3.921,25.0,0.0,0.0,6.5,1215,6182,8166,02:01:20,7280,1720685988.4826374
2024-07-11 10:19:48,5.06,0.775,3.921,25.0,0.0,0.0,6.5,1215,6183,8167,02:01:20,7280,1720685988.830262
2024-07-11 10:19:49,5.06,0.776,3.926,25.0,0.0,0.0,6.5,1215,6183,8167,02:01:21,7281,1720685989.1659036
2024-07-11 10:19:49,5.06,0.779,3.941,25.0,0.0,0.0,6.4,1215,6183,8167,02:01:21,7281,1720685989.507135
2024-07-11 10:19:49,5.06,0.779,3.941,25.0,0.0,0.0,6.4,1215,6185,8168,02:01:21,7281,1720685989.8583615
2024-07-11 10:19:50,5.06,0.775,3.921,25.0,0.01,0.0,6.5,1215,6185,8168,02:01:22,7282,1720685990.1880684
2024-07-11 10:19:50,5.06,0.775,3.921,25.0,0.01,0.0,6.5,1215,6185,8168,02:01:22,7282,1720685990.528833
2024-07-11 10:19:50,5.06,0.778,3.936,25.0,0.0,0.0,6.5,1215,6186,8169,02:01:22,7282,1720685990.8809123
2024-07-11 10:19:51,5.06,0.772,3.906,25.0,0.01,0.0,6.5,1215,6186,8169,02:01:23,7283,1720685991.210908
2024-07-11 10:19:51,5.06,0.772,3.906,25.0,0.01,0.0,6.5,1215,6186,8169,02:01:23,7283,1720685991.5521398
2024-07-11 10:19:51,5.06,0.779,3.941,25.0,0.0,0.0,6.4,1216,6187,8170,02:01:23,7283,1720685991.899166
2024-07-11 10:19:52,5.06,0.77,3.896,25.0,0.0,0.0,6.5,1216,6187,8170,02:01:24,7284,1720685992.2407775
2024-07-11 10:19:52,5.06,0.77,3.896,25.0,0.0,0.0,6.5,1216,6187,8170,02:01:24,7284,1720685992.575902
2024-07-11 10:19:52,5.06,0.774,3.916,25.0,0.0,0.0,6.5,1216,6188,8171,02:01:24,7284,1720685992.924671
2024-07-11 10:19:53,5.06,0.774,3.916,25.0,0.0,0.0,6.5,1216,6188,8171,02:01:25,7285,1720685993.2571712
2024-07-11 10:19:53,5.06,0.779,3.941,25.0,0.01,0.0,6.4,1216,6188,8171,02:01:25,7285,1720685993.597931
2024-07-11 10:19:53,5.06,0.772,3.906,25.0,0.0,0.0,6.5,1216,6189,8172,02:01:25,7285,1720685993.9450064
2024-07-11 10:19:54,5.06,0.772,3.906,25.0,0.0,0.0,6.5,1216,6189,8172,02:01:26,7286,1720685994.2808766
2024-07-11 10:19:54,5.06,0.779,3.941,25.0,0.0,0.0,6.4,1216,6190,8173,02:01:26,7286,1720685994.6223862
2024-07-11 10:19:54,5.06,0.774,3.916,25.0,0.0,0.0,6.5,1216,6190,8173,02:01:26,7286,1720685994.9685185
2024-07-11 10:19:55,5.06,0.774,3.916,25.0,0.0,0.0,6.5,1216,6190,8173,02:01:27,7287,1720685995.3033917
2024-07-11 10:19:55,5.06,0.777,3.931,25.0,0.0,0.0,6.5,1216,6191,8174,02:01:27,7287,1720685995.6446688
2024-07-11 10:19:55,5.06,0.777,3.931,25.0,0.0,0.0,6.5,1216,6191,8174,02:01:27,7287,1720685995.9859102
2024-07-11 10:19:56,5.06,0.774,3.916,25.0,0.0,0.0,6.5,1216,6191,8174,02:01:28,7288,1720685996.3271425
2024-07-11 10:19:56,5.06,0.78,3.946,25.0,0.0,0.0,6.4,1217,6192,8175,02:01:28,7288,1720685996.6709423
2024-07-11 10:19:57,5.06,0.78,3.946,25.0,0.0,0.0,6.4,1217,6192,8175,02:01:28,7288,1720685997.0089676
2024-07-11 10:19:57,5.06,0.774,3.916,25.0,0.0,0.0,6.5,1217,6192,8175,02:01:29,7289,1720685997.3610578
2024-07-11 10:19:57,5.06,0.777,3.931,25.0,0.0,0.0,6.5,1217,6193,8176,02:01:29,7289,1720685997.6921992
2024-07-11 10:19:58,5.06,0.777,3.931,25.0,0.0,0.0,6.5,1217,6193,8176,02:01:29,7289,1720685998.035958
2024-07-11 10:19:58,5.06,0.778,3.936,25.0,0.0,0.0,6.5,1217,6193,8176,02:01:30,7290,1720685998.3734114
2024-07-11 10:19:58,5.06,0.778,3.936,25.0,0.0,0.0,6.5,1217,6194,8177,02:01:30,7290,1720685998.7146735
2024-07-11 10:19:59,5.06,0.775,3.921,25.0,0.0,0.0,6.5,1217,6194,8177,02:01:30,7290,1720685999.055751
2024-07-11 10:19:59,5.06,0.78,3.946,25.0,0.0,0.0,6.4,1217,6194,8177,02:01:31,7291,1720685999.3971922
2024-07-11 10:19:59,5.06,0.78,3.946,25.0,0.0,0.0,6.4,1217,6195,8178,02:01:31,7291,1720685999.738367
2024-07-11 10:20:00,5.06,0.775,3.921,25.0,0.0,0.0,6.5,1217,6195,8178,02:01:31,7291,1720686000.0796957
2024-07-11 10:20:00,5.06,0.786,3.977,25.0,0.0,0.0,6.4,1217,6195,8178,02:01:32,7292,1720686000.4207807
2024-07-11 10:20:00,5.06,0.786,3.977,25.0,0.0,0.0,6.4,1217,6197,8179,02:01:32,7292,1720686000.7625961
2024-07-11 10:20:01,5.06,0.773,3.911,25.0,0.0,0.0,6.5,1217,6197,8179,02:01:33,7293,1720686001.1034088
2024-07-11 10:20:01,5.06,0.773,3.911,25.0,0.0,0.0,6.5,1217,6197,8179,02:01:33,7293,1720686001.444677
2024-07-11 10:20:01,5.06,0.784,3.967,25.0,0.0,0.0,6.4,1218,6198,8180,02:01:33,7293,1720686001.785956
2024-07-11 10:20:02,5.06,0.78,3.946,25.0,0.0,0.0,6.4,1218,6198,8180,02:01:34,7294,1720686002.1270502
2024-07-11 10:20:02,5.06,0.78,3.946,25.0,0.0,0.0,6.4,1218,6198,8180,02:01:34,7294,1720686002.4810078
2024-07-11 10:20:02,5.06,0.773,3.911,25.0,0.0,0.0,6.5,1218,6199,8181,02:01:34,7294,1720686002.8096714
2024-07-11 10:20:03,5.06,0.776,3.926,25.0,0.0,0.0,6.5,1218,6199,8181,02:01:35,7295,1720686003.1509473
2024-07-11 10:20:03,5.06,0.776,3.926,25.0,0.0,0.0,6.5,1218,6199,8181,02:01:35,7295,1720686003.4909234
2024-07-11 10:20:03,5.06,0.774,3.916,25.0,0.0,0.0,6.5,1218,6200,8182,02:01:35,7295,1720686003.8320453
2024-07-11 10:20:04,5.06,0.774,3.916,25.0,0.0,0.0,6.5,1218,6200,8182,02:01:36,7296,1720686004.1729972
2024-07-11 10:20:04,5.06,0.782,3.956,25.0,0.0,0.0,6.4,1218,6200,8182,02:01:36,7296,1720686004.5146902
2024-07-11 10:20:04,5.06,0.775,3.921,25.0,0.0,0.0,6.5,1218,6201,8183,02:01:36,7296,1720686004.8559265
2024-07-11 10:20:05,5.06,0.775,3.921,25.0,0.0,0.0,6.5,1218,6201,8183,02:01:37,7297,1720686005.1971962
2024-07-11 10:20:05,5.06,0.776,3.926,25.0,0.0,0.0,6.5,1218,6201,8183,02:01:37,7297,1720686005.5383933
2024-07-11 10:20:05,5.06,0.78,3.946,25.0,0.0,0.0,6.4,1219,6202,8184,02:01:37,7297,1720686005.8797219
2024-07-11 10:20:06,5.06,0.78,3.946,25.0,0.0,0.0,6.4,1219,6202,8184,02:01:38,7298,1720686006.220931
2024-07-11 10:20:06,5.06,0.777,3.931,25.0,0.0,0.0,6.5,1219,6202,8184,02:01:38,7298,1720686006.5603657
2024-07-11 10:20:06,5.06,0.777,3.931,25.0,0.0,0.0,6.5,1219,6203,8185,02:01:38,7298,1720686006.90232
2024-07-11 10:20:07,5.06,0.776,3.926,25.0,0.0,0.0,6.5,1219,6203,8185,02:01:39,7299,1720686007.2433593
2024-07-11 10:20:07,5.06,0.778,3.936,25.0,0.0,0.0,6.5,1219,6203,8185,02:01:39,7299,1720686007.6035104
2024-07-11 10:20:07,5.06,0.778,3.936,25.0,0.0,0.0,6.5,1219,6204,8186,02:01:39,7299,1720686007.9245644
2024-07-11 10:20:08,5.06,0.775,3.921,25.0,0.0,0.0,6.5,1219,6204,8186,02:01:40,7300,1720686008.2659469
2024-07-11 10:20:08,5.06,0.779,3.941,25.0,0.0,0.0,6.4,1219,6205,8187,02:01:40,7300,1720686008.6071944
2024-07-11 10:20:08,5.06,0.779,3.941,25.0,0.0,0.0,6.4,1219,6205,8187,02:01:40,7300,1720686008.9481425
2024-07-11 10:20:09,5.06,0.78,3.946,25.0,0.0,0.0,6.4,1219,6205,8187,02:01:41,7301,1720686009.289732
2024-07-11 10:20:09,5.06,0.78,3.946,25.0,0.0,0.0,6.4,1219,6206,8188,02:01:41,7301,1720686009.6309469
2024-07-11 10:20:09,5.06,0.775,3.921,25.0,0.0,0.0,6.5,1219,6206,8188,02:01:41,7301,1720686009.9718308
2024-07-11 10:20:10,5.06,0.776,3.926,25.0,0.0,0.0,6.5,1219,6206,8188,02:01:42,7302,1720686010.31305
2024-07-11 10:20:10,5.06,0.776,3.926,25.0,0.0,0.0,6.5,1220,6207,8189,02:01:42,7302,1720686010.6531894
2024-07-11 10:20:10,5.06,0.781,3.951,25.0,0.0,0.0,6.4,1220,6207,8189,02:01:42,7302,1720686010.994112
2024-07-11 10:20:11,5.06,0.777,3.931,25.0,0.0,0.0,6.5,1220,6207,8189,02:01:43,7303,1720686011.3359401
2024-07-11 10:20:11,5.06,0.777,3.931,25.0,0.0,0.0,6.5,1220,6209,8190,02:01:43,7303,1720686011.6772113
2024-07-11 10:20:12,5.06,0.775,3.921,25.0,0.0,0.0,6.5,1220,6209,8190,02:01:43,7303,1720686012.0184069
2024-07-11 10:20:12,5.06,0.775,3.921,25.0,0.0,0.0,6.5,1220,6209,8190,02:01:44,7304,1720686012.3595893
2024-07-11 10:20:12,5.06,0.783,3.961,25.0,0.0,0.0,6.4,1220,6210,8191,02:01:44,7304,1720686012.723422
2024-07-11 10:20:13,5.06,0.773,3.911,25.0,0.0,0.0,6.5,1220,6210,8191,02:01:44,7304,1720686013.0422807
2024-07-11 10:20:13,5.06,0.773,3.911,25.0,0.0,0.0,6.5,1220,6210,8191,02:01:45,7305,1720686013.3820565
2024-07-11 10:20:13,5.06,0.775,3.921,25.0,0.0,0.0,6.5,1220,6211,8192,02:01:45,7305,1720686013.7235045
2024-07-11 10:20:14,5.06,0.777,3.931,25.0,0.0,0.0,6.5,1220,6211,8192,02:01:45,7305,1720686014.063958
2024-07-11 10:20:14,5.06,0.777,3.931,25.0,0.0,0.0,6.5,1220,6211,8192,02:01:46,7306,1720686014.4051533
2024-07-11 10:20:14,5.06,0.781,3.951,25.0,0.0,0.0,6.4,1220,6212,8193,02:01:46,7306,1720686014.7472243
2024-07-11 10:20:15,5.06,0.781,3.951,25.0,0.0,0.0,6.4,1220,6212,8193,02:01:46,7306,1720686015.0884726
2024-07-11 10:20:15,5.06,0.775,3.921,25.0,0.0,0.0,6.5,1220,6212,8193,02:01:47,7307,1720686015.4295616
2024-07-11 10:20:15,5.06,0.776,3.926,25.0,0.0,0.0,6.5,1221,6213,8194,02:01:47,7307,1720686015.770954
2024-07-11 10:20:16,5.06,0.776,3.926,25.0,0.0,0.0,6.5,1221,6213,8194,02:01:48,7308,1720686016.1109767
2024-07-11 10:20:16,5.06,0.781,3.951,25.0,0.0,0.0,6.4,1221,6213,8194,02:01:48,7308,1720686016.4521008
2024-07-11 10:20:16,5.06,0.782,3.956,25.0,0.0,0.0,6.4,1221,6214,8195,02:01:48,7308,1720686016.7959633
2024-07-11 10:20:17,5.06,0.782,3.956,25.0,0.0,0.0,6.4,1221,6214,8195,02:01:49,7309,1720686017.1346908
2024-07-11 10:20:17,5.06,0.778,3.936,25.0,0.0,0.0,6.5,1221,6214,8195,02:01:49,7309,1720686017.4751422
2024-07-11 10:20:17,5.06,0.778,3.936,25.0,0.0,0.0,6.5,1221,6215,8196,02:01:49,7309,1720686017.8431826
2024-07-11 10:20:18,5.06,0.78,3.946,25.0,0.0,0.0,6.4,1221,6215,8196,02:01:50,7310,1720686018.1584299
2024-07-11 10:20:18,5.06,0.782,3.956,25.0,0.0,0.0,6.4,1221,6215,8196,02:01:50,7310,1720686018.498346
2024-07-11 10:20:18,5.06,0.782,3.956,25.0,0.0,0.0,6.4,1221,6216,8197,02:01:50,7310,1720686018.8415127
2024-07-11 10:20:19,5.06,0.769,3.891,25.0,0.0,0.0,6.5,1221,6216,8197,02:01:51,7311,1720686019.1809847
2024-07-11 10:20:19,5.06,0.779,3.941,25.0,0.0,0.0,6.4,1221,6216,8197,02:01:51,7311,1720686019.5222158
2024-07-11 10:20:19,5.06,0.779,3.941,25.0,0.0,0.0,6.4,1222,6217,8198,02:01:51,7311,1720686019.8632228
2024-07-11 10:20:20,5.06,0.776,3.926,25.0,0.0,0.0,6.5,1222,6217,8198,02:01:52,7312,1720686020.2047164
2024-07-11 10:20:20,5.06,0.776,3.926,25.0,0.0,0.0,6.5,1222,6217,8198,02:01:52,7312,1720686020.5470917
2024-07-11 10:20:20,5.06,0.778,3.936,25.0,0.0,0.0,6.5,1222,6218,8199,02:01:52,7312,1720686020.885
2024-07-11 10:20:21,5.06,0.777,3.931,25.0,0.0,0.0,6.5,1222,6218,8199,02:01:53,7313,1720686021.2264924
2024-07-11 10:20:21,5.06,0.777,3.931,25.0,0.0,0.0,6.5,1222,6219,8200,02:01:53,7313,1720686021.5684962
2024-07-11 10:20:21,5.06,0.785,3.972,25.0,0.0,0.0,6.4,1222,6219,8200,02:01:53,7313,1720686021.909688
2024-07-11 10:20:22,5.06,0.772,3.906,25.0,0.0,0.0,6.5,1222,6219,8200,02:01:54,7314,1720686022.2509363
2024-07-11 10:20:22,5.06,0.772,3.906,25.0,0.0,0.0,6.5,1222,6221,8201,02:01:54,7314,1720686022.5909789
2024-07-11 10:20:22,5.06,0.777,3.931,25.0,0.0,0.0,6.5,1222,6221,8201,02:01:54,7314,1720686022.9610038
2024-07-11 10:20:23,5.06,0.777,3.931,25.0,0.0,0.0,6.5,1222,6221,8201,02:01:55,7315,1720686023.2727995
2024-07-11 10:20:23,5.06,0.776,3.926,25.0,0.0,0.0,6.5,1222,6222,8202,02:01:55,7315,1720686023.6146984
2024-07-11 10:20:23,5.06,0.775,3.921,25.0,0.0,0.0,6.5,1222,6222,8202,02:01:55,7315,1720686023.956012
2024-07-11 10:20:24,5.06,0.775,3.921,25.0,0.0,0.0,6.5,1222,6222,8202,02:01:56,7316,1720686024.295282
2024-07-11 10:20:24,5.06,0.783,3.961,25.0,0.0,0.0,6.4,1223,6223,8203,02:01:56,7316,1720686024.6369016
2024-07-11 10:20:24,5.06,0.777,3.931,25.0,0.0,0.0,6.5,1223,6223,8203,02:01:56,7316,1720686024.9812582
2024-07-11 10:20:25,5.06,0.777,3.931,25.0,0.0,0.0,6.5,1223,6223,8203,02:01:57,7317,1720686025.3197136
2024-07-11 10:20:25,5.06,0.781,3.951,25.0,0.0,0.0,6.4,1223,6224,8204,02:01:57,7317,1720686025.6604505
2024-07-11 10:20:26,5.06,0.781,3.951,25.0,0.0,0.0,6.4,1223,6224,8204,02:01:57,7317,1720686026.006346
2024-07-11 10:20:26,5.06,0.773,3.911,25.0,0.0,0.0,6.5,1223,6224,8204,02:01:58,7318,1720686026.3420937
2024-07-11 10:20:26,5.06,0.78,3.946,25.0,0.0,0.0,6.4,1223,6225,8205,02:01:58,7318,1720686026.6834884
2024-07-11 10:20:27,5.06,0.78,3.946,25.0,0.0,0.0,6.4,1223,6225,8205,02:01:58,7318,1720686027.024512
2024-07-11 10:20:27,5.06,0.779,3.941,25.0,0.0,0.0,6.4,1223,6225,8205,02:01:59,7319,1720686027.365495
2024-07-11 10:20:27,5.06,0.778,3.936,25.0,0.0,0.0,6.5,1223,6226,8206,02:01:59,7319,1720686027.7064266
2024-07-11 10:20:28,5.06,0.778,3.936,25.0,0.0,0.0,6.5,1223,6226,8206,02:01:59,7319,1720686028.0803938
2024-07-11 10:20:28,5.06,0.776,3.926,25.0,0.0,0.0,6.5,1223,6226,8206,02:02:00,7320,1720686028.3883953
2024-07-11 10:20:28,5.06,0.776,3.926,25.0,0.0,0.0,6.5,1224,6227,8207,02:02:00,7320,1720686028.7296124
2024-07-11 10:20:29,5.06,0.782,3.956,25.0,0.0,0.0,6.4,1224,6227,8207,02:02:00,7320,1720686029.0747871
2024-07-11 10:20:29,5.06,0.776,3.926,25.0,0.0,0.0,6.5,1224,6227,8207,02:02:01,7321,1720686029.4118989
2024-07-11 10:20:29,5.06,0.776,3.926,25.0,0.0,0.0,6.5,1224,6228,8208,02:02:01,7321,1720686029.7535572
2024-07-11 10:20:30,5.06,0.777,3.931,25.0,0.0,0.0,6.5,1224,6228,8208,02:02:01,7321,1720686030.098521
2024-07-11 10:20:30,5.06,0.781,3.951,25.0,0.0,0.0,6.4,1224,6228,8208,02:02:02,7322,1720686030.4347496
2024-07-11 10:20:30,5.06,0.781,3.951,25.0,0.0,0.0,6.4,1224,6229,8209,02:02:02,7322,1720686030.7759929
2024-07-11 10:20:31,5.06,0.774,3.916,25.0,0.0,0.0,6.5,1224,6229,8209,02:02:03,7323,1720686031.120624
2024-07-11 10:20:31,5.06,0.774,3.916,25.0,0.0,0.0,6.5,1224,6229,8209,02:02:03,7323,1720686031.457174
2024-07-11 10:20:31,5.06,0.789,3.992,25.0,0.0,0.0,6.4,1224,6230,8210,02:02:03,7323,1720686031.7985234
2024-07-11 10:20:32,5.06,0.776,3.926,25.0,0.0,0.0,6.5,1224,6230,8210,02:02:04,7324,1720686032.1485152
2024-07-11 10:20:32,5.06,0.776,3.926,25.0,0.0,0.0,6.5,1224,6230,8210,02:02:04,7324,1720686032.4810355
2024-07-11 10:20:32,5.06,0.782,3.956,25.0,0.0,0.0,6.4,1224,6231,8211,02:02:04,7324,1720686032.8209238
2024-07-11 10:20:33,5.06,0.775,3.921,25.0,0.0,0.0,6.5,1224,6231,8211,02:02:05,7325,1720686033.1617746
2024-07-11 10:20:33,5.06,0.775,3.921,25.0,0.0,0.0,6.5,1224,6231,8211,02:02:05,7325,1720686033.506058
2024-07-11 10:20:33,5.06,0.777,3.931,25.0,0.0,0.0,6.5,1225,6233,8212,02:02:05,7325,1720686033.8459964
2024-07-11 10:20:34,5.06,0.777,3.931,25.0,0.0,0.0,6.5,1225,6233,8212,02:02:06,7326,1720686034.1860118
2024-07-11 10:20:34,5.06,0.779,3.941,25.0,0.0,0.0,6.4,1225,6233,8212,02:02:06,7326,1720686034.5252733
2024-07-11 10:20:34,5.06,0.778,3.936,25.0,0.0,0.0,6.5,1225,6234,8213,02:02:06,7326,1720686034.8693273
2024-07-11 10:20:35,5.06,0.778,3.936,25.0,0.0,0.0,6.5,1225,6234,8213,02:02:07,7327,1720686035.2145224
2024-07-11 10:20:35,5.06,0.784,3.967,25.0,0.0,0.0,6.4,1225,6235,8214,02:02:07,7327,1720686035.5497363
2024-07-11 10:20:35,5.06,0.778,3.936,25.0,0.0,0.0,6.5,1225,6235,8214,02:02:07,7327,1720686035.8908887
2024-07-11 10:20:36,5.06,0.778,3.936,25.0,0.0,0.0,6.5,1225,6235,8214,02:02:08,7328,1720686036.2347798
2024-07-11 10:20:36,5.06,0.779,3.941,25.0,0.0,0.0,6.4,1225,6236,8215,02:02:08,7328,1720686036.5722723
2024-07-11 10:20:36,5.06,0.779,3.941,25.0,0.0,0.0,6.4,1225,6236,8215,02:02:08,7328,1720686036.9135098
2024-07-11 10:20:37,5.06,0.78,3.946,25.0,0.0,0.0,6.4,1225,6236,8215,02:02:09,7329,1720686037.2609856
2024-07-11 10:20:37,5.06,0.786,3.977,25.0,0.0,0.0,6.4,1225,6237,8216,02:02:09,7329,1720686037.5960367
2024-07-11 10:20:37,5.06,0.786,3.977,25.0,0.0,0.0,6.4,1225,6237,8216,02:02:09,7329,1720686037.936986
2024-07-11 10:20:38,5.06,0.773,3.911,25.0,0.0,0.0,6.5,1225,6237,8216,02:02:10,7330,1720686038.2768536
2024-07-11 10:20:38,5.06,0.78,3.946,25.0,0.0,0.0,6.4,1226,6238,8217,02:02:10,7330,1720686038.6182656
2024-07-11 10:20:38,5.06,0.78,3.946,25.0,0.0,0.0,6.4,1226,6238,8217,02:02:10,7330,1720686038.9625683
2024-07-11 10:20:39,5.06,0.784,3.967,25.0,0.0,0.0,6.4,1226,6238,8217,02:02:11,7331,1720686039.30102
2024-07-11 10:20:39,5.06,0.784,3.967,25.0,0.0,0.0,6.4,1226,6239,8218,02:02:11,7331,1720686039.6419501
2024-07-11 10:20:39,5.06,0.775,3.921,25.0,0.0,0.0,6.5,1226,6239,8218,02:02:11,7331,1720686039.9832253
2024-07-11 10:20:40,5.06,0.776,3.926,25.0,0.0,0.0,6.5,1226,6239,8218,02:02:12,7332,1720686040.3233345
2024-07-11 10:20:40,5.06,0.776,3.926,25.0,0.0,0.0,6.5,1226,6240,8219,02:02:12,7332,1720686040.664309
2024-07-11 10:20:41,5.06,0.78,3.946,25.0,0.0,0.0,6.4,1226,6240,8219,02:02:12,7332,1720686041.0058806
2024-07-11 10:20:41,5.06,0.777,3.931,25.0,0.0,0.0,6.5,1226,6240,8219,02:02:13,7333,1720686041.3472314
2024-07-11 10:20:41,5.06,0.777,3.931,25.0,0.0,0.0,6.5,1226,6241,8220,02:02:13,7333,1720686041.6882982
2024-07-11 10:20:42,5.06,0.779,3.941,25.0,0.0,0.0,6.4,1226,6241,8220,02:02:13,7333,1720686042.029742
2024-07-11 10:20:42,5.06,0.779,3.941,25.0,0.0,0.0,6.4,1226,6241,8220,02:02:14,7334,1720686042.3697731
2024-07-11 10:20:42,5.06,0.78,3.946,25.0,0.0,0.0,6.4,1227,6242,8221,02:02:14,7334,1720686042.7110486
2024-07-11 10:20:43,5.06,0.78,3.946,25.0,0.0,0.0,6.4,1227,6242,8221,02:02:14,7334,1720686043.051521
2024-07-11 10:20:43,5.06,0.78,3.946,25.0,0.0,0.0,6.4,1227,6242,8221,02:02:15,7335,1720686043.3925326
2024-07-11 10:20:43,5.06,0.777,3.931,25.0,0.0,0.0,6.5,1227,6243,8222,02:02:15,7335,1720686043.7335632
2024-07-11 10:20:44,5.06,0.779,3.941,25.0,0.0,0.0,6.4,1227,6243,8222,02:02:15,7335,1720686044.0809107
2024-07-11 10:20:44,5.06,0.779,3.941,25.0,0.0,0.0,6.4,1227,6243,8222,02:02:16,7336,1720686044.415999
2024-07-11 10:20:44,5.06,0.782,3.956,25.0,0.0,0.0,6.4,1227,6245,8223,02:02:16,7336,1720686044.7566276
2024-07-11 10:20:45,5.06,0.782,3.956,25.0,0.0,0.0,6.4,1227,6245,8223,02:02:16,7336,1720686045.0973952
2024-07-11 10:20:45,5.06,0.776,3.926,25.0,0.0,0.0,6.5,1227,6245,8223,02:02:17,7337,1720686045.438497
2024-07-11 10:20:45,5.06,0.779,3.941,25.0,0.0,0.0,6.4,1227,6246,8224,02:02:17,7337,1720686045.779798
2024-07-11 10:20:46,5.06,0.779,3.941,25.0,0.0,0.0,6.4,1227,6246,8224,02:02:18,7338,1720686046.1209884
2024-07-11 10:20:46,5.06,0.783,3.961,25.0,0.0,0.0,6.4,1227,6246,8224,02:02:18,7338,1720686046.4638264
2024-07-11 10:20:46,5.06,0.779,3.941,25.0,0.0,0.0,6.4,1227,6247,8225,02:02:18,7338,1720686046.8032897
2024-07-11 10:20:47,5.06,0.779,3.941,25.0,0.0,0.0,6.4,1227,6247,8225,02:02:19,7339,1720686047.1435452
2024-07-11 10:20:47,5.06,0.779,3.941,25.0,0.0,0.0,6.4,1227,6247,8225,02:02:19,7339,1720686047.4847884
2024-07-11 10:20:47,5.06,0.779,3.941,25.0,0.0,0.0,6.4,1228,6248,8226,02:02:19,7339,1720686047.8260098
2024-07-11 10:20:48,5.06,0.776,3.926,25.0,0.0,0.0,6.5,1228,6248,8226,02:02:20,7340,1720686048.1671124
2024-07-11 10:20:48,5.06,0.785,3.972,25.0,0.0,0.0,6.4,1228,6249,8227,02:02:20,7340,1720686048.5076957
2024-07-11 10:20:48,5.06,0.785,3.972,25.0,0.0,0.0,6.4,1228,6249,8227,02:02:20,7340,1720686048.8485587
2024-07-11 10:20:49,5.06,0.777,3.931,25.0,0.0,0.0,6.5,1228,6249,8227,02:02:21,7341,1720686049.2039008
2024-07-11 10:20:49,5.06,0.783,3.961,25.0,0.0,0.0,6.4,1228,6250,8228,02:02:21,7341,1720686049.5310245
2024-07-11 10:20:49,5.06,0.783,3.961,25.0,0.0,0.0,6.4,1228,6250,8228,02:02:21,7341,1720686049.8724332
2024-07-11 10:20:50,5.06,0.778,3.936,25.0,0.0,0.0,6.5,1228,6250,8228,02:02:22,7342,1720686050.2135003
2024-07-11 10:20:50,5.06,0.778,3.936,25.0,0.0,0.0,6.5,1228,6251,8229,02:02:22,7342,1720686050.55356
2024-07-11 10:20:50,5.06,0.787,3.982,25.0,0.0,0.0,6.4,1228,6251,8229,02:02:22,7342,1720686050.8948264
2024-07-11 10:20:51,5.06,0.777,3.931,25.0,0.0,0.0,6.5,1228,6251,8229,02:02:23,7343,1720686051.2359939
2024-07-11 10:20:51,5.06,0.777,3.931,25.0,0.0,0.0,6.5,1228,6252,8230,02:02:23,7343,1720686051.5772243
2024-07-11 10:20:51,5.06,0.778,3.936,25.0,0.0,0.0,6.5,1228,6252,8230,02:02:23,7343,1720686051.9177363
2024-07-11 10:20:52,5.06,0.781,3.951,25.0,0.0,0.0,6.4,1228,6252,8230,02:02:24,7344,1720686052.2585752
2024-07-11 10:20:52,5.06,0.781,3.951,25.0,0.0,0.0,6.4,1229,6253,8231,02:02:24,7344,1720686052.5998042
2024-07-11 10:20:52,5.06,0.782,3.956,25.0,0.0,0.0,6.4,1229,6253,8231,02:02:24,7344,1720686052.9410017
2024-07-11 10:20:53,5.06,0.782,3.956,25.0,0.0,0.0,6.4,1229,6253,8231,02:02:25,7345,1720686053.2825086
2024-07-11 10:20:53,5.06,0.782,3.956,25.0,0.0,0.0,6.4,1229,6254,8232,02:02:25,7345,1720686053.6235662
2024-07-11 10:20:53,5.06,0.777,3.931,25.0,0.0,0.0,6.5,1229,6254,8232,02:02:25,7345,1720686053.9647977
2024-07-11 10:20:54,5.06,0.777,3.931,25.0,0.0,0.0,6.5,1229,6254,8232,02:02:26,7346,1720686054.323495
2024-07-11 10:20:54,5.06,0.786,3.977,25.0,0.0,0.0,6.4,1229,6256,8233,02:02:26,7346,1720686054.645874
2024-07-11 10:20:54,5.06,0.776,3.926,25.0,0.0,0.0,6.5,1229,6256,8233,02:02:26,7346,1720686054.9863303
2024-07-11 10:20:55,5.06,0.776,3.926,25.0,0.0,0.0,6.5,1229,6256,8233,02:02:27,7347,1720686055.3277094
2024-07-11 10:20:55,5.06,0.781,3.951,25.0,0.0,0.0,6.4,1229,6257,8234,02:02:27,7347,1720686055.6690774
2024-07-11 10:20:56,5.06,0.781,3.951,25.0,0.0,0.0,6.4,1229,6257,8234,02:02:27,7347,1720686056.0110269
2024-07-11 10:20:56,5.06,0.781,3.951,25.0,0.0,0.0,6.4,1229,6257,8234,02:02:28,7348,1720686056.3510604
2024-07-11 10:20:56,5.06,0.783,3.961,25.0,0.0,0.0,6.4,1230,6258,8235,02:02:28,7348,1720686056.694851
2024-07-11 10:20:57,5.06,0.783,3.961,25.0,0.0,0.0,6.4,1230,6258,8235,02:02:28,7348,1720686057.0359125
2024-07-11 10:20:57,5.06,0.781,3.951,25.0,0.0,0.0,6.4,1230,6258,8235,02:02:29,7349,1720686057.3748162
2024-07-11 10:20:57,5.06,0.78,3.946,25.0,0.0,0.0,6.4,1230,6259,8236,02:02:29,7349,1720686057.7160437
2024-07-11 10:20:58,5.06,0.78,3.946,25.0,0.0,0.0,6.4,1230,6259,8236,02:02:29,7349,1720686058.0572782
2024-07-11 10:20:58,5.06,0.785,3.972,25.0,0.0,0.0,6.4,1230,6259,8236,02:02:30,7350,1720686058.3979385
2024-07-11 10:20:58,5.06,0.785,3.972,25.0,0.0,0.0,6.4,1230,6260,8237,02:02:30,7350,1720686058.7376852
2024-07-11 10:20:59,5.06,0.77,3.896,25.0,0.0,0.0,6.5,1230,6260,8237,02:02:30,7350,1720686059.0797827
2024-07-11 10:20:59,5.06,0.784,3.967,25.0,0.0,0.0,6.4,1230,6260,8237,02:02:31,7351,1720686059.4436545
2024-07-11 10:20:59,5.06,0.784,3.967,25.0,0.0,0.0,6.4,1230,6261,8238,02:02:31,7351,1720686059.7622972
2024-07-11 10:21:00,5.06,0.779,3.941,25.0,0.0,0.0,6.4,1230,6261,8238,02:02:32,7352,1720686060.1035998
2024-07-11 10:21:00,5.06,0.783,3.961,25.0,0.0,0.0,6.4,1230,6261,8238,02:02:32,7352,1720686060.4448178
2024-07-11 10:21:00,5.06,0.783,3.961,25.0,0.0,0.0,6.4,1230,6262,8239,02:02:32,7352,1720686060.7872407
2024-07-11 10:21:01,5.06,0.783,3.961,25.0,0.0,0.0,6.4,1230,6262,8239,02:02:33,7353,1720686061.1259081
2024-07-11 10:21:01,5.06,0.783,3.961,25.0,0.0,0.0,6.4,1230,6262,8239,02:02:33,7353,1720686061.4672897
2024-07-11 10:21:01,5.06,0.782,3.956,25.0,0.0,0.0,6.4,1231,6263,8240,02:02:33,7353,1720686061.8078892
2024-07-11 10:21:02,5.06,0.787,3.982,25.0,0.0,0.0,6.4,1231,6263,8240,02:02:34,7354,1720686062.1497705
2024-07-11 10:21:02,5.06,0.787,3.982,25.0,0.0,0.0,6.4,1231,6264,8241,02:02:34,7354,1720686062.4898467
2024-07-11 10:21:02,5.06,0.775,3.921,25.0,0.0,0.0,6.5,1231,6264,8241,02:02:34,7354,1720686062.8310406
2024-07-11 10:21:03,5.06,0.779,3.941,25.0,0.0,0.0,6.4,1231,6264,8241,02:02:35,7355,1720686063.1738968
2024-07-11 10:21:03,5.06,0.779,3.941,25.0,0.0,0.0,6.4,1231,6265,8242,02:02:35,7355,1720686063.513579
2024-07-11 10:21:03,5.06,0.778,3.936,25.0,0.0,0.0,6.5,1231,6265,8242,02:02:35,7355,1720686063.8548107
2024-07-11 10:21:04,5.06,0.778,3.936,25.0,0.0,0.0,6.5,1231,6265,8242,02:02:36,7356,1720686064.196105
2024-07-11 10:21:04,5.06,0.786,3.977,25.0,0.0,0.0,6.4,1231,6267,8243,02:02:36,7356,1720686064.561141
2024-07-11 10:21:04,5.06,0.774,3.916,25.0,0.0,0.0,6.5,1231,6267,8243,02:02:36,7356,1720686064.877298
2024-07-11 10:21:05,5.06,0.774,3.916,25.0,0.0,0.0,6.5,1231,6267,8243,02:02:37,7357,1720686065.2176604
2024-07-11 10:21:05,5.06,0.786,3.977,25.0,0.0,0.0,6.4,1232,6268,8244,02:02:37,7357,1720686065.5595179
2024-07-11 10:21:05,5.06,0.782,3.956,25.0,0.0,0.0,6.4,1232,6268,8244,02:02:37,7357,1720686065.9010718
2024-07-11 10:21:06,5.06,0.782,3.956,25.0,0.0,0.0,6.4,1232,6268,8244,02:02:38,7358,1720686066.2436128
2024-07-11 10:21:06,5.06,0.78,3.946,25.0,0.0,0.0,6.4,1232,6269,8245,02:02:38,7358,1720686066.5846798
2024-07-11 10:21:06,5.06,0.78,3.946,25.0,0.0,0.0,6.4,1232,6269,8245,02:02:38,7358,1720686066.9235573
2024-07-11 10:21:07,5.06,0.781,3.951,25.0,0.0,0.0,6.4,1232,6269,8245,02:02:39,7359,1720686067.2711325
2024-07-11 10:21:07,5.06,0.783,3.961,25.0,0.0,0.0,6.4,1232,6270,8246,02:02:39,7359,1720686067.606065
2024-07-11 10:21:07,5.06,0.783,3.961,25.0,0.0,0.0,6.4,1232,6270,8246,02:02:39,7359,1720686067.9473436
2024-07-11 10:21:08,5.06,0.786,3.977,25.0,0.0,0.0,6.4,1232,6270,8246,02:02:40,7360,1720686068.2873223
2024-07-11 10:21:08,5.06,0.779,3.941,25.0,0.0,0.0,6.4,1232,6271,8247,02:02:40,7360,1720686068.627673
2024-07-11 10:21:08,5.06,0.779,3.941,25.0,0.0,0.0,6.4,1232,6271,8247,02:02:40,7360,1720686068.9691494
2024-07-11 10:21:09,5.06,0.787,3.982,25.0,0.0,0.0,6.4,1232,6271,8247,02:02:41,7361,1720686069.3161151
2024-07-11 10:21:09,5.06,0.787,3.982,25.0,0.0,0.0,6.4,1232,6272,8248,02:02:41,7361,1720686069.6803226
2024-07-11 10:21:09,5.06,0.774,3.916,25.0,0.0,0.0,6.5,1232,6272,8248,02:02:41,7361,1720686069.991497
2024-07-11 10:21:10,5.06,0.781,3.951,25.0,0.0,0.0,6.4,1232,6272,8248,02:02:42,7362,1720686070.3424277
2024-07-11 10:21:10,5.06,0.781,3.951,25.0,0.0,0.0,6.4,1233,6273,8249,02:02:42,7362,1720686070.674866
2024-07-11 10:21:11,5.06,0.785,3.972,25.0,0.0,0.0,6.4,1233,6273,8249,02:02:42,7362,1720686071.0158787
2024-07-11 10:21:11,5.06,0.781,3.951,25.0,0.0,0.0,6.4,1233,6273,8249,02:02:43,7363,1720686071.3573961
2024-07-11 10:21:11,5.06,0.781,3.951,25.0,0.0,0.0,6.4,1233,6274,8250,02:02:43,7363,1720686071.6973934
2024-07-11 10:21:12,5.06,0.782,3.956,25.0,0.0,0.0,6.4,1233,6274,8250,02:02:43,7363,1720686072.0384676
2024-07-11 10:21:12,5.06,0.782,3.956,25.0,0.0,0.0,6.4,1233,6274,8250,02:02:44,7364,1720686072.3906133
2024-07-11 10:21:12,5.06,0.784,3.967,25.0,0.0,0.0,6.4,1233,6275,8251,02:02:44,7364,1720686072.7211
2024-07-11 10:21:13,5.06,0.782,3.956,25.0,0.0,0.0,6.4,1233,6275,8251,02:02:44,7364,1720686073.063626
2024-07-11 10:21:13,5.06,0.782,3.956,25.0,0.0,0.0,6.4,1233,6275,8251,02:02:45,7365,1720686073.411104
2024-07-11 10:21:13,5.06,0.78,3.946,25.0,0.0,0.0,6.4,1233,6276,8252,02:02:45,7365,1720686073.7436268
2024-07-11 10:21:14,5.06,0.781,3.951,25.0,0.0,0.0,6.4,1233,6276,8252,02:02:45,7365,1720686074.0848799
2024-07-11 10:21:14,5.06,0.781,3.951,25.0,0.0,0.0,6.4,1233,6276,8252,02:02:46,7366,1720686074.4249046
2024-07-11 10:21:14,5.06,0.78,3.946,25.0,0.0,0.0,6.4,1233,6277,8253,02:02:46,7366,1720686074.7660537
2024-07-11 10:21:15,5.06,0.78,3.946,25.0,0.0,0.0,6.4,1233,6277,8253,02:02:47,7367,1720686075.107196
2024-07-11 10:21:15,5.06,0.783,3.961,25.0,0.0,0.0,6.4,1233,6277,8253,02:02:47,7367,1720686075.448227
2024-07-11 10:21:15,5.06,0.784,3.967,25.0,0.0,0.0,6.4,1234,6279,8254,02:02:47,7367,1720686075.7881706
2024-07-11 10:21:16,5.06,0.784,3.967,25.0,0.0,0.0,6.4,1234,6279,8254,02:02:48,7368,1720686076.1298847
2024-07-11 10:21:16,5.06,0.782,3.956,25.0,0.0,0.0,6.4,1234,6280,8255,02:02:48,7368,1720686076.4710798
2024-07-11 10:21:16,5.06,0.783,3.961,25.0,0.0,0.0,6.4,1234,6280,8255,02:02:48,7368,1720686076.8124487
2024-07-11 10:21:17,5.06,0.783,3.961,25.0,0.0,0.0,6.4,1234,6280,8255,02:02:49,7369,1720686077.1523283
2024-07-11 10:21:17,5.06,0.778,3.936,25.0,0.0,0.0,6.5,1234,6281,8256,02:02:49,7369,1720686077.4935565
2024-07-11 10:21:17,5.06,0.778,3.936,25.0,0.0,0.0,6.5,1234,6281,8256,02:02:49,7369,1720686077.8348851
2024-07-11 10:21:18,5.06,0.786,3.977,25.0,0.0,0.0,6.4,1234,6281,8256,02:02:50,7370,1720686078.1761158
2024-07-11 10:21:18,5.06,0.776,3.926,25.0,0.0,0.0,6.5,1234,6282,8257,02:02:50,7370,1720686078.51724
2024-07-11 10:21:18,5.06,0.776,3.926,25.0,0.0,0.0,6.5,1234,6282,8257,02:02:50,7370,1720686078.8564339
2024-07-11 10:21:19,5.06,0.788,3.987,25.0,0.0,0.0,6.4,1234,6282,8257,02:02:51,7371,1720686079.1982448
2024-07-11 10:21:19,5.06,0.779,3.941,25.0,0.0,0.0,6.4,1235,6283,8258,02:02:51,7371,1720686079.5398943
2024-07-11 10:21:19,5.06,0.779,3.941,25.0,0.0,0.0,6.4,1235,6283,8258,02:02:51,7371,1720686079.8808005
2024-07-11 10:21:20,5.06,0.781,3.951,25.0,0.0,0.0,6.4,1235,6283,8258,02:02:52,7372,1720686080.221122
2024-07-11 10:21:20,5.06,0.781,3.951,25.0,0.0,0.0,6.4,1235,6284,8259,02:02:52,7372,1720686080.5636094
2024-07-11 10:21:20,5.06,0.784,3.967,25.0,0.0,0.0,6.4,1235,6284,8259,02:02:52,7372,1720686080.903762
2024-07-11 10:21:21,5.06,0.781,3.951,25.0,0.0,0.0,6.4,1235,6284,8259,02:02:53,7373,1720686081.2448952
2024-07-11 10:21:21,5.06,0.781,3.951,25.0,0.0,0.0,6.4,1235,6285,8260,02:02:53,7373,1720686081.5848842
2024-07-11 10:21:21,5.06,0.786,3.977,25.0,0.0,0.0,6.4,1235,6285,8260,02:02:53,7373,1720686081.9271472
2024-07-11 10:21:22,5.06,0.779,3.941,25.0,0.0,0.0,6.4,1235,6285,8260,02:02:54,7374,1720686082.2673595
2024-07-11 10:21:22,5.06,0.779,3.941,25.0,0.0,0.0,6.4,1235,6286,8261,02:02:54,7374,1720686082.6083663
2024-07-11 10:21:22,5.06,0.784,3.967,25.0,0.0,0.0,6.4,1235,6286,8261,02:02:54,7374,1720686082.948646
2024-07-11 10:21:23,5.06,0.784,3.967,25.0,0.0,0.0,6.4,1235,6286,8261,02:02:55,7375,1720686083.289904
2024-07-11 10:21:23,5.06,0.777,3.931,25.0,0.0,0.0,6.5,1235,6287,8262,02:02:55,7375,1720686083.6310713
2024-07-11 10:21:23,5.06,0.788,3.987,25.0,0.0,0.0,6.4,1235,6287,8262,02:02:55,7375,1720686083.9747899
2024-07-11 10:21:24,5.06,0.788,3.987,25.0,0.0,0.0,6.4,1235,6287,8262,02:02:56,7376,1720686084.3124056
2024-07-11 10:21:24,5.06,0.779,3.941,25.0,0.0,0.0,6.4,1236,6289,8263,02:02:56,7376,1720686084.6536255
2024-07-11 10:21:24,5.06,0.784,3.967,25.0,0.0,0.0,6.4,1236,6289,8263,02:02:56,7376,1720686084.9949102
2024-07-11 10:21:25,5.06,0.784,3.967,25.0,0.0,0.0,6.4,1236,6289,8263,02:02:57,7377,1720686085.3361125
2024-07-11 10:21:25,5.06,0.781,3.951,25.0,0.0,0.0,6.4,1236,6290,8264,02:02:57,7377,1720686085.6804643
2024-07-11 10:21:26,5.06,0.781,3.951,25.0,0.0,0.0,6.4,1236,6290,8264,02:02:57,7377,1720686086.0170038
2024-07-11 10:21:26,5.06,0.785,3.972,25.0,0.0,0.0,6.4,1236,6290,8264,02:02:58,7378,1720686086.3586383
2024-07-11 10:21:26,5.06,0.777,3.931,25.0,0.0,0.0,6.5,1236,6291,8265,02:02:58,7378,1720686086.6999002
2024-07-11 10:21:27,5.06,0.777,3.931,25.0,0.0,0.0,6.5,1236,6291,8265,02:02:58,7378,1720686087.039477
2024-07-11 10:21:27,5.06,0.78,3.946,25.0,0.0,0.0,6.4,1236,6291,8265,02:02:59,7379,1720686087.381129
2024-07-11 10:21:27,5.06,0.785,3.972,25.0,0.0,0.0,6.4,1236,6292,8266,02:02:59,7379,1720686087.722208
2024-07-11 10:21:28,5.06,0.785,3.972,25.0,0.0,0.0,6.4,1236,6292,8266,02:02:59,7379,1720686088.0621247
2024-07-11 10:21:28,5.06,0.78,3.946,25.0,0.0,0.0,6.4,1236,6292,8266,02:03:00,7380,1720686088.4036765
2024-07-11 10:21:28,5.06,0.78,3.946,25.0,0.0,0.0,6.4,1237,6293,8267,02:03:00,7380,1720686088.7448835
2024-07-11 10:21:29,5.06,0.781,3.951,25.0,0.0,0.0,6.4,1237,6293,8267,02:03:00,7380,1720686089.0852091
2024-07-11 10:21:29,5.06,0.784,3.967,25.0,0.0,0.0,6.4,1237,6294,8268,02:03:01,7381,1720686089.4269936
2024-07-11 10:21:29,5.06,0.784,3.967,25.0,0.0,0.0,6.4,1237,6294,8268,02:03:01,7381,1720686089.7673922
2024-07-11 10:21:30,5.06,0.782,3.956,25.0,0.0,0.0,6.4,1237,6294,8268,02:03:02,7382,1720686090.1081128
2024-07-11 10:21:30,5.06,0.778,3.936,25.0,0.0,0.0,6.5,1237,6295,8269,02:03:02,7382,1720686090.4482355
2024-07-11 10:21:30,5.06,0.778,3.936,25.0,0.0,0.0,6.5,1237,6295,8269,02:03:02,7382,1720686090.8037589
2024-07-11 10:21:31,5.06,0.779,3.941,25.0,0.0,0.0,6.4,1237,6295,8269,02:03:03,7383,1720686091.1303651
2024-07-11 10:21:31,5.06,0.779,3.941,25.0,0.0,0.0,6.4,1237,6296,8270,02:03:03,7383,1720686091.4715931
2024-07-11 10:21:31,5.06,0.797,4.032,25.0,0.0,0.0,6.3,1237,6296,8270,02:03:03,7383,1720686091.8159118
2024-07-11 10:21:32,5.06,0.775,3.921,25.0,0.0,0.0,6.5,1237,6296,8270,02:03:04,7384,1720686092.1544602
2024-07-11 10:21:32,5.06,0.775,3.921,25.0,0.0,0.0,6.5,1237,6297,8271,02:03:04,7384,1720686092.4960203
2024-07-11 10:21:32,5.06,0.788,3.987,25.0,0.0,0.0,6.4,1237,6297,8271,02:03:04,7384,1720686092.8370955
2024-07-11 10:21:33,5.06,0.778,3.936,25.0,0.0,0.0,6.5,1237,6297,8271,02:03:05,7385,1720686093.1779563
2024-07-11 10:21:33,5.06,0.778,3.936,25.0,0.0,0.0,6.5,1238,6298,8272,02:03:05,7385,1720686093.5193534
2024-07-11 10:21:33,5.06,0.784,3.967,25.0,0.0,0.0,6.4,1238,6298,8272,02:03:05,7385,1720686093.859494
2024-07-11 10:21:34,5.06,0.784,3.967,25.0,0.0,0.0,6.4,1238,6298,8272,02:03:06,7386,1720686094.2010267
2024-07-11 10:21:34,5.06,0.77,3.896,25.0,0.0,0.0,6.5,1238,6299,8273,02:03:06,7386,1720686094.5423634
2024-07-11 10:21:34,5.06,0.785,3.972,25.0,0.0,0.0,6.4,1238,6299,8273,02:03:06,7386,1720686094.8836083
2024-07-11 10:21:35,5.06,0.785,3.972,25.0,0.0,0.0,6.4,1238,6299,8273,02:03:07,7387,1720686095.224901
2024-07-11 10:21:35,5.06,0.787,3.982,25.0,0.0,0.0,6.4,1238,6301,8274,02:03:07,7387,1720686095.5662124
2024-07-11 10:21:35,5.06,0.78,3.946,25.0,0.0,0.0,6.4,1238,6301,8274,02:03:07,7387,1720686095.922955
2024-07-11 10:21:36,5.06,0.78,3.946,25.0,0.0,0.0,6.4,1238,6301,8274,02:03:08,7388,1720686096.2480102
2024-07-11 10:21:36,5.06,0.789,3.992,25.0,0.0,0.0,6.4,1238,6302,8275,02:03:08,7388,1720686096.5899162
2024-07-11 10:21:36,5.06,0.789,3.992,25.0,0.0,0.0,6.4,1238,6302,8275,02:03:08,7388,1720686096.9310536
2024-07-11 10:21:37,5.06,0.773,3.911,25.0,0.0,0.0,6.5,1238,6302,8275,02:03:09,7389,1720686097.2736533
2024-07-11 10:21:37,5.06,0.783,3.961,25.0,0.0,0.0,6.4,1238,6303,8276,02:03:09,7389,1720686097.612678
2024-07-11 10:21:37,5.06,0.783,3.961,25.0,0.0,0.0,6.4,1238,6303,8276,02:03:09,7389,1720686097.9536583
2024-07-11 10:21:38,5.06,0.776,3.926,25.0,0.0,0.0,6.5,1238,6303,8276,02:03:10,7390,1720686098.2949262
2024-07-11 10:21:38,5.06,0.785,3.972,25.0,0.0,0.0,6.4,1239,6304,8277,02:03:10,7390,1720686098.6377058
2024-07-11 10:21:38,5.06,0.785,3.972,25.0,0.0,0.0,6.4,1239,6304,8277,02:03:10,7390,1720686098.9773176
2024-07-11 10:21:39,5.06,0.78,3.946,25.0,0.0,0.0,6.4,1239,6304,8277,02:03:11,7391,1720686099.3183262
2024-07-11 10:21:39,5.06,0.78,3.946,25.0,0.0,0.0,6.4,1239,6305,8278,02:03:11,7391,1720686099.659018
2024-07-11 10:21:40,5.06,0.788,3.987,25.0,0.0,0.0,6.4,1239,6305,8278,02:03:11,7391,1720686100.0036252
2024-07-11 10:21:40,5.06,0.785,3.972,25.0,0.0,0.0,6.4,1239,6305,8278,02:03:12,7392,1720686100.342478
2024-07-11 10:21:40,5.06,0.785,3.972,25.0,0.0,0.0,6.4,1239,6306,8279,02:03:12,7392,1720686100.6821642
2024-07-11 10:21:41,5.06,0.768,3.886,25.0,0.0,0.0,6.5,1239,6306,8279,02:03:12,7392,1720686101.0407345
2024-07-11 10:21:41,5.06,0.791,4.002,25.0,0.0,0.0,6.3,1239,6306,8279,02:03:13,7393,1720686101.3660204
2024-07-11 10:21:41,5.06,0.791,4.002,25.0,0.0,0.0,6.3,1239,6307,8280,02:03:13,7393,1720686101.7062078
2024-07-11 10:21:42,5.06,0.772,3.906,25.0,0.0,0.0,6.5,1239,6307,8280,02:03:13,7393,1720686102.047311
2024-07-11 10:21:42,5.06,0.772,3.906,25.0,0.0,0.0,6.5,1239,6307,8280,02:03:14,7394,1720686102.3886976
2024-07-11 10:21:42,5.06,0.792,4.007,25.0,0.0,0.0,6.3,1240,6308,8281,02:03:14,7394,1720686102.7292514
2024-07-11 10:21:43,5.06,0.779,3.941,25.0,0.0,0.0,6.4,1240,6308,8281,02:03:14,7394,1720686103.0703902
2024-07-11 10:21:43,5.06,0.779,3.941,25.0,0.0,0.0,6.4,1240,6309,8282,02:03:15,7395,1720686103.4174552
2024-07-11 10:21:43,5.06,0.79,3.997,25.0,0.0,0.0,6.4,1240,6309,8282,02:03:15,7395,1720686103.7522058
2024-07-11 10:21:44,5.06,0.775,3.921,25.0,0.01,0.0,6.5,1240,6309,8282,02:03:15,7395,1720686104.0948741
2024-07-11 10:21:44,5.06,0.775,3.921,25.0,0.01,0.0,6.5,1240,6310,8283,02:03:16,7396,1720686104.4438312
2024-07-11 10:21:44,5.06,0.775,3.921,25.0,0.01,0.0,6.5,1240,6310,8283,02:03:16,7396,1720686104.776184
2024-07-11 10:21:45,5.06,0.775,3.921,25.0,0.01,0.0,6.5,1240,6310,8283,02:03:17,7397,1720686105.1174855
2024-07-11 10:21:45,5.06,0.793,4.012,25.0,0.01,0.0,6.3,1240,6312,8284,02:03:17,7397,1720686105.462151
2024-07-11 10:21:45,5.06,0.775,3.921,25.0,0.01,0.0,6.5,1240,6312,8284,02:03:17,7397,1720686105.7999601
2024-07-11 10:21:46,5.06,0.775,3.921,25.0,0.01,0.0,6.5,1240,6312,8284,02:03:18,7398,1720686106.1607974
2024-07-11 10:21:46,5.06,0.793,4.012,25.0,0.0,0.0,6.3,1240,6313,8285,02:03:18,7398,1720686106.4892561
2024-07-11 10:21:46,5.06,0.776,3.926,25.0,0.01,0.0,6.5,1240,6313,8285,02:03:18,7398,1720686106.8237336
2024-07-11 10:21:47,5.06,0.776,3.926,25.0,0.01,0.0,6.5,1240,6313,8285,02:03:19,7399,1720686107.1649823
2024-07-11 10:21:47,5.06,0.784,3.967,25.0,0.0,0.0,6.4,1241,6314,8286,02:03:19,7399,1720686107.513702
2024-07-11 10:21:47,5.06,0.784,3.967,25.0,0.0,0.0,6.4,1241,6314,8286,02:03:19,7399,1720686107.8474576
2024-07-11 10:21:48,5.06,0.771,3.901,25.0,0.01,0.0,6.5,1241,6314,8286,02:03:20,7400,1720686108.1883025
2024-07-11 10:21:48,5.06,0.79,3.997,25.0,0.0,0.0,6.4,1241,6315,8287,02:03:20,7400,1720686108.529709
2024-07-11 10:21:48,5.06,0.79,3.997,25.0,0.0,0.0,6.4,1241,6315,8287,02:03:20,7400,1720686108.8699043
2024-07-11 10:21:49,5.06,0.775,3.921,25.0,0.0,0.0,6.5,1241,6315,8287,02:03:21,7401,1720686109.2112067
2024-07-11 10:21:49,5.06,0.787,3.982,25.0,0.0,0.0,6.4,1241,6316,8288,02:03:21,7401,1720686109.562356
2024-07-11 10:21:49,5.06,0.787,3.982,25.0,0.0,0.0,6.4,1241,6316,8288,02:03:21,7401,1720686109.8934915
2024-07-11 10:21:50,5.06,0.792,4.007,25.0,0.0,0.0,6.3,1241,6316,8288,02:03:22,7402,1720686110.2343285
2024-07-11 10:21:50,5.06,0.792,4.007,25.0,0.0,0.0,6.3,1241,6317,8289,02:03:22,7402,1720686110.5773077
2024-07-11 10:21:50,5.06,0.774,3.916,25.0,0.0,0.0,6.5,1241,6317,8289,02:03:22,7402,1720686110.9172034
2024-07-11 10:21:51,5.06,0.786,3.977,25.0,0.0,0.0,6.4,1241,6317,8289,02:03:23,7403,1720686111.2815204
2024-07-11 10:21:51,5.06,0.786,3.977,25.0,0.0,0.0,6.4,1242,6318,8290,02:03:23,7403,1720686111.6074858
2024-07-11 10:21:51,5.06,0.775,3.921,25.0,0.01,0.0,6.5,1242,6318,8290,02:03:23,7403,1720686111.9395812
2024-07-11 10:21:52,5.06,0.783,3.961,25.0,0.0,0.0,6.4,1242,6318,8290,02:03:24,7404,1720686112.2811875
2024-07-11 10:21:52,5.06,0.783,3.961,25.0,0.0,0.0,6.4,1242,6319,8291,02:03:24,7404,1720686112.63117
2024-07-11 10:21:52,5.06,0.773,3.911,25.0,0.01,0.0,6.5,1242,6319,8291,02:03:24,7404,1720686112.9629996
2024-07-11 10:21:53,5.06,0.773,3.911,25.0,0.01,0.0,6.5,1242,6319,8291,02:03:25,7405,1720686113.3041885
2024-07-11 10:21:53,5.06,0.794,4.017,25.0,0.0,0.0,6.3,1242,6320,8292,02:03:25,7405,1720686113.6474864
2024-07-11 10:21:53,5.06,0.777,3.931,25.0,0.01,0.0,6.5,1242,6320,8292,02:03:25,7405,1720686113.9874759
2024-07-11 10:21:54,5.06,0.777,3.931,25.0,0.01,0.0,6.5,1242,6320,8292,02:03:26,7406,1720686114.32748
2024-07-11 10:21:54,5.06,0.788,3.987,25.0,0.01,0.0,6.4,1242,6321,8293,02:03:26,7406,1720686114.6786954
2024-07-11 10:21:55,5.06,0.78,3.946,25.0,0.0,0.0,6.4,1242,6321,8293,02:03:26,7406,1720686115.009965
2024-07-11 10:21:55,5.06,0.78,3.946,25.0,0.0,0.0,6.4,1242,6321,8293,02:03:27,7407,1720686115.3511767
2024-07-11 10:21:55,5.06,0.774,3.916,25.0,0.01,0.0,6.5,1242,6322,8294,02:03:27,7407,1720686115.6999724
2024-07-11 10:21:56,5.06,0.774,3.916,25.0,0.01,0.0,6.5,1242,6322,8294,02:03:27,7407,1720686116.0336652
2024-07-11 10:21:56,5.06,0.792,4.007,25.0,0.0,0.0,6.3,1243,6324,8295,02:03:28,7408,1720686116.4007099
2024-07-11 10:21:56,5.06,0.776,3.926,25.0,0.0,0.0,6.5,1243,6324,8295,02:03:28,7408,1720686116.715765
2024-07-11 10:21:57,5.06,0.776,3.926,25.0,0.0,0.0,6.5,1243,6324,8295,02:03:28,7408,1720686117.0574834
2024-07-11 10:21:57,5.06,0.796,4.027,25.0,0.0,0.0,6.3,1243,6325,8296,02:03:29,7409,1720686117.397495
2024-07-11 10:21:57,5.06,0.774,3.916,25.0,0.0,0.0,6.5,1243,6325,8296,02:03:29,7409,1720686117.7387037
2024-07-11 10:21:58,5.06,0.774,3.916,25.0,0.0,0.0,6.5,1243,6325,8296,02:03:29,7409,1720686118.0800016
2024-07-11 10:21:58,5.06,0.788,3.987,25.0,0.0,0.0,6.4,1243,6326,8297,02:03:30,7410,1720686118.4207044
2024-07-11 10:21:58,5.06,0.788,3.987,25.0,0.0,0.0,6.4,1243,6326,8297,02:03:30,7410,1720686118.7623699
2024-07-11 10:21:59,5.06,0.773,3.911,25.0,0.0,0.0,6.5,1243,6326,8297,02:03:31,7411,1720686119.10369
2024-07-11 10:21:59,5.06,0.785,3.972,25.0,0.0,0.0,6.4,1243,6327,8298,02:03:31,7411,1720686119.4448159
2024-07-11 10:21:59,5.06,0.785,3.972,25.0,0.0,0.0,6.4,1243,6327,8298,02:03:31,7411,1720686119.7859247
2024-07-11 10:22:00,5.06,0.783,3.961,25.0,0.0,0.0,6.4,1243,6327,8298,02:03:32,7412,1720686120.127197
2024-07-11 10:22:00,5.06,0.785,3.972,25.0,0.0,0.0,6.4,1243,6328,8299,02:03:32,7412,1720686120.468708
2024-07-11 10:22:00,5.06,0.785,3.972,25.0,0.0,0.0,6.4,1243,6328,8299,02:03:32,7412,1720686120.8086758
2024-07-11 10:22:01,5.06,0.79,3.997,25.0,0.0,0.0,6.4,1243,6328,8299,02:03:33,7413,1720686121.149674
2024-07-11 10:22:01,5.06,0.79,3.997,25.0,0.0,0.0,6.4,1244,6329,8300,02:03:33,7413,1720686121.5211892
2024-07-11 10:22:01,5.06,0.778,3.936,25.0,0.0,0.0,6.5,1244,6329,8300,02:03:33,7413,1720686121.8323567
2024-07-11 10:22:02,5.06,0.788,3.987,25.0,0.0,0.0,6.4,1244,6329,8300,02:03:34,7414,1720686122.1737127
2024-07-11 10:22:02,5.06,0.788,3.987,25.0,0.0,0.0,6.4,1244,6330,8301,02:03:34,7414,1720686122.51501
2024-07-11 10:22:02,5.06,0.787,3.982,25.0,0.0,0.0,6.4,1244,6330,8301,02:03:34,7414,1720686122.8562574
2024-07-11 10:22:03,5.06,0.78,3.946,25.0,0.0,0.0,6.4,1244,6330,8301,02:03:35,7415,1720686123.1974282
2024-07-11 10:22:03,5.06,0.78,3.946,25.0,0.0,0.0,6.4,1244,6331,8302,02:03:35,7415,1720686123.5383058
2024-07-11 10:22:03,5.06,0.79,3.997,25.0,0.0,0.0,6.4,1244,6331,8302,02:03:35,7415,1720686123.8800063
2024-07-11 10:22:04,5.06,0.79,3.997,25.0,0.0,0.0,6.4,1244,6331,8302,02:03:36,7416,1720686124.2217417
2024-07-11 10:22:04,5.06,0.773,3.911,25.0,0.0,0.0,6.5,1244,6332,8303,02:03:36,7416,1720686124.5613086
2024-07-11 10:22:04,5.06,0.785,3.972,25.0,0.0,0.0,6.4,1244,6332,8303,02:03:36,7416,1720686124.9022949
2024-07-11 10:22:05,5.06,0.785,3.972,25.0,0.0,0.0,6.4,1244,6332,8303,02:03:37,7417,1720686125.2436914
2024-07-11 10:22:05,5.06,0.772,3.906,25.0,0.0,0.0,6.5,1245,6333,8304,02:03:37,7417,1720686125.5849946
2024-07-11 10:22:05,5.06,0.795,4.022,25.0,0.0,0.0,6.3,1245,6333,8304,02:03:37,7417,1720686125.9263098
2024-07-11 10:22:06,5.06,0.795,4.022,25.0,0.0,0.0,6.3,1245,6333,8304,02:03:38,7418,1720686126.2662709
2024-07-11 10:22:06,5.06,0.785,3.972,25.0,0.0,0.0,6.4,1245,6335,8305,02:03:38,7418,1720686126.6397562
2024-07-11 10:22:06,5.06,0.785,3.972,25.0,0.0,0.0,6.4,1245,6335,8305,02:03:38,7418,1720686126.9479332
2024-07-11 10:22:07,5.06,0.787,3.982,25.0,0.0,0.0,6.4,1245,6335,8305,02:03:39,7419,1720686127.2900174
2024-07-11 10:22:07,5.06,0.788,3.987,25.0,0.0,0.0,6.4,1245,6336,8306,02:03:39,7419,1720686127.6312823
2024-07-11 10:22:07,5.06,0.788,3.987,25.0,0.0,0.0,6.4,1245,6336,8306,02:03:39,7419,1720686127.9725335
2024-07-11 10:22:08,5.06,0.769,3.891,25.0,0.0,0.0,6.5,1245,6336,8306,02:03:40,7420,1720686128.3137343
2024-07-11 10:22:08,5.06,0.791,4.002,25.0,0.0,0.0,6.3,1245,6337,8307,02:03:40,7420,1720686128.6536417
2024-07-11 10:22:08,5.06,0.791,4.002,25.0,0.0,0.0,6.3,1245,6337,8307,02:03:40,7420,1720686128.9949946
2024-07-11 10:22:09,5.06,0.791,4.002,25.0,0.0,0.0,6.3,1245,6337,8307,02:03:41,7421,1720686129.3363078
2024-07-11 10:22:09,5.06,0.791,4.002,25.0,0.0,0.0,6.3,1245,6338,8308,02:03:41,7421,1720686129.677546
2024-07-11 10:22:10,5.06,0.787,3.982,25.0,0.0,0.0,6.4,1245,6338,8308,02:03:41,7421,1720686130.0185196
2024-07-11 10:22:10,5.06,0.779,3.941,25.0,0.0,0.0,6.4,1246,6339,8309,02:03:42,7422,1720686130.3591633
2024-07-11 10:22:10,5.06,0.779,3.941,25.0,0.0,0.0,6.4,1246,6339,8309,02:03:42,7422,1720686130.6999962
2024-07-11 10:22:11,5.07,0.717,3.635,25.0,0.0,0.0,7.0,1246,6339,8309,02:03:42,7422,1720686131.0412655
2024-07-11 10:22:11,5.1,0.5,2.55,25.0,0.0,0.0,10.2,1246,6340,8310,02:03:43,7423,1720686131.3822534
2024-07-11 10:22:11,5.1,0.5,2.55,25.0,0.0,0.0,10.2,1246,6340,8310,02:03:43,7423,1720686131.7237806
2024-07-11 10:22:12,5.1,0.497,2.534,25.0,0.0,0.0,10.2,1246,6340,8310,02:03:43,7423,1720686132.0661833
2024-07-11 10:22:12,5.1,0.497,2.534,25.0,0.0,0.0,10.2,1246,6341,8311,02:03:44,7424,1720686132.4075196
2024-07-11 10:22:12,5.1,0.5,2.55,25.0,0.0,0.0,10.2,1246,6341,8311,02:03:44,7424,1720686132.7475374
2024-07-11 10:22:13,5.1,0.497,2.534,25.0,0.0,0.0,10.2,1246,6341,8311,02:03:44,7424,1720686133.0885396
2024-07-11 10:22:13,5.1,0.497,2.534,25.0,0.0,0.0,10.2,1246,6341,8312,02:03:45,7425,1720686133.4290843
2024-07-11 10:22:13,5.1,0.494,2.519,25.0,0.0,0.0,10.3,1246,6341,8312,02:03:45,7425,1720686133.7710006
2024-07-11 10:22:14,5.1,0.497,2.534,25.0,0.0,0.0,10.2,1246,6341,8312,02:03:46,7426,1720686134.1125865
2024-07-11 10:22:14,5.1,0.497,2.534,25.0,0.0,0.0,10.2,1246,6342,8313,02:03:46,7426,1720686134.4526174
2024-07-11 10:22:14,5.1,0.502,2.56,25.0,0.0,0.0,10.1,1246,6342,8313,02:03:46,7426,1720686134.79372
2024-07-11 10:22:15,5.1,0.502,2.56,25.0,0.0,0.0,10.1,1246,6342,8313,02:03:47,7427,1720686135.137554
2024-07-11 10:22:15,5.1,0.494,2.519,25.0,0.0,0.0,10.3,1246,6343,8314,02:03:47,7427,1720686135.4762814
2024-07-11 10:22:15,5.1,0.496,2.529,25.0,0.0,0.0,10.2,1246,6343,8314,02:03:47,7427,1720686135.8175426
2024-07-11 10:22:16,5.1,0.496,2.529,25.0,0.0,0.0,10.2,1246,6343,8314,02:03:48,7428,1720686136.1587496
2024-07-11 10:22:16,5.1,0.48,2.448,25.0,0.0,0.0,10.6,1247,6344,8315,02:03:48,7428,1720686136.5026615
2024-07-11 10:22:16,5.1,0.478,2.437,25.0,0.0,0.0,10.6,1247,6344,8315,02:03:48,7428,1720686136.8411684
2024-07-11 10:22:17,5.1,0.478,2.437,25.0,0.0,0.0,10.6,1247,6344,8315,02:03:49,7429,1720686137.1810403
2024-07-11 10:22:17,5.1,0.475,2.422,25.0,0.0,0.0,10.7,1247,6344,8316,02:03:49,7429,1720686137.5237913
2024-07-11 10:22:17,5.1,0.475,2.422,25.0,0.0,0.0,10.7,1247,6344,8316,02:03:49,7429,1720686137.8650224
2024-07-11 10:22:18,5.1,0.479,2.442,25.0,0.0,0.0,10.6,1247,6344,8316,02:03:50,7430,1720686138.2049997
2024-07-11 10:22:18,5.1,0.477,2.432,25.0,0.0,0.0,10.6,1247,6345,8317,02:03:50,7430,1720686138.5462897
2024-07-11 10:22:18,5.1,0.477,2.432,25.0,0.0,0.0,10.6,1247,6345,8317,02:03:50,7430,1720686138.8863056
2024-07-11 10:22:19,5.1,0.474,2.417,25.0,0.0,0.0,10.7,1247,6345,8317,02:03:51,7431,1720686139.227249
2024-07-11 10:22:19,5.1,0.476,2.427,25.0,0.0,0.0,10.7,1247,6346,8318,02:03:51,7431,1720686139.5688074
2024-07-11 10:22:19,5.1,0.476,2.427,25.0,0.0,0.0,10.7,1247,6346,8318,02:03:51,7431,1720686139.9100215
2024-07-11 10:22:20,5.1,0.476,2.427,25.0,0.0,0.0,10.7,1247,6346,8318,02:03:52,7432,1720686140.2512293
2024-07-11 10:22:20,5.1,0.476,2.427,25.0,0.0,0.0,10.7,1247,6346,8319,02:03:52,7432,1720686140.5931275
2024-07-11 10:22:20,5.1,0.477,2.432,25.0,0.0,0.0,10.6,1247,6346,8319,02:03:52,7432,1720686140.9324915
2024-07-11 10:22:21,5.1,0.474,2.417,25.0,0.0,0.0,10.7,1247,6346,8319,02:03:53,7433,1720686141.2736719
2024-07-11 10:22:21,5.1,0.474,2.417,25.0,0.0,0.0,10.7,1247,6347,8320,02:03:53,7433,1720686141.615007
2024-07-11 10:22:21,5.1,0.475,2.422,25.0,0.0,0.0,10.7,1247,6347,8320,02:03:53,7433,1720686141.95633
2024-07-11 10:22:22,5.1,0.475,2.422,25.0,0.0,0.0,10.7,1247,6347,8320,02:03:54,7434,1720686142.296319
2024-07-11 10:22:22,5.1,0.475,2.422,25.0,0.0,0.0,10.7,1247,6348,8321,02:03:54,7434,1720686142.6415615
2024-07-11 10:22:22,5.1,0.472,2.407,25.0,0.0,0.0,10.8,1247,6348,8321,02:03:54,7434,1720686142.9813056
2024-07-11 10:22:23,5.1,0.472,2.407,25.0,0.0,0.0,10.8,1247,6348,8322,02:03:55,7435,1720686143.3200557
2024-07-11 10:22:23,5.1,0.475,2.422,25.0,0.0,0.0,10.7,1247,6348,8322,02:03:55,7435,1720686143.6595788
2024-07-11 10:22:24,5.1,0.474,2.417,25.0,0.0,0.0,10.7,1247,6348,8322,02:03:55,7435,1720686144.0004451
2024-07-11 10:22:24,5.1,0.474,2.417,25.0,0.0,0.0,10.7,1248,6349,8323,02:03:56,7436,1720686144.3438108
2024-07-11 10:22:24,5.1,0.472,2.407,25.0,0.0,0.0,10.8,1248,6349,8323,02:03:56,7436,1720686144.6837919
2024-07-11 10:22:25,5.1,0.474,2.417,25.0,0.01,0.0,10.7,1248,6349,8323,02:03:56,7436,1720686145.0250113
2024-07-11 10:22:25,5.1,0.474,2.417,25.0,0.01,0.0,10.7,1248,6350,8324,02:03:57,7437,1720686145.3657565
2024-07-11 10:22:25,5.1,0.474,2.417,25.0,0.01,0.0,10.7,1248,6350,8324,02:03:57,7437,1720686145.7145736
2024-07-11 10:22:26,5.1,0.474,2.417,25.0,0.01,0.0,10.7,1248,6350,8324,02:03:57,7437,1720686146.0465586
2024-07-11 10:22:26,5.1,0.475,2.422,25.0,0.01,0.0,10.7,1248,6350,8325,02:03:58,7438,1720686146.3883681
2024-07-11 10:22:26,5.1,0.472,2.407,25.0,0.01,0.0,10.8,1248,6350,8325,02:03:58,7438,1720686146.7341032
2024-07-11 10:22:27,5.1,0.472,2.407,25.0,0.01,0.0,10.8,1248,6350,8325,02:03:58,7438,1720686147.0712302
2024-07-11 10:22:27,5.1,0.475,2.422,25.0,0.01,0.0,10.7,1248,6351,8326,02:03:59,7439,1720686147.411662
2024-07-11 10:22:27,5.1,0.473,2.412,25.0,0.01,0.0,10.7,1248,6351,8326,02:03:59,7439,1720686147.7615654
2024-07-11 10:22:28,5.1,0.473,2.412,25.0,0.01,0.0,10.7,1248,6351,8326,02:03:59,7439,1720686148.0934577
2024-07-11 10:22:28,5.1,0.471,2.402,25.0,0.01,0.0,10.8,1248,6352,8327,02:04:00,7440,1720686148.4350376
2024-07-11 10:22:28,5.1,0.471,2.402,25.0,0.01,0.0,10.8,1248,6352,8327,02:04:00,7440,1720686148.7775867
2024-07-11 10:22:29,5.1,0.474,2.417,25.0,0.01,0.0,10.7,1248,6352,8327,02:04:01,7441,1720686149.1175892
2024-07-11 10:22:29,5.1,0.476,2.427,25.0,0.01,0.0,10.7,1248,6352,8328,02:04:01,7441,1720686149.458812
2024-07-11 10:22:29,5.1,0.476,2.427,25.0,0.01,0.0,10.7,1248,6352,8328,02:04:01,7441,1720686149.8051186
2024-07-11 10:22:30,5.1,0.474,2.417,25.0,0.01,0.0,10.7,1248,6352,8328,02:04:02,7442,1720686150.140007
2024-07-11 10:22:30,5.1,0.472,2.407,25.0,0.01,0.0,10.8,1248,6353,8329,02:04:02,7442,1720686150.480767
2024-07-11 10:22:30,5.1,0.472,2.407,25.0,0.01,0.0,10.8,1248,6353,8329,02:04:02,7442,1720686150.831675
2024-07-11 10:22:31,5.1,0.473,2.412,25.0,0.01,0.0,10.7,1248,6353,8329,02:04:03,7443,1720686151.1649776
2024-07-11 10:22:31,5.1,0.473,2.412,25.0,0.01,0.0,10.7,1249,6354,8330,02:04:03,7443,1720686151.503826
2024-07-11 10:22:31,5.1,0.475,2.422,25.0,0.01,0.0,10.7,1249,6354,8330,02:04:03,7443,1720686151.8538947
2024-07-11 10:22:32,5.1,0.471,2.402,25.0,0.01,0.0,10.8,1249,6354,8330,02:04:04,7444,1720686152.1863403
2024-07-11 10:22:32,5.1,0.471,2.402,25.0,0.01,0.0,10.8,1249,6354,8331,02:04:04,7444,1720686152.5260673
2024-07-11 10:22:32,5.1,0.474,2.417,25.0,0.01,0.0,10.7,1249,6354,8331,02:04:04,7444,1720686152.8813627
2024-07-11 10:22:33,5.1,0.474,2.417,25.0,0.01,0.0,10.7,1249,6354,8331,02:04:05,7445,1720686153.2088478
2024-07-11 10:22:33,5.1,0.474,2.417,25.0,0.01,0.0,10.7,1249,6355,8332,02:04:05,7445,1720686153.5500908
2024-07-11 10:22:33,5.1,0.471,2.402,25.0,0.01,0.0,10.8,1249,6355,8332,02:04:05,7445,1720686153.8986058
2024-07-11 10:22:34,5.1,0.471,2.402,25.0,0.01,0.0,10.8,1249,6355,8332,02:04:06,7446,1720686154.2311811
2024-07-11 10:22:34,5.1,0.472,2.407,25.0,0.01,0.0,10.8,1249,6356,8333,02:04:06,7446,1720686154.5726879
2024-07-11 10:22:34,5.1,0.473,2.412,25.0,0.01,0.0,10.7,1249,6356,8333,02:04:06,7446,1720686154.9224837
2024-07-11 10:22:35,5.1,0.473,2.412,25.0,0.01,0.0,10.7,1249,6356,8333,02:04:07,7447,1720686155.2538323
2024-07-11 10:22:35,5.1,0.472,2.407,25.0,0.01,0.0,10.8,1249,6356,8334,02:04:07,7447,1720686155.5950994
2024-07-11 10:22:35,5.1,0.471,2.402,25.0,0.01,0.0,10.8,1249,6356,8334,02:04:07,7447,1720686155.9427385
2024-07-11 10:22:36,5.1,0.471,2.402,25.0,0.01,0.0,10.8,1249,6356,8334,02:04:08,7448,1720686156.2763586
2024-07-11 10:22:36,5.1,0.473,2.412,25.0,0.01,0.0,10.7,1249,6357,8335,02:04:08,7448,1720686156.617549
2024-07-11 10:22:36,5.1,0.473,2.412,25.0,0.01,0.0,10.7,1249,6357,8335,02:04:08,7448,1720686156.9587958
2024-07-11 10:22:37,5.1,0.473,2.412,25.0,0.01,0.0,10.7,1249,6358,8336,02:04:09,7449,1720686157.299301
2024-07-11 10:22:37,5.1,0.47,2.397,25.0,0.01,0.0,10.8,1249,6358,8336,02:04:09,7449,1720686157.6408837
2024-07-11 10:22:38,5.1,0.47,2.397,25.0,0.01,0.0,10.8,1249,6358,8336,02:04:09,7449,1720686158.0013645
2024-07-11 10:22:38,5.1,0.475,2.422,25.0,0.01,0.0,10.7,1249,6358,8337,02:04:10,7450,1720686158.322876
2024-07-11 10:22:38,5.1,0.473,2.412,25.0,0.01,0.0,10.7,1249,6358,8337,02:04:10,7450,1720686158.6638446
2024-07-11 10:22:39,5.1,0.473,2.412,25.0,0.01,0.0,10.7,1249,6358,8337,02:04:10,7450,1720686159.0050519
2024-07-11 10:22:39,5.1,0.473,2.412,25.0,0.01,0.0,10.7,1250,6359,8338,02:04:11,7451,1720686159.34623
2024-07-11 10:22:39,5.1,0.473,2.412,25.0,0.01,0.0,10.7,1250,6359,8338,02:04:11,7451,1720686159.6863928
2024-07-11 10:22:40,5.1,0.47,2.397,25.0,0.01,0.0,10.8,1250,6359,8338,02:04:11,7451,1720686160.0271935
2024-07-11 10:22:40,5.1,0.474,2.417,25.0,0.01,0.0,10.7,1250,6360,8339,02:04:12,7452,1720686160.3688378
2024-07-11 10:22:40,5.1,0.474,2.417,25.0,0.01,0.0,10.7,1250,6360,8339,02:04:12,7452,1720686160.7097244
2024-07-11 10:22:41,5.1,0.474,2.417,25.0,0.01,0.0,10.7,1250,6360,8339,02:04:12,7452,1720686161.049227
2024-07-11 10:22:41,5.1,0.47,2.397,25.0,0.01,0.0,10.8,1250,6360,8340,02:04:13,7453,1720686161.3913603
2024-07-11 10:22:41,5.1,0.47,2.397,25.0,0.01,0.0,10.8,1250,6360,8340,02:04:13,7453,1720686161.732578
2024-07-11 10:22:42,5.1,0.473,2.412,25.0,0.01,0.0,10.7,1250,6360,8340,02:04:13,7453,1720686162.0738294
2024-07-11 10:22:42,5.1,0.473,2.412,25.0,0.01,0.0,10.7,1250,6361,8341,02:04:14,7454,1720686162.4136286
2024-07-11 10:22:42,5.1,0.472,2.407,25.0,0.01,0.0,10.8,1250,6361,8341,02:04:14,7454,1720686162.755071
2024-07-11 10:22:43,5.1,0.47,2.397,25.0,0.01,0.0,10.8,1250,6361,8341,02:04:15,7455,1720686163.1213238
2024-07-11 10:22:43,5.1,0.47,2.397,25.0,0.01,0.0,10.8,1250,6362,8342,02:04:15,7455,1720686163.4371717
2024-07-11 10:22:43,5.1,0.472,2.407,25.0,0.01,0.0,10.8,1250,6362,8342,02:04:15,7455,1720686163.7770898
2024-07-11 10:22:44,5.1,0.472,2.407,25.0,0.01,0.0,10.8,1250,6362,8342,02:04:16,7456,1720686164.1184433
2024-07-11 10:22:44,5.1,0.472,2.407,25.0,0.01,0.0,10.8,1250,6362,8343,02:04:16,7456,1720686164.459538
2024-07-11 10:22:44,5.1,0.472,2.407,25.0,0.01,0.0,10.8,1250,6362,8343,02:04:16,7456,1720686164.7997456
2024-07-11 10:22:45,5.1,0.472,2.407,25.0,0.01,0.0,10.8,1250,6362,8343,02:04:17,7457,1720686165.1409988
2024-07-11 10:22:45,5.1,0.47,2.397,25.0,0.01,0.0,10.8,1250,6363,8344,02:04:17,7457,1720686165.482234
2024-07-11 10:22:45,5.1,0.472,2.407,25.0,0.01,0.0,10.8,1250,6363,8344,02:04:17,7457,1720686165.8263104
2024-07-11 10:22:46,5.1,0.472,2.407,25.0,0.01,0.0,10.8,1250,6363,8344,02:04:18,7458,1720686166.163754
2024-07-11 10:22:46,5.1,0.473,2.412,25.0,0.01,0.0,10.7,1250,6364,8345,02:04:18,7458,1720686166.5050614
2024-07-11 10:22:46,5.1,0.469,2.391,25.0,0.01,0.0,10.8,1250,6364,8345,02:04:18,7458,1720686166.8461866
2024-07-11 10:22:47,5.1,0.469,2.391,25.0,0.01,0.0,10.8,1250,6364,8345,02:04:19,7459,1720686167.188867
2024-07-11 10:22:47,5.1,0.472,2.407,25.0,0.01,0.0,10.8,1251,6364,8346,02:04:19,7459,1720686167.5269456
2024-07-11 10:22:47,5.1,0.472,2.407,25.0,0.01,0.0,10.8,1251,6364,8346,02:04:19,7459,1720686167.8685486
2024-07-11 10:22:48,5.1,0.472,2.407,25.0,0.01,0.0,10.8,1251,6364,8346,02:04:20,7460,1720686168.2424843
2024-07-11 10:22:48,5.1,0.472,2.407,25.0,0.01,0.0,10.8,1251,6365,8347,02:04:20,7460,1720686168.552685
2024-07-11 10:22:48,5.1,0.472,2.407,25.0,0.01,0.0,10.8,1251,6365,8347,02:04:20,7460,1720686168.890975
2024-07-11 10:22:49,5.1,0.469,2.391,25.0,0.01,0.0,10.8,1251,6365,8347,02:04:21,7461,1720686169.2321658
2024-07-11 10:22:49,5.1,0.474,2.417,25.0,0.01,0.0,10.7,1251,6366,8348,02:04:21,7461,1720686169.5739188
2024-07-11 10:22:49,5.1,0.474,2.417,25.0,0.01,0.0,10.7,1251,6366,8348,02:04:21,7461,1720686169.913871
2024-07-11 10:22:50,5.1,0.471,2.402,25.0,0.01,0.0,10.8,1251,6366,8349,02:04:22,7462,1720686170.255102
2024-07-11 10:22:50,5.1,0.471,2.402,25.0,0.01,0.0,10.8,1251,6366,8349,02:04:22,7462,1720686170.59641
2024-07-11 10:22:50,5.1,0.469,2.391,25.0,0.01,0.0,10.8,1251,6366,8349,02:04:22,7462,1720686170.9355025
2024-07-11 10:22:51,5.1,0.471,2.402,25.0,0.01,0.0,10.8,1251,6367,8350,02:04:23,7463,1720686171.2798784
2024-07-11 10:22:51,5.1,0.471,2.402,25.0,0.01,0.0,10.8,1251,6367,8350,02:04:23,7463,1720686171.6200836
2024-07-11 10:22:51,5.1,0.471,2.402,25.0,0.01,0.0,10.8,1251,6367,8350,02:04:23,7463,1720686171.960067
2024-07-11 10:22:52,5.1,0.469,2.391,25.0,0.01,0.0,10.8,1251,6368,8351,02:04:24,7464,1720686172.301376
2024-07-11 10:22:52,5.1,0.469,2.391,25.0,0.01,0.0,10.8,1251,6368,8351,02:04:24,7464,1720686172.655118
2024-07-11 10:22:52,5.1,0.471,2.402,25.0,0.01,0.0,10.8,1251,6368,8351,02:04:24,7464,1720686172.9838715
2024-07-11 10:22:53,5.1,0.471,2.402,25.0,0.01,0.0,10.8,1251,6368,8352,02:04:25,7465,1720686173.3250852
2024-07-11 10:22:53,5.1,0.471,2.402,25.0,0.01,0.0,10.8,1251,6368,8352,02:04:25,7465,1720686173.666413
2024-07-11 10:22:54,5.1,0.471,2.402,25.0,0.01,0.0,10.8,1251,6368,8352,02:04:25,7465,1720686174.0088582
2024-07-11 10:22:54,5.1,0.471,2.402,25.0,0.01,0.0,10.8,1252,6369,8353,02:04:26,7466,1720686174.3489215
2024-07-11 10:22:54,5.1,0.469,2.391,25.0,0.01,0.0,10.8,1252,6369,8353,02:04:26,7466,1720686174.6900396
2024-07-11 10:22:55,5.1,0.472,2.407,25.0,0.01,0.0,10.8,1252,6369,8353,02:04:26,7466,1720686175.0310242
2024-07-11 10:22:55,5.1,0.472,2.407,25.0,0.01,0.0,10.8,1252,6370,8354,02:04:27,7467,1720686175.3726425
2024-07-11 10:22:55,5.1,0.477,2.432,25.0,0.01,0.0,10.6,1252,6370,8354,02:04:27,7467,1720686175.7138538
2024-07-11 10:22:56,5.1,0.477,2.432,25.0,0.01,0.0,10.6,1252,6370,8354,02:04:27,7467,1720686176.0538719
2024-07-11 10:22:56,5.1,0.468,2.386,25.0,0.01,0.0,10.8,1252,6370,8355,02:04:28,7468,1720686176.396392
2024-07-11 10:22:56,5.1,0.472,2.407,25.0,0.01,0.0,10.8,1252,6370,8355,02:04:28,7468,1720686176.7388756
2024-07-11 10:22:57,5.1,0.472,2.407,25.0,0.01,0.0,10.8,1252,6370,8355,02:04:28,7468,1720686177.0776448
2024-07-11 10:22:57,5.1,0.471,2.402,25.0,0.01,0.0,10.8,1252,6371,8356,02:04:29,7469,1720686177.4200547
2024-07-11 10:22:57,5.11,0.47,2.401,25.0,0.01,0.0,10.8,1252,6371,8356,02:04:29,7469,1720686177.7634025
2024-07-11 10:22:58,5.11,0.47,2.401,25.0,0.01,0.0,10.8,1252,6371,8356,02:04:29,7469,1720686178.1009426
2024-07-11 10:22:58,5.1,0.469,2.391,25.0,0.01,0.0,10.8,1252,6372,8357,02:04:30,7470,1720686178.4427457
2024-07-11 10:22:58,5.1,0.469,2.391,25.0,0.01,0.0,10.8,1252,6372,8357,02:04:30,7470,1720686178.7838867
2024-07-11 10:22:59,5.1,0.471,2.402,25.0,0.01,0.0,10.8,1252,6372,8357,02:04:31,7471,1720686179.126429
2024-07-11 10:22:59,5.1,0.47,2.397,25.0,0.01,0.0,10.8,1252,6372,8358,02:04:31,7471,1720686179.4664106
2024-07-11 10:22:59,5.1,0.47,2.397,25.0,0.01,0.0,10.8,1252,6372,8358,02:04:31,7471,1720686179.8092196
2024-07-11 10:23:00,5.1,0.468,2.386,25.0,0.01,0.0,10.8,1252,6372,8358,02:04:32,7472,1720686180.1488938
2024-07-11 10:23:00,5.1,0.472,2.407,25.0,0.01,0.0,10.8,1252,6373,8359,02:04:32,7472,1720686180.489886
2024-07-11 10:23:00,5.1,0.472,2.407,25.0,0.01,0.0,10.8,1252,6373,8359,02:04:32,7472,1720686180.8304894
2024-07-11 10:23:01,5.1,0.475,2.422,25.0,0.01,0.0,10.7,1252,6373,8359,02:04:33,7473,1720686181.171205
2024-07-11 10:23:01,5.1,0.475,2.422,25.0,0.01,0.0,10.7,1252,6374,8360,02:04:33,7473,1720686181.512643
2024-07-11 10:23:01,5.1,0.469,2.391,25.0,0.01,0.0,10.8,1252,6374,8360,02:04:33,7473,1720686181.8538854
2024-07-11 10:23:02,5.1,0.47,2.397,25.0,0.01,0.0,10.8,1252,6374,8360,02:04:34,7474,1720686182.1951644
2024-07-11 10:23:02,5.1,0.47,2.397,25.0,0.01,0.0,10.8,1253,6374,8361,02:04:34,7474,1720686182.5364106
2024-07-11 10:23:02,5.1,0.47,2.397,25.0,0.01,0.0,10.8,1253,6374,8361,02:04:34,7474,1720686182.8775606
2024-07-11 10:23:03,5.1,0.47,2.397,25.0,0.01,0.0,10.8,1253,6374,8361,02:04:35,7475,1720686183.2175436
2024-07-11 10:23:03,5.1,0.47,2.397,25.0,0.01,0.0,10.8,1253,6375,8362,02:04:35,7475,1720686183.5588977
2024-07-11 10:23:03,5.11,0.468,2.391,25.0,0.01,0.0,10.9,1253,6375,8362,02:04:35,7475,1720686183.9051683
2024-07-11 10:23:04,5.11,0.468,2.391,25.0,0.01,0.0,10.9,1253,6376,8363,02:04:36,7476,1720686184.2476587
2024-07-11 10:23:04,5.1,0.471,2.402,25.0,0.01,0.0,10.8,1253,6376,8363,02:04:36,7476,1720686184.5822003
2024-07-11 10:23:04,5.1,0.471,2.402,25.0,0.01,0.0,10.8,1253,6376,8363,02:04:36,7476,1720686184.9249947
2024-07-11 10:23:05,5.1,0.471,2.402,25.0,0.01,0.0,10.8,1253,6376,8364,02:04:37,7477,1720686185.2651565
2024-07-11 10:23:05,5.11,0.468,2.391,25.0,0.0,0.0,10.9,1253,6376,8364,02:04:37,7477,1720686185.6051555
2024-07-11 10:23:05,5.1,0.471,2.402,25.0,0.0,0.0,10.8,1253,6376,8364,02:04:37,7477,1720686185.94891
2024-07-11 10:23:06,5.1,0.471,2.402,25.0,0.0,0.0,10.8,1253,6377,8365,02:04:38,7478,1720686186.2876549
2024-07-11 10:23:06,5.1,0.47,2.397,25.0,0.0,0.0,10.8,1253,6377,8365,02:04:38,7478,1720686186.6288946
2024-07-11 10:23:06,5.1,0.47,2.397,25.0,0.0,0.0,10.8,1253,6377,8365,02:04:38,7478,1720686186.972187
2024-07-11 10:23:07,5.1,0.472,2.407,25.0,0.0,0.0,10.8,1253,6378,8366,02:04:39,7479,1720686187.3112006
2024-07-11 10:23:07,5.11,0.467,2.386,25.0,0.0,0.0,10.9,1253,6378,8366,02:04:39,7479,1720686187.6524644
2024-07-11 10:23:07,5.11,0.467,2.386,25.0,0.0,0.0,10.9,1253,6378,8366,02:04:39,7479,1720686187.9983356
2024-07-11 10:23:08,5.11,0.47,2.401,25.0,0.0,0.0,10.8,1253,6378,8367,02:04:40,7480,1720686188.334184
2024-07-11 10:23:08,5.11,0.47,2.401,25.0,0.0,0.0,10.8,1253,6378,8367,02:04:40,7480,1720686188.6761656
2024-07-11 10:23:09,5.11,0.47,2.401,25.0,0.0,0.0,10.8,1253,6378,8367,02:04:40,7480,1720686189.0213888
2024-07-11 10:23:09,5.11,0.468,2.391,25.0,0.0,0.0,10.9,1253,6379,8368,02:04:41,7481,1720686189.367998
2024-07-11 10:23:09,5.11,0.468,2.391,25.0,0.0,0.0,10.9,1253,6379,8368,02:04:41,7481,1720686189.6988823
2024-07-11 10:23:10,5.1,0.47,2.397,25.0,0.0,0.0,10.8,1253,6379,8368,02:04:41,7481,1720686190.0513906
2024-07-11 10:23:10,5.1,0.47,2.397,25.0,0.0,0.0,10.8,1254,6380,8369,02:04:42,7482,1720686190.3813784
2024-07-11 10:23:10,5.1,0.47,2.397,25.0,0.0,0.0,10.8,1254,6380,8369,02:04:42,7482,1720686190.7226245
2024-07-11 10:23:11,5.09,0.582,2.962,25.0,0.0,0.0,8.7,1254,6380,8369,02:04:42,7482,1720686191.0682282
2024-07-11 10:23:11,5.04,0.92,4.636,25.0,0.0,0.0,5.4,1254,6380,8370,02:04:43,7483,1720686191.4048533
2024-07-11 10:23:11,5.04,0.92,4.636,25.0,0.0,0.0,5.4,1254,6380,8370,02:04:43,7483,1720686191.7450776
2024-07-11 10:23:12,5.04,0.923,4.651,25.0,0.0,0.0,5.4,1254,6380,8370,02:04:43,7483,1720686192.0902026
2024-07-11 10:23:12,5.04,0.923,4.651,25.0,0.0,0.0,5.4,1254,6382,8371,02:04:44,7484,1720686192.4251907
2024-07-11 10:23:12,5.04,0.924,4.656,25.0,0.0,0.0,5.4,1254,6382,8371,02:04:44,7484,1720686192.766402
2024-07-11 10:23:13,5.04,0.926,4.667,25.0,0.0,0.0,5.4,1254,6382,8371,02:04:45,7485,1720686193.1057384
2024-07-11 10:23:13,5.04,0.926,4.667,25.0,0.0,0.0,5.4,1254,6383,8372,02:04:45,7485,1720686193.44639
2024-07-11 10:23:13,5.04,0.93,4.687,25.0,0.0,0.0,5.4,1254,6383,8372,02:04:45,7485,1720686193.7863877
2024-07-11 10:23:14,5.05,0.853,4.307,25.0,0.0,0.0,5.9,1254,6383,8372,02:04:46,7486,1720686194.1263921
2024-07-11 10:23:14,5.05,0.853,4.307,25.0,0.0,0.0,5.9,1255,6384,8373,02:04:46,7486,1720686194.4841821
2024-07-11 10:23:14,5.05,0.883,4.459,25.0,0.0,0.0,5.7,1255,6384,8373,02:04:46,7486,1720686194.8066964
2024-07-11 10:23:15,5.05,0.883,4.459,25.0,0.0,0.0,5.7,1255,6384,8373,02:04:47,7487,1720686195.1473918
2024-07-11 10:23:15,5.06,0.804,4.068,25.0,0.0,0.0,6.2,1255,6385,8374,02:04:47,7487,1720686195.4876778
2024-07-11 10:23:15,5.06,0.803,4.063,25.0,0.0,0.0,6.3,1255,6385,8374,02:04:47,7487,1720686195.8277035
2024-07-11 10:23:16,5.06,0.803,4.063,25.0,0.0,0.0,6.3,1255,6385,8374,02:04:48,7488,1720686196.1677046
2024-07-11 10:23:16,5.06,0.804,4.068,25.0,0.0,0.0,6.2,1255,6387,8375,02:04:48,7488,1720686196.5089002
2024-07-11 10:23:16,5.06,0.804,4.068,25.0,0.0,0.0,6.2,1255,6387,8375,02:04:48,7488,1720686196.8485155
2024-07-11 10:23:17,5.06,0.804,4.068,25.0,0.0,0.0,6.2,1255,6387,8375,02:04:49,7489,1720686197.1889286
2024-07-11 10:23:17,5.06,0.805,4.073,25.0,0.0,0.0,6.2,1255,6388,8376,02:04:49,7489,1720686197.5289161
2024-07-11 10:23:17,5.06,0.805,4.073,25.0,0.0,0.0,6.2,1255,6388,8376,02:04:49,7489,1720686197.8688536
2024-07-11 10:23:18,5.06,0.805,4.073,25.0,0.0,0.0,6.2,1255,6389,8377,02:04:50,7490,1720686198.209309
2024-07-11 10:23:18,5.06,0.804,4.068,25.0,0.0,0.0,6.2,1255,6389,8377,02:04:50,7490,1720686198.552391
2024-07-11 10:23:18,5.06,0.804,4.068,25.0,0.0,0.0,6.2,1255,6389,8377,02:04:50,7490,1720686198.8894608
2024-07-11 10:23:19,5.06,0.805,4.073,25.0,0.0,0.0,6.2,1256,6390,8378,02:04:51,7491,1720686199.2313304
2024-07-11 10:23:19,5.06,0.805,4.073,25.0,0.0,0.0,6.2,1256,6390,8378,02:04:51,7491,1720686199.6031392
2024-07-11 10:23:19,5.06,0.805,4.073,25.0,0.0,0.0,6.2,1256,6390,8378,02:04:51,7491,1720686199.9114165
2024-07-11 10:23:20,5.06,0.807,4.083,25.0,0.0,0.0,6.2,1256,6391,8379,02:04:52,7492,1720686200.2514415
2024-07-11 10:23:20,5.06,0.807,4.083,25.0,0.0,0.0,6.2,1256,6391,8379,02:04:52,7492,1720686200.5964804
2024-07-11 10:23:20,5.06,0.807,4.083,25.0,0.0,0.0,6.2,1256,6391,8379,02:04:52,7492,1720686200.932581
2024-07-11 10:23:21,5.06,0.805,4.073,25.0,0.0,0.0,6.2,1256,6392,8380,02:04:53,7493,1720686201.273536
2024-07-11 10:23:21,5.06,0.805,4.073,25.0,0.0,0.0,6.2,1256,6392,8380,02:04:53,7493,1720686201.6194596
2024-07-11 10:23:21,5.06,0.807,4.083,25.0,0.0,0.0,6.2,1256,6392,8380,02:04:53,7493,1720686201.9532657
2024-07-11 10:23:22,5.06,0.807,4.083,25.0,0.0,0.0,6.2,1256,6393,8381,02:04:54,7494,1720686202.2952251
2024-07-11 10:23:22,5.06,0.807,4.083,25.0,0.0,0.0,6.2,1256,6393,8381,02:04:54,7494,1720686202.6439006
2024-07-11 10:23:22,5.06,0.806,4.078,25.0,0.0,0.0,6.2,1256,6393,8381,02:04:54,7494,1720686202.9776957
2024-07-11 10:23:23,5.06,0.806,4.078,25.0,0.0,0.0,6.2,1257,6395,8382,02:04:55,7495,1720686203.3164918
2024-07-11 10:23:23,5.06,0.808,4.088,25.0,0.0,0.0,6.2,1257,6395,8382,02:04:55,7495,1720686203.667982
2024-07-11 10:23:23,5.06,0.806,4.078,25.0,0.0,0.0,6.2,1257,6395,8382,02:04:55,7495,1720686203.9976895
2024-07-11 10:23:24,5.06,0.806,4.078,25.0,0.0,0.0,6.2,1257,6396,8383,02:04:56,7496,1720686204.3377073
2024-07-11 10:23:24,5.06,0.809,4.093,25.0,0.0,0.0,6.2,1257,6396,8383,02:04:56,7496,1720686204.6773345
2024-07-11 10:23:25,5.06,0.807,4.083,25.0,0.0,0.0,6.2,1257,6396,8383,02:04:56,7496,1720686205.0185535
2024-07-11 10:23:25,5.06,0.807,4.083,25.0,0.0,0.0,6.2,1257,6397,8384,02:04:57,7497,1720686205.3610775
2024-07-11 10:23:25,5.06,0.807,4.083,25.0,0.0,0.0,6.2,1257,6397,8384,02:04:57,7497,1720686205.7002144
2024-07-11 10:23:26,5.06,0.807,4.083,25.0,0.0,0.0,6.2,1257,6397,8384,02:04:57,7497,1720686206.0402317
2024-07-11 10:23:26,5.06,0.808,4.088,25.0,0.0,0.0,6.2,1257,6398,8385,02:04:58,7498,1720686206.3814445
2024-07-11 10:23:26,5.06,0.807,4.083,25.0,0.0,0.0,6.2,1257,6398,8385,02:04:58,7498,1720686206.721437
2024-07-11 10:23:27,5.06,0.807,4.083,25.0,0.0,0.0,6.2,1257,6398,8385,02:04:58,7498,1720686207.06095
2024-07-11 10:23:27,5.06,0.809,4.093,25.0,0.0,0.0,6.2,1257,6399,8386,02:04:59,7499,1720686207.4025688
2024-07-11 10:23:27,5.06,0.808,4.088,25.0,0.0,0.0,6.2,1257,6399,8386,02:04:59,7499,1720686207.742586
2024-07-11 10:23:28,5.06,0.808,4.088,25.0,0.0,0.0,6.2,1257,6399,8386,02:04:59,7499,1720686208.0839887
2024-07-11 10:23:28,5.06,0.808,4.088,25.0,0.0,0.0,6.2,1258,6400,8387,02:05:00,7500,1720686208.4234867
2024-07-11 10:23:28,5.06,0.808,4.088,25.0,0.0,0.0,6.2,1258,6400,8387,02:05:00,7500,1720686208.7648585
2024-07-11 10:23:29,5.06,0.81,4.098,25.0,0.0,0.0,6.2,1258,6400,8387,02:05:01,7501,1720686209.1052365
2024-07-11 10:23:29,5.06,0.809,4.093,25.0,0.0,0.0,6.2,1258,6401,8388,02:05:01,7501,1720686209.4464974
2024-07-11 10:23:29,5.06,0.809,4.093,25.0,0.0,0.0,6.2,1258,6401,8388,02:05:01,7501,1720686209.7857113
2024-07-11 10:23:30,5.06,0.807,4.083,25.0,0.0,0.0,6.2,1258,6401,8388,02:05:02,7502,1720686210.1276767
2024-07-11 10:23:30,5.06,0.808,4.088,25.0,0.0,0.0,6.2,1258,6402,8389,02:05:02,7502,1720686210.483381
2024-07-11 10:23:30,5.06,0.808,4.088,25.0,0.0,0.0,6.2,1258,6402,8389,02:05:02,7502,1720686210.808985
2024-07-11 10:23:31,5.06,0.809,4.093,25.0,0.0,0.0,6.2,1258,6402,8389,02:05:03,7503,1720686211.1489632
2024-07-11 10:23:31,5.06,0.809,4.093,25.0,0.0,0.0,6.2,1258,6404,8390,02:05:03,7503,1720686211.4902463
2024-07-11 10:23:31,5.05,0.82,4.141,25.0,0.0,0.0,6.1,1258,6404,8390,02:05:03,7503,1720686211.829517
2024-07-11 10:23:32,5.06,0.809,4.093,25.0,0.0,0.0,6.2,1259,6405,8391,02:05:04,7504,1720686212.1731381
2024-07-11 10:23:32,5.06,0.809,4.093,25.0,0.0,0.0,6.2,1259,6405,8391,02:05:04,7504,1720686212.5114832
2024-07-11 10:23:32,5.06,0.808,4.088,25.0,0.0,0.0,6.2,1259,6405,8391,02:05:04,7504,1720686212.85284
2024-07-11 10:23:33,5.06,0.811,4.103,25.0,0.0,0.0,6.2,1259,6406,8392,02:05:05,7505,1720686213.1939278
2024-07-11 10:23:33,5.06,0.811,4.103,25.0,0.0,0.0,6.2,1259,6406,8392,02:05:05,7505,1720686213.5339565
2024-07-11 10:23:33,5.06,0.808,4.088,25.0,0.0,0.0,6.2,1259,6406,8392,02:05:05,7505,1720686213.8752427
2024-07-11 10:23:34,5.06,0.808,4.088,25.0,0.0,0.0,6.2,1259,6407,8393,02:05:06,7506,1720686214.2155294
2024-07-11 10:23:34,5.06,0.809,4.093,25.0,0.0,0.0,6.2,1259,6407,8393,02:05:06,7506,1720686214.5590026
2024-07-11 10:23:34,5.06,0.809,4.093,25.0,0.0,0.0,6.2,1259,6407,8393,02:05:06,7506,1720686214.8975782
2024-07-11 10:23:35,5.06,0.809,4.093,25.0,0.0,0.0,6.2,1259,6408,8394,02:05:07,7507,1720686215.24271
2024-07-11 10:23:35,5.06,0.808,4.088,25.0,0.0,0.0,6.2,1259,6408,8394,02:05:07,7507,1720686215.601556
2024-07-11 10:23:35,5.06,0.809,4.093,25.0,0.0,0.0,6.2,1259,6408,8394,02:05:07,7507,1720686215.9202447
2024-07-11 10:23:36,5.06,0.809,4.093,25.0,0.0,0.0,6.2,1259,6409,8395,02:05:08,7508,1720686216.2643912
2024-07-11 10:23:36,5.05,0.816,4.12,25.0,0.0,0.0,6.1,1259,6409,8395,02:05:08,7508,1720686216.601467
2024-07-11 10:23:36,5.05,0.816,4.12,25.0,0.0,0.0,6.1,1259,6409,8395,02:05:08,7508,1720686216.9415221
2024-07-11 10:23:37,5.06,0.809,4.093,25.0,0.0,0.0,6.2,1260,6410,8396,02:05:09,7509,1720686217.287714
2024-07-11 10:23:37,5.06,0.812,4.108,25.0,0.0,0.0,6.2,1260,6410,8396,02:05:09,7509,1720686217.6239395
2024-07-11 10:23:37,5.06,0.812,4.108,25.0,0.0,0.0,6.2,1260,6410,8396,02:05:09,7509,1720686217.9652638
2024-07-11 10:23:38,5.06,0.809,4.093,25.0,0.0,0.0,6.2,1260,6412,8397,02:05:10,7510,1720686218.3114524
2024-07-11 10:23:38,5.06,0.811,4.103,25.0,0.0,0.0,6.2,1260,6412,8397,02:05:10,7510,1720686218.6464553
2024-07-11 10:23:38,5.06,0.811,4.103,25.0,0.0,0.0,6.2,1260,6412,8397,02:05:10,7510,1720686218.9870367
2024-07-11 10:23:39,5.06,0.812,4.108,25.0,0.0,0.0,6.2,1260,6413,8398,02:05:11,7511,1720686219.3352633
2024-07-11 10:23:39,5.06,0.812,4.108,25.0,0.0,0.0,6.2,1260,6413,8398,02:05:11,7511,1720686219.6686213
2024-07-11 10:23:40,5.06,0.809,4.093,25.0,0.0,0.0,6.2,1260,6413,8398,02:05:11,7511,1720686220.0099676
2024-07-11 10:23:40,5.06,0.811,4.103,25.0,0.0,0.0,6.2,1260,6414,8399,02:05:12,7512,1720686220.3552587
2024-07-11 10:23:40,5.06,0.811,4.103,25.0,0.0,0.0,6.2,1260,6414,8399,02:05:12,7512,1720686220.723489
2024-07-11 10:23:41,5.06,0.811,4.103,25.0,0.0,0.0,6.2,1260,6414,8399,02:05:12,7512,1720686221.0319827
2024-07-11 10:23:41,5.05,0.826,4.171,25.0,0.0,0.0,6.1,1261,6415,8400,02:05:13,7513,1720686221.3802443
2024-07-11 10:23:41,5.05,0.826,4.171,25.0,0.0,0.0,6.1,1261,6415,8400,02:05:13,7513,1720686221.7139564
2024-07-11 10:23:42,5.05,0.818,4.13,25.0,0.0,0.0,6.1,1261,6415,8400,02:05:13,7513,1720686222.0544941
2024-07-11 10:23:42,5.05,0.818,4.13,25.0,0.0,0.0,6.1,1261,6416,8401,02:05:14,7514,1720686222.4024522
2024-07-11 10:23:42,5.06,0.809,4.093,25.0,0.0,0.0,6.2,1261,6416,8401,02:05:14,7514,1720686222.7365153
2024-07-11 10:23:43,5.06,0.811,4.103,25.0,0.0,0.0,6.2,1261,6416,8401,02:05:14,7514,1720686223.0777266
2024-07-11 10:23:43,5.06,0.811,4.103,25.0,0.0,0.0,6.2,1261,6417,8402,02:05:15,7515,1720686223.423854
2024-07-11 10:23:43,5.06,0.812,4.108,25.0,0.0,0.0,6.2,1261,6417,8402,02:05:15,7515,1720686223.75953
2024-07-11 10:23:44,5.06,0.809,4.093,25.0,0.0,0.0,6.2,1261,6417,8402,02:05:15,7515,1720686224.0997388
2024-07-11 10:23:44,5.06,0.809,4.093,25.0,0.0,0.0,6.2,1261,6418,8403,02:05:16,7516,1720686224.4415348
2024-07-11 10:23:44,5.06,0.811,4.103,25.0,0.0,0.0,6.2,1261,6418,8403,02:05:16,7516,1720686224.7827165
2024-07-11 10:23:45,5.06,0.811,4.103,25.0,0.0,0.0,6.2,1261,6418,8403,02:05:17,7517,1720686225.1251013
2024-07-11 10:23:45,5.06,0.81,4.098,25.0,0.0,0.0,6.2,1262,6420,8404,02:05:17,7517,1720686225.4643805
2024-07-11 10:23:45,5.06,0.811,4.103,25.0,0.0,0.0,6.2,1262,6420,8404,02:05:17,7517,1720686225.805631
2024-07-11 10:23:46,5.06,0.811,4.103,25.0,0.0,0.0,6.2,1262,6421,8405,02:05:18,7518,1720686226.1465216
2024-07-11 10:23:46,5.06,0.811,4.103,25.0,0.0,0.0,6.2,1262,6421,8405,02:05:18,7518,1720686226.488963
2024-07-11 10:23:46,5.06,0.81,4.098,25.0,0.0,0.0,6.2,1262,6421,8405,02:05:18,7518,1720686226.8290484
2024-07-11 10:23:47,5.06,0.81,4.098,25.0,0.0,0.0,6.2,1262,6422,8406,02:05:19,7519,1720686227.1701405
2024-07-11 10:23:47,5.06,0.812,4.108,25.0,0.0,0.0,6.2,1262,6422,8406,02:05:19,7519,1720686227.5109906
2024-07-11 10:23:47,5.06,0.812,4.108,25.0,0.0,0.0,6.2,1262,6422,8406,02:05:19,7519,1720686227.8527415
2024-07-11 10:23:48,5.06,0.813,4.113,25.0,0.0,0.0,6.2,1262,6423,8407,02:05:20,7520,1720686228.19411
2024-07-11 10:23:48,5.06,0.811,4.103,25.0,0.0,0.0,6.2,1262,6423,8407,02:05:20,7520,1720686228.535294
2024-07-11 10:23:48,5.06,0.811,4.103,25.0,0.0,0.0,6.2,1262,6423,8407,02:05:20,7520,1720686228.8789568
2024-07-11 10:23:49,5.06,0.811,4.103,25.0,0.0,0.0,6.2,1262,6424,8408,02:05:21,7521,1720686229.21732
2024-07-11 10:23:49,5.06,0.812,4.108,25.0,0.0,0.0,6.2,1262,6424,8408,02:05:21,7521,1720686229.5590122
2024-07-11 10:23:49,5.06,0.812,4.108,25.0,0.0,0.0,6.2,1262,6424,8408,02:05:21,7521,1720686229.9003038
2024-07-11 10:23:50,5.06,0.811,4.103,25.0,0.0,0.0,6.2,1263,6425,8409,02:05:22,7522,1720686230.2415228
2024-07-11 10:23:50,5.06,0.811,4.103,25.0,0.0,0.0,6.2,1263,6425,8409,02:05:22,7522,1720686230.5826817
2024-07-11 10:23:50,5.06,0.812,4.108,25.0,0.0,0.0,6.2,1263,6425,8409,02:05:22,7522,1720686230.9239588
2024-07-11 10:23:51,5.06,0.811,4.103,25.0,0.0,0.0,6.2,1263,6426,8410,02:05:23,7523,1720686231.26529
2024-07-11 10:23:51,5.06,0.811,4.103,25.0,0.0,0.0,6.2,1263,6426,8410,02:05:23,7523,1720686231.6065435
2024-07-11 10:23:51,5.06,0.813,4.113,25.0,0.0,0.0,6.2,1263,6426,8410,02:05:23,7523,1720686231.946047
2024-07-11 10:23:52,5.06,0.813,4.113,25.0,0.0,0.0,6.2,1263,6428,8411,02:05:24,7524,1720686232.2888002
2024-07-11 10:23:52,5.06,0.813,4.113,25.0,0.0,0.0,6.2,1263,6428,8411,02:05:24,7524,1720686232.6283143
2024-07-11 10:23:52,5.06,0.81,4.098,25.0,0.0,0.0,6.2,1263,6428,8411,02:05:24,7524,1720686232.970308
2024-07-11 10:23:53,5.06,0.81,4.098,25.0,0.0,0.0,6.2,1263,6429,8412,02:05:25,7525,1720686233.3110633
2024-07-11 10:23:53,5.06,0.814,4.118,25.0,0.0,0.0,6.2,1263,6429,8412,02:05:25,7525,1720686233.652786
2024-07-11 10:23:53,5.06,0.813,4.113,25.0,0.0,0.0,6.2,1263,6429,8412,02:05:25,7525,1720686233.9938943
2024-07-11 10:23:54,5.06,0.813,4.113,25.0,0.0,0.0,6.2,1264,6430,8413,02:05:26,7526,1720686234.3353212
2024-07-11 10:23:54,5.06,0.811,4.103,25.0,0.0,0.0,6.2,1264,6430,8413,02:05:26,7526,1720686234.6765604
2024-07-11 10:23:55,5.06,0.813,4.113,25.0,0.0,0.0,6.2,1264,6430,8413,02:05:26,7526,1720686235.0177557
2024-07-11 10:23:55,5.06,0.813,4.113,25.0,0.0,0.0,6.2,1264,6431,8414,02:05:27,7527,1720686235.3577578
2024-07-11 10:23:55,5.06,0.811,4.103,25.0,0.0,0.0,6.2,1264,6431,8414,02:05:27,7527,1720686235.6982346
2024-07-11 10:23:56,5.06,0.811,4.103,25.0,0.0,0.0,6.2,1264,6431,8414,02:05:27,7527,1720686236.0399814
2024-07-11 10:23:56,5.06,0.812,4.108,25.0,0.0,0.0,6.2,1264,6432,8415,02:05:28,7528,1720686236.3815515
2024-07-11 10:23:56,5.06,0.813,4.113,25.0,0.0,0.0,6.2,1264,6432,8415,02:05:28,7528,1720686236.7243702
2024-07-11 10:23:57,5.06,0.813,4.113,25.0,0.0,0.0,6.2,1264,6432,8415,02:05:28,7528,1720686237.0629354
2024-07-11 10:23:57,5.06,0.812,4.108,25.0,0.0,0.0,6.2,1264,6433,8416,02:05:29,7529,1720686237.4040434
2024-07-11 10:23:57,5.06,0.812,4.108,25.0,0.0,0.0,6.2,1264,6433,8416,02:05:29,7529,1720686237.7453072
2024-07-11 10:23:58,5.06,0.812,4.108,25.0,0.0,0.0,6.2,1264,6433,8416,02:05:29,7529,1720686238.0865483
2024-07-11 10:23:58,5.06,0.812,4.108,25.0,0.0,0.0,6.2,1264,6434,8417,02:05:30,7530,1720686238.427764
2024-07-11 10:23:58,5.06,0.812,4.108,25.0,0.0,0.0,6.2,1264,6434,8417,02:05:30,7530,1720686238.76907
2024-07-11 10:23:59,5.06,0.812,4.108,25.0,0.0,0.0,6.2,1265,6436,8418,02:05:31,7531,1720686239.1098077
2024-07-11 10:23:59,5.06,0.814,4.118,25.0,0.0,0.0,6.2,1265,6436,8418,02:05:31,7531,1720686239.4511847
2024-07-11 10:23:59,5.06,0.814,4.118,25.0,0.0,0.0,6.2,1265,6436,8418,02:05:31,7531,1720686239.7915738
2024-07-11 10:24:00,5.06,0.812,4.108,25.0,0.0,0.0,6.2,1265,6437,8419,02:05:32,7532,1720686240.1340916
2024-07-11 10:24:00,5.06,0.813,4.113,25.0,0.0,0.0,6.2,1265,6437,8419,02:05:32,7532,1720686240.4740534
2024-07-11 10:24:00,5.06,0.813,4.113,25.0,0.0,0.0,6.2,1265,6437,8419,02:05:32,7532,1720686240.8153157
2024-07-11 10:24:01,5.06,0.814,4.118,25.0,0.0,0.0,6.2,1265,6438,8420,02:05:33,7533,1720686241.1565335
2024-07-11 10:24:01,5.06,0.814,4.118,25.0,0.0,0.0,6.2,1265,6438,8420,02:05:33,7533,1720686241.4977531
2024-07-11 10:24:01,5.06,0.82,4.149,25.0,0.0,0.0,6.1,1265,6438,8420,02:05:33,7533,1720686241.8490598
2024-07-11 10:24:02,5.06,0.818,4.139,25.0,0.0,0.0,6.1,1265,6439,8421,02:05:34,7534,1720686242.1802466
2024-07-11 10:24:02,5.06,0.818,4.139,25.0,0.0,0.0,6.1,1265,6439,8421,02:05:34,7534,1720686242.5215409
2024-07-11 10:24:02,5.06,0.813,4.113,25.0,0.0,0.0,6.2,1265,6439,8421,02:05:34,7534,1720686242.8614535
2024-07-11 10:24:03,5.06,0.813,4.113,25.0,0.0,0.0,6.2,1266,6440,8422,02:05:35,7535,1720686243.2027428
2024-07-11 10:24:03,5.06,0.813,4.113,25.0,0.0,0.0,6.2,1266,6440,8422,02:05:35,7535,1720686243.5440047
2024-07-11 10:24:03,5.06,0.813,4.113,25.0,0.0,0.0,6.2,1266,6440,8422,02:05:35,7535,1720686243.8844397
2024-07-11 10:24:04,5.06,0.813,4.113,25.0,0.0,0.0,6.2,1266,6441,8423,02:05:36,7536,1720686244.2265542
2024-07-11 10:24:04,5.06,0.813,4.113,25.0,0.0,0.0,6.2,1266,6441,8423,02:05:36,7536,1720686244.567755
2024-07-11 10:24:04,5.06,0.813,4.113,25.0,0.0,0.0,6.2,1266,6441,8423,02:05:36,7536,1720686244.909051
2024-07-11 10:24:05,5.06,0.813,4.113,25.0,0.0,0.0,6.2,1266,6442,8424,02:05:37,7537,1720686245.2503085
2024-07-11 10:24:05,5.06,0.815,4.123,25.0,0.0,0.0,6.2,1266,6442,8424,02:05:37,7537,1720686245.5915585
2024-07-11 10:24:05,5.06,0.812,4.108,25.0,0.0,0.0,6.2,1266,6442,8424,02:05:37,7537,1720686245.9324663
2024-07-11 10:24:06,5.06,0.812,4.108,25.0,0.0,0.0,6.2,1266,6444,8425,02:05:38,7538,1720686246.2728484
2024-07-11 10:24:06,5.06,0.814,4.118,25.0,0.0,0.0,6.2,1266,6444,8425,02:05:38,7538,1720686246.6140873
2024-07-11 10:24:06,5.06,0.814,4.118,25.0,0.0,0.0,6.2,1266,6444,8425,02:05:38,7538,1720686246.9617887
2024-07-11 10:24:07,5.06,0.814,4.118,25.0,0.0,0.0,6.2,1266,6445,8426,02:05:39,7539,1720686247.2978377
2024-07-11 10:24:07,5.06,0.82,4.149,25.0,0.0,0.0,6.1,1266,6445,8426,02:05:39,7539,1720686247.6377285
2024-07-11 10:24:07,5.06,0.82,4.149,25.0,0.0,0.0,6.1,1266,6445,8426,02:05:39,7539,1720686247.9788966
2024-07-11 10:24:08,5.06,0.814,4.118,25.0,0.0,0.0,6.2,1267,6446,8427,02:05:40,7540,1720686248.3215668
2024-07-11 10:24:08,5.06,0.813,4.113,25.0,0.0,0.0,6.2,1267,6446,8427,02:05:40,7540,1720686248.6601944
2024-07-11 10:24:09,5.06,0.813,4.113,25.0,0.0,0.0,6.2,1267,6446,8427,02:05:40,7540,1720686249.0015814
2024-07-11 10:24:09,5.06,0.814,4.118,25.0,0.0,0.0,6.2,1267,6447,8428,02:05:41,7541,1720686249.3447607
2024-07-11 10:24:09,5.06,0.814,4.118,25.0,0.0,0.0,6.2,1267,6447,8428,02:05:41,7541,1720686249.683257
2024-07-11 10:24:10,5.06,0.814,4.118,25.0,0.0,0.0,6.2,1267,6447,8428,02:05:41,7541,1720686250.0253024
2024-07-11 10:24:10,5.06,0.813,4.113,25.0,0.0,0.0,6.2,1267,6448,8429,02:05:42,7542,1720686250.369031
2024-07-11 10:24:10,5.06,0.813,4.113,25.0,0.0,0.0,6.2,1267,6448,8429,02:05:42,7542,1720686250.7063594
2024-07-11 10:24:11,5.06,0.815,4.123,25.0,0.0,0.0,6.2,1267,6448,8429,02:05:42,7542,1720686251.0503247
2024-07-11 10:24:11,5.06,0.815,4.123,25.0,0.0,0.0,6.2,1267,6449,8430,02:05:43,7543,1720686251.3903542
2024-07-11 10:24:11,5.06,0.815,4.123,25.0,0.0,0.0,6.2,1267,6449,8430,02:05:43,7543,1720686251.730342
2024-07-11 10:24:12,5.05,0.819,4.135,25.0,0.0,0.0,6.1,1268,6451,8431,02:05:43,7543,1720686252.081598
2024-07-11 10:24:12,5.05,0.819,4.135,25.0,0.0,0.0,6.1,1268,6451,8431,02:05:44,7544,1720686252.4129057
2024-07-11 10:24:12,5.06,0.824,4.169,25.0,0.0,0.0,6.1,1268,6451,8431,02:05:44,7544,1720686252.7540002
2024-07-11 10:24:13,5.06,0.813,4.113,25.0,0.0,0.0,6.2,1268,6452,8432,02:05:44,7544,1720686253.094653
2024-07-11 10:24:13,5.06,0.813,4.113,25.0,0.0,0.0,6.2,1268,6452,8432,02:05:45,7545,1720686253.4357207
2024-07-11 10:24:13,5.06,0.814,4.118,25.0,0.0,0.0,6.2,1268,6452,8432,02:05:45,7545,1720686253.77663
2024-07-11 10:24:14,5.06,0.815,4.123,25.0,0.0,0.0,6.2,1268,6453,8433,02:05:46,7546,1720686254.1177804
2024-07-11 10:24:14,5.06,0.815,4.123,25.0,0.0,0.0,6.2,1268,6453,8433,02:05:46,7546,1720686254.4589393
2024-07-11 10:24:14,5.06,0.814,4.118,25.0,0.0,0.0,6.2,1268,6453,8433,02:05:46,7546,1720686254.800366
2024-07-11 10:24:15,5.06,0.814,4.118,25.0,0.0,0.0,6.2,1268,6454,8434,02:05:47,7547,1720686255.1416147
2024-07-11 10:24:15,5.06,0.814,4.118,25.0,0.0,0.0,6.2,1268,6454,8434,02:05:47,7547,1720686255.4827774
2024-07-11 10:24:15,5.06,0.813,4.113,25.0,0.0,0.0,6.2,1268,6454,8434,02:05:47,7547,1720686255.8239977
2024-07-11 10:24:16,5.06,0.813,4.113,25.0,0.0,0.0,6.2,1269,6455,8435,02:05:48,7548,1720686256.1634889
2024-07-11 10:24:16,5.06,0.816,4.128,25.0,0.0,0.0,6.2,1269,6455,8435,02:05:48,7548,1720686256.5056524
2024-07-11 10:24:16,5.06,0.815,4.123,25.0,0.0,0.0,6.2,1269,6455,8435,02:05:48,7548,1720686256.8465872
2024-07-11 10:24:17,5.06,0.815,4.123,25.0,0.0,0.0,6.2,1269,6456,8436,02:05:49,7549,1720686257.2040977
2024-07-11 10:24:17,5.06,0.814,4.118,25.0,0.0,0.0,6.2,1269,6456,8436,02:05:49,7549,1720686257.5331912
2024-07-11 10:24:17,5.06,0.814,4.118,25.0,0.0,0.0,6.2,1269,6456,8436,02:05:49,7549,1720686257.8703516
2024-07-11 10:24:18,5.06,0.818,4.139,25.0,0.0,0.0,6.1,1269,6457,8437,02:05:50,7550,1720686258.2109468
2024-07-11 10:24:18,5.06,0.814,4.118,25.0,0.0,0.0,6.2,1269,6457,8437,02:05:50,7550,1720686258.5573661
2024-07-11 10:24:18,5.06,0.814,4.118,25.0,0.0,0.0,6.2,1269,6457,8437,02:05:50,7550,1720686258.8930926
2024-07-11 10:24:19,5.06,0.814,4.118,25.0,0.0,0.0,6.2,1269,6459,8438,02:05:51,7551,1720686259.234065
2024-07-11 10:24:19,5.06,0.816,4.128,25.0,0.0,0.0,6.2,1269,6459,8438,02:05:51,7551,1720686259.5756807
2024-07-11 10:24:19,5.06,0.816,4.128,25.0,0.0,0.0,6.2,1269,6459,8438,02:05:51,7551,1720686259.916117
2024-07-11 10:24:20,5.06,0.814,4.118,25.0,0.0,0.0,6.2,1269,6460,8439,02:05:52,7552,1720686260.2572985
2024-07-11 10:24:20,5.06,0.814,4.118,25.0,0.0,0.0,6.2,1269,6460,8439,02:05:52,7552,1720686260.5987241
2024-07-11 10:24:20,5.06,0.816,4.128,25.0,0.0,0.0,6.2,1269,6460,8439,02:05:52,7552,1720686260.9403737
2024-07-11 10:24:21,5.06,0.815,4.123,25.0,0.0,0.0,6.2,1270,6461,8440,02:05:53,7553,1720686261.2808645
2024-07-11 10:24:21,5.06,0.815,4.123,25.0,0.0,0.0,6.2,1270,6461,8440,02:05:53,7553,1720686261.6228693
2024-07-11 10:24:21,5.06,0.814,4.118,25.0,0.0,0.0,6.2,1270,6461,8440,02:05:53,7553,1720686261.9628606
2024-07-11 10:24:22,5.06,0.817,4.134,25.0,0.0,0.0,6.1,1270,6462,8441,02:05:54,7554,1720686262.321633
2024-07-11 10:24:22,5.06,0.817,4.134,25.0,0.0,0.0,6.1,1270,6462,8441,02:05:54,7554,1720686262.6528878
2024-07-11 10:24:22,5.06,0.816,4.128,25.0,0.0,0.0,6.2,1270,6462,8441,02:05:54,7554,1720686262.986424
2024-07-11 10:24:23,5.06,0.816,4.128,25.0,0.0,0.0,6.2,1270,6463,8442,02:05:55,7555,1720686263.325966
2024-07-11 10:24:23,5.06,0.815,4.123,25.0,0.0,0.0,6.2,1270,6463,8442,02:05:55,7555,1720686263.6716192
2024-07-11 10:24:24,5.06,0.816,4.128,25.0,0.0,0.0,6.2,1270,6463,8442,02:05:55,7555,1720686264.008841
2024-07-11 10:24:24,5.06,0.816,4.128,25.0,0.0,0.0,6.2,1270,6464,8443,02:05:56,7556,1720686264.350365
2024-07-11 10:24:24,5.06,0.815,4.123,25.0,0.0,0.0,6.2,1270,6464,8443,02:05:56,7556,1720686264.6953974
2024-07-11 10:24:25,5.06,0.816,4.128,25.0,0.0,0.0,6.2,1270,6464,8443,02:05:56,7556,1720686265.0316005
2024-07-11 10:24:25,5.06,0.816,4.128,25.0,0.0,0.0,6.2,1271,6465,8444,02:05:57,7557,1720686265.3728018
2024-07-11 10:24:25,5.06,0.815,4.123,25.0,0.0,0.0,6.2,1271,6465,8444,02:05:57,7557,1720686265.7228153
2024-07-11 10:24:26,5.06,0.815,4.123,25.0,0.0,0.0,6.2,1271,6467,8445,02:05:57,7557,1720686266.055324
2024-07-11 10:24:26,5.06,0.814,4.118,25.0,0.0,0.0,6.2,1271,6467,8445,02:05:58,7558,1720686266.394455
2024-07-11 10:24:26,5.06,0.815,4.123,25.0,0.0,0.0,6.2,1271,6467,8445,02:05:58,7558,1720686266.7408607
2024-07-11 10:24:27,5.06,0.815,4.123,25.0,0.0,0.0,6.2,1271,6468,8446,02:05:58,7558,1720686267.0778675
2024-07-11 10:24:27,5.06,0.815,4.123,25.0,0.0,0.0,6.2,1271,6468,8446,02:05:59,7559,1720686267.4421856
2024-07-11 10:24:27,5.06,0.815,4.123,25.0,0.0,0.0,6.2,1271,6468,8446,02:05:59,7559,1720686267.7716124
2024-07-11 10:24:28,5.06,0.815,4.123,25.0,0.0,0.0,6.2,1271,6469,8447,02:05:59,7559,1720686268.1016238
2024-07-11 10:24:28,5.06,0.816,4.128,25.0,0.0,0.0,6.2,1271,6469,8447,02:06:00,7560,1720686268.441639
2024-07-11 10:24:28,5.06,0.816,4.128,25.0,0.0,0.0,6.2,1271,6469,8447,02:06:00,7560,1720686268.7916522
2024-07-11 10:24:29,5.06,0.815,4.123,25.0,0.0,0.0,6.2,1271,6470,8448,02:06:01,7561,1720686269.124051
2024-07-11 10:24:29,5.06,0.815,4.123,25.0,0.0,0.0,6.2,1271,6470,8448,02:06:01,7561,1720686269.4654074
2024-07-11 10:24:29,5.06,0.815,4.123,25.0,0.0,0.0,6.2,1271,6470,8448,02:06:01,7561,1720686269.8081608
2024-07-11 10:24:30,5.06,0.815,4.123,25.0,0.0,0.0,6.2,1272,6471,8449,02:06:02,7562,1720686270.1478083
2024-07-11 10:24:30,5.06,0.815,4.123,25.0,0.0,0.0,6.2,1272,6471,8449,02:06:02,7562,1720686270.4903967
2024-07-11 10:24:30,5.06,0.815,4.123,25.0,0.0,0.0,6.2,1272,6471,8449,02:06:02,7562,1720686270.8287132
2024-07-11 10:24:31,5.06,0.815,4.123,25.0,0.0,0.0,6.2,1272,6472,8450,02:06:03,7563,1720686271.1704018
2024-07-11 10:24:31,5.06,0.815,4.123,25.0,0.0,0.0,6.2,1272,6472,8450,02:06:03,7563,1720686271.511658
2024-07-11 10:24:31,5.06,0.815,4.123,25.0,0.0,0.0,6.2,1272,6472,8450,02:06:03,7563,1720686271.8528414
2024-07-11 10:24:32,5.06,0.816,4.128,25.0,0.0,0.0,6.2,1272,6473,8451,02:06:04,7564,1720686272.194017
2024-07-11 10:24:32,5.06,0.816,4.128,25.0,0.0,0.0,6.2,1272,6473,8451,02:06:04,7564,1720686272.561655
2024-07-11 10:24:32,5.05,0.828,4.181,25.0,0.0,0.0,6.0,1272,6473,8451,02:06:04,7564,1720686272.8754048
2024-07-11 10:24:33,5.06,0.815,4.123,25.0,0.0,0.0,6.2,1272,6475,8452,02:06:05,7565,1720686273.2165504
2024-07-11 10:24:33,5.06,0.815,4.123,25.0,0.0,0.0,6.2,1272,6475,8452,02:06:05,7565,1720686273.557103
2024-07-11 10:24:33,5.06,0.816,4.128,25.0,0.0,0.0,6.2,1272,6475,8452,02:06:05,7565,1720686273.8991458
2024-07-11 10:24:34,5.06,0.816,4.128,25.0,0.0,0.0,6.2,1273,6476,8453,02:06:06,7566,1720686274.2401752
2024-07-11 10:24:34,5.06,0.816,4.128,25.0,0.0,0.0,6.2,1273,6476,8453,02:06:06,7566,1720686274.5804038
2024-07-11 10:24:34,5.06,0.814,4.118,25.0,0.0,0.0,6.2,1273,6476,8453,02:06:06,7566,1720686274.9239683
2024-07-11 10:24:35,5.06,0.814,4.118,25.0,0.0,0.0,6.2,1273,6477,8454,02:06:07,7567,1720686275.2626996
2024-07-11 10:24:35,5.06,0.816,4.128,25.0,0.0,0.0,6.2,1273,6477,8454,02:06:07,7567,1720686275.6041687
2024-07-11 10:24:35,5.06,0.816,4.128,25.0,0.0,0.0,6.2,1273,6477,8454,02:06:07,7567,1720686275.9454226
2024-07-11 10:24:36,5.06,0.816,4.128,25.0,0.0,0.0,6.2,1273,6478,8455,02:06:08,7568,1720686276.2866642
2024-07-11 10:24:36,5.06,0.816,4.128,25.0,0.0,0.0,6.2,1273,6478,8455,02:06:08,7568,1720686276.62593
2024-07-11 10:24:36,5.06,0.816,4.128,25.0,0.0,0.0,6.2,1273,6478,8455,02:06:08,7568,1720686276.9674838
2024-07-11 10:24:37,5.06,0.815,4.123,25.0,0.0,0.0,6.2,1273,6479,8456,02:06:09,7569,1720686277.3089867
2024-07-11 10:24:37,5.06,0.815,4.123,25.0,0.0,0.0,6.2,1273,6479,8456,02:06:09,7569,1720686277.680331
2024-07-11 10:24:37,5.06,0.815,4.123,25.0,0.0,0.0,6.2,1273,6479,8456,02:06:09,7569,1720686277.9904196
2024-07-11 10:24:38,5.05,0.817,4.125,25.0,0.0,0.0,6.1,1274,6480,8457,02:06:10,7570,1720686278.3316612
2024-07-11 10:24:38,5.06,0.815,4.123,25.0,0.0,0.0,6.2,1274,6480,8457,02:06:10,7570,1720686278.67283
2024-07-11 10:24:39,5.06,0.815,4.123,25.0,0.0,0.0,6.2,1274,6482,8458,02:06:10,7570,1720686279.0154214
2024-07-11 10:24:39,5.06,0.815,4.123,25.0,0.0,0.0,6.2,1274,6482,8458,02:06:11,7571,1720686279.3555214
2024-07-11 10:24:39,5.06,0.815,4.123,25.0,0.0,0.0,6.2,1274,6482,8458,02:06:11,7571,1720686279.6966655
2024-07-11 10:24:40,5.06,0.817,4.134,25.0,0.0,0.0,6.1,1274,6483,8459,02:06:11,7571,1720686280.0373082
2024-07-11 10:24:40,5.06,0.816,4.128,25.0,0.0,0.0,6.2,1274,6483,8459,02:06:12,7572,1720686280.3784997
2024-07-11 10:24:40,5.06,0.816,4.128,25.0,0.0,0.0,6.2,1274,6483,8459,02:06:12,7572,1720686280.7190385
2024-07-11 10:24:41,5.06,0.815,4.123,25.0,0.0,0.0,6.2,1274,6484,8460,02:06:12,7572,1720686281.0597181
2024-07-11 10:24:41,5.06,0.816,4.128,25.0,0.0,0.0,6.2,1274,6484,8460,02:06:13,7573,1720686281.401663
2024-07-11 10:24:41,5.06,0.816,4.128,25.0,0.0,0.0,6.2,1274,6484,8460,02:06:13,7573,1720686281.7428677
2024-07-11 10:24:42,5.06,0.815,4.123,25.0,0.0,0.0,6.2,1274,6485,8461,02:06:13,7573,1720686282.0841951
2024-07-11 10:24:42,5.06,0.815,4.123,25.0,0.0,0.0,6.2,1274,6485,8461,02:06:14,7574,1720686282.4249132
2024-07-11 10:24:42,5.06,0.816,4.128,25.0,0.0,0.0,6.2,1274,6485,8461,02:06:14,7574,1720686282.765411
2024-07-11 10:24:43,5.06,0.823,4.164,25.0,0.0,0.0,6.1,1275,6486,8462,02:06:15,7575,1720686283.1066859
2024-07-11 10:24:43,5.06,0.823,4.164,25.0,0.0,0.0,6.1,1275,6486,8462,02:06:15,7575,1720686283.4486656
2024-07-11 10:24:43,5.06,0.817,4.134,25.0,0.0,0.0,6.1,1275,6486,8462,02:06:15,7575,1720686283.7887564
2024-07-11 10:24:44,5.06,0.818,4.139,25.0,0.0,0.0,6.1,1275,6487,8463,02:06:16,7576,1720686284.1303847
2024-07-11 10:24:44,5.06,0.818,4.139,25.0,0.0,0.0,6.1,1275,6487,8463,02:06:16,7576,1720686284.471638
2024-07-11 10:24:44,5.06,0.817,4.134,25.0,0.0,0.0,6.1,1275,6487,8463,02:06:16,7576,1720686284.812941
2024-07-11 10:24:45,5.06,0.817,4.134,25.0,0.0,0.0,6.1,1275,6488,8464,02:06:17,7577,1720686285.1527638
2024-07-11 10:24:45,5.06,0.815,4.123,25.0,0.0,0.0,6.2,1275,6488,8464,02:06:17,7577,1720686285.4942105
2024-07-11 10:24:45,5.06,0.816,4.128,25.0,0.0,0.0,6.2,1275,6488,8464,02:06:17,7577,1720686285.8366694
2024-07-11 10:24:46,5.06,0.816,4.128,25.0,0.0,0.0,6.2,1275,6490,8465,02:06:18,7578,1720686286.1768522
2024-07-11 10:24:46,5.06,0.816,4.128,25.0,0.0,0.0,6.2,1275,6490,8465,02:06:18,7578,1720686286.5174901
2024-07-11 10:24:46,5.06,0.817,4.134,25.0,0.0,0.0,6.1,1275,6490,8465,02:06:18,7578,1720686286.8588247
2024-07-11 10:24:47,5.06,0.817,4.134,25.0,0.0,0.0,6.1,1276,6491,8466,02:06:19,7579,1720686287.1984758
2024-07-11 10:24:47,5.06,0.817,4.134,25.0,0.0,0.0,6.1,1276,6491,8466,02:06:19,7579,1720686287.541762
2024-07-11 10:24:47,5.06,0.817,4.134,25.0,0.0,0.0,6.1,1276,6491,8466,02:06:19,7579,1720686287.8816757
2024-07-11 10:24:48,5.06,0.815,4.123,25.0,0.0,0.0,6.2,1276,6492,8467,02:06:20,7580,1720686288.222976
2024-07-11 10:24:48,5.06,0.818,4.139,25.0,0.0,0.0,6.1,1276,6492,8467,02:06:20,7580,1720686288.5653732
2024-07-11 10:24:48,5.06,0.818,4.139,25.0,0.0,0.0,6.1,1276,6492,8467,02:06:20,7580,1720686288.9037251
2024-07-11 10:24:49,5.06,0.815,4.123,25.0,0.0,0.0,6.2,1276,6493,8468,02:06:21,7581,1720686289.2453823
2024-07-11 10:24:49,5.06,0.817,4.134,25.0,0.0,0.0,6.1,1276,6493,8468,02:06:21,7581,1720686289.5865302
2024-07-11 10:24:49,5.06,0.817,4.134,25.0,0.0,0.0,6.1,1276,6493,8468,02:06:21,7581,1720686289.9279413
2024-07-11 10:24:50,5.06,0.819,4.144,25.0,0.0,0.0,6.1,1276,6494,8469,02:06:22,7582,1720686290.2688932
2024-07-11 10:24:50,5.06,0.819,4.144,25.0,0.0,0.0,6.1,1276,6494,8469,02:06:22,7582,1720686290.610117
2024-07-11 10:24:50,5.05,0.816,4.12,25.0,0.0,0.0,6.1,1276,6494,8469,02:06:22,7582,1720686290.951554
2024-07-11 10:24:51,5.06,0.817,4.134,25.0,0.0,0.0,6.1,1276,6495,8470,02:06:23,7583,1720686291.2918098
2024-07-11 10:24:51,5.06,0.817,4.134,25.0,0.0,0.0,6.1,1276,6495,8470,02:06:23,7583,1720686291.6329288
2024-07-11 10:24:51,5.06,0.818,4.139,25.0,0.0,0.0,6.1,1276,6495,8470,02:06:23,7583,1720686291.9741893
2024-07-11 10:24:52,5.06,0.816,4.128,25.0,0.0,0.0,6.2,1277,6496,8471,02:06:24,7584,1720686292.315389
2024-07-11 10:24:52,5.06,0.816,4.128,25.0,0.0,0.0,6.2,1277,6496,8471,02:06:24,7584,1720686292.6592076
2024-07-11 10:24:52,5.06,0.817,4.134,25.0,0.0,0.0,6.1,1277,6498,8472,02:06:24,7584,1720686292.997938
2024-07-11 10:24:53,5.06,0.817,4.134,25.0,0.0,0.0,6.1,1277,6498,8472,02:06:25,7585,1720686293.339132
2024-07-11 10:24:53,5.06,0.816,4.128,25.0,0.0,0.0,6.2,1277,6498,8472,02:06:25,7585,1720686293.6811337
2024-07-11 10:24:54,5.06,0.817,4.134,25.0,0.0,0.0,6.1,1277,6499,8473,02:06:25,7585,1720686294.0195389
2024-07-11 10:24:54,5.06,0.817,4.134,25.0,0.0,0.0,6.1,1277,6499,8473,02:06:26,7586,1720686294.3616831
2024-07-11 10:24:54,5.06,0.817,4.134,25.0,0.0,0.0,6.1,1277,6499,8473,02:06:26,7586,1720686294.702784
2024-07-11 10:24:55,5.06,0.815,4.123,25.0,0.0,0.0,6.2,1277,6500,8474,02:06:26,7586,1720686295.0442371
2024-07-11 10:24:55,5.06,0.815,4.123,25.0,0.0,0.0,6.2,1277,6500,8474,02:06:27,7587,1720686295.385238
2024-07-11 10:24:55,5.06,0.816,4.128,25.0,0.0,0.0,6.2,1277,6500,8474,02:06:27,7587,1720686295.7270434
2024-07-11 10:24:56,5.06,0.816,4.128,25.0,0.0,0.0,6.2,1278,6501,8475,02:06:27,7587,1720686296.067987
2024-07-11 10:24:56,5.06,0.818,4.139,25.0,0.0,0.0,6.1,1278,6501,8475,02:06:28,7588,1720686296.4116442
2024-07-11 10:24:56,5.06,0.816,4.128,25.0,0.0,0.0,6.2,1278,6501,8475,02:06:28,7588,1720686296.7492065
2024-07-11 10:24:57,5.06,0.816,4.128,25.0,0.0,0.0,6.2,1278,6502,8476,02:06:28,7588,1720686297.0903895
2024-07-11 10:24:57,5.06,0.817,4.134,25.0,0.0,0.0,6.1,1278,6502,8476,02:06:29,7589,1720686297.4308305
2024-07-11 10:24:57,5.06,0.817,4.134,25.0,0.0,0.0,6.1,1278,6502,8476,02:06:29,7589,1720686297.7741964
2024-07-11 10:24:58,5.06,0.817,4.134,25.0,0.0,0.0,6.1,1278,6503,8477,02:06:30,7590,1720686298.1142075
2024-07-11 10:24:58,5.06,0.818,4.139,25.0,0.0,0.0,6.1,1278,6503,8477,02:06:30,7590,1720686298.4554245
2024-07-11 10:24:58,5.06,0.818,4.139,25.0,0.0,0.0,6.1,1278,6503,8477,02:06:30,7590,1720686298.8023465
2024-07-11 10:24:59,5.06,0.817,4.134,25.0,0.0,0.0,6.1,1278,6504,8478,02:06:31,7591,1720686299.138008
2024-07-11 10:24:59,5.06,0.816,4.128,25.0,0.0,0.0,6.2,1278,6504,8478,02:06:31,7591,1720686299.477984
2024-07-11 10:24:59,5.06,0.816,4.128,25.0,0.0,0.0,6.2,1278,6504,8478,02:06:31,7591,1720686299.8229904
2024-07-11 10:25:00,5.06,0.818,4.139,25.0,0.0,0.0,6.1,1279,6506,8479,02:06:32,7592,1720686300.1604433
2024-07-11 10:25:00,5.06,0.817,4.134,25.0,0.0,0.0,6.1,1279,6506,8479,02:06:32,7592,1720686300.5009794
2024-07-11 10:25:00,5.06,0.817,4.134,25.0,0.0,0.0,6.1,1279,6506,8479,02:06:32,7592,1720686300.8467064
2024-07-11 10:25:01,5.06,0.817,4.134,25.0,0.0,0.0,6.1,1279,6507,8480,02:06:33,7593,1720686301.183433
2024-07-11 10:25:01,5.06,0.817,4.134,25.0,0.0,0.0,6.1,1279,6507,8480,02:06:33,7593,1720686301.5234718
2024-07-11 10:25:01,5.06,0.818,4.139,25.0,0.0,0.0,6.1,1279,6507,8480,02:06:33,7593,1720686301.8704588
2024-07-11 10:25:02,5.06,0.816,4.128,25.0,0.0,0.0,6.2,1279,6508,8481,02:06:34,7594,1720686302.206299
2024-07-11 10:25:02,5.06,0.816,4.128,25.0,0.0,0.0,6.2,1279,6508,8481,02:06:34,7594,1720686302.5477674
2024-07-11 10:25:02,5.06,0.818,4.139,25.0,0.0,0.0,6.1,1279,6508,8481,02:06:34,7594,1720686302.8954678
2024-07-11 10:25:03,5.06,0.817,4.134,25.0,0.0,0.0,6.1,1279,6509,8482,02:06:35,7595,1720686303.2304995
2024-07-11 10:25:03,5.06,0.817,4.134,25.0,0.0,0.0,6.1,1279,6509,8482,02:06:35,7595,1720686303.5717015
2024-07-11 10:25:03,5.06,0.816,4.128,25.0,0.0,0.0,6.2,1279,6509,8482,02:06:35,7595,1720686303.9211922
2024-07-11 10:25:04,5.06,0.816,4.128,25.0,0.0,0.0,6.2,1279,6510,8483,02:06:36,7596,1720686304.2528808
2024-07-11 10:25:04,5.06,0.817,4.134,25.0,0.0,0.0,6.1,1279,6510,8483,02:06:36,7596,1720686304.5935733
2024-07-11 10:25:04,5.06,0.817,4.134,25.0,0.0,0.0,6.1,1279,6510,8483,02:06:36,7596,1720686304.9420824
2024-07-11 10:25:05,5.06,0.817,4.134,25.0,0.0,0.0,6.1,1280,6511,8484,02:06:37,7597,1720686305.2766366
2024-07-11 10:25:05,5.06,0.816,4.128,25.0,0.0,0.0,6.2,1280,6511,8484,02:06:37,7597,1720686305.6175878
2024-07-11 10:25:05,5.06,0.818,4.139,25.0,0.0,0.0,6.1,1280,6512,8485,02:06:37,7597,1720686305.9667137
2024-07-11 10:25:06,5.06,0.818,4.139,25.0,0.0,0.0,6.1,1280,6512,8485,02:06:38,7598,1720686306.2992384
2024-07-11 10:25:06,5.05,0.816,4.12,25.0,0.0,0.0,6.1,1280,6512,8485,02:06:38,7598,1720686306.640436
2024-07-11 10:25:06,5.05,0.816,4.12,25.0,0.0,0.0,6.1,1280,6514,8486,02:06:38,7598,1720686306.9827628
2024-07-11 10:25:07,5.05,0.819,4.135,25.0,0.0,0.0,6.1,1280,6514,8486,02:06:39,7599,1720686307.322688
2024-07-11 10:25:07,5.06,0.817,4.134,25.0,0.0,0.0,6.1,1280,6514,8486,02:06:39,7599,1720686307.6640697
2024-07-11 10:25:08,5.06,0.817,4.134,25.0,0.0,0.0,6.1,1280,6515,8487,02:06:39,7599,1720686308.007988
2024-07-11 10:25:08,5.05,0.817,4.125,25.0,0.0,0.0,6.1,1280,6515,8487,02:06:40,7600,1720686308.3467062
2024-07-11 10:25:08,5.05,0.819,4.135,25.0,0.0,0.0,6.1,1280,6515,8487,02:06:40,7600,1720686308.6877458
2024-07-11 10:25:09,5.05,0.819,4.135,25.0,0.0,0.0,6.1,1281,6516,8488,02:06:40,7600,1720686309.041283
2024-07-11 10:25:09,5.05,0.816,4.12,25.0,0.0,0.0,6.1,1281,6516,8488,02:06:41,7601,1720686309.3692622
2024-07-11 10:25:09,5.05,0.816,4.12,25.0,0.0,0.0,6.1,1281,6516,8488,02:06:41,7601,1720686309.7128065
2024-07-11 10:25:10,5.05,0.818,4.13,25.0,0.0,0.0,6.1,1281,6517,8489,02:06:41,7601,1720686310.0611398
2024-07-11 10:25:10,5.05,0.817,4.125,25.0,0.0,0.0,6.1,1281,6517,8489,02:06:42,7602,1720686310.3930938
2024-07-11 10:25:10,5.05,0.817,4.125,25.0,0.0,0.0,6.1,1281,6517,8489,02:06:42,7602,1720686310.7333012
2024-07-11 10:25:11,5.05,0.817,4.125,25.0,0.0,0.0,6.1,1281,6518,8490,02:06:42,7602,1720686311.086501
2024-07-11 10:25:11,5.05,0.818,4.13,25.0,0.0,0.0,6.1,1281,6518,8490,02:06:43,7603,1720686311.4167788
2024-07-11 10:25:11,5.05,0.818,4.13,25.0,0.0,0.0,6.1,1281,6518,8490,02:06:43,7603,1720686311.7567701
2024-07-11 10:25:12,5.05,0.818,4.13,25.0,0.0,0.0,6.1,1281,6519,8491,02:06:43,7603,1720686312.0992591
2024-07-11 10:25:12,5.05,0.818,4.13,25.0,0.0,0.0,6.1,1281,6519,8491,02:06:44,7604,1720686312.4392712
2024-07-11 10:25:12,5.05,0.816,4.12,25.0,0.0,0.0,6.1,1281,6519,8491,02:06:44,7604,1720686312.7804976
2024-07-11 10:25:13,5.05,0.817,4.125,25.0,0.0,0.0,6.1,1281,6521,8492,02:06:45,7605,1720686313.12679
2024-07-11 10:25:13,5.05,0.817,4.125,25.0,0.0,0.0,6.1,1281,6521,8492,02:06:45,7605,1720686313.462794
2024-07-11 10:25:13,5.05,0.821,4.146,25.0,0.0,0.0,6.1,1281,6521,8492,02:06:45,7605,1720686313.8067765
2024-07-11 10:25:14,5.05,0.817,4.125,25.0,0.0,0.0,6.1,1282,6522,8493,02:06:46,7606,1720686314.1608365
2024-07-11 10:25:14,5.05,0.817,4.125,25.0,0.0,0.0,6.1,1282,6522,8493,02:06:46,7606,1720686314.4862187
2024-07-11 10:25:14,5.05,0.819,4.135,25.0,0.0,0.0,6.1,1282,6522,8493,02:06:46,7606,1720686314.8277323
2024-07-11 10:25:15,5.05,0.819,4.135,25.0,0.0,0.0,6.1,1282,6523,8494,02:06:47,7607,1720686315.168019
2024-07-11 10:25:15,5.06,0.817,4.134,25.0,0.0,0.0,6.1,1282,6523,8494,02:06:47,7607,1720686315.509104
2024-07-11 10:25:15,5.05,0.817,4.125,25.0,0.0,0.0,6.1,1282,6523,8494,02:06:47,7607,1720686315.850203
2024-07-11 10:25:16,5.05,0.817,4.125,25.0,0.0,0.0,6.1,1282,6524,8495,02:06:48,7608,1720686316.191547
2024-07-11 10:25:16,5.05,0.817,4.125,25.0,0.0,0.0,6.1,1282,6524,8495,02:06:48,7608,1720686316.5354908
2024-07-11 10:25:16,5.05,0.817,4.125,25.0,0.0,0.0,6.1,1282,6524,8495,02:06:48,7608,1720686316.8735108
2024-07-11 10:25:17,5.05,0.817,4.125,25.0,0.0,0.0,6.1,1282,6525,8496,02:06:49,7609,1720686317.2154965
2024-07-11 10:25:17,5.05,0.818,4.13,25.0,0.0,0.0,6.1,1282,6525,8496,02:06:49,7609,1720686317.5560763
2024-07-11 10:25:17,5.05,0.818,4.13,25.0,0.0,0.0,6.1,1282,6525,8496,02:06:49,7609,1720686317.8965826
2024-07-11 10:25:18,5.05,0.819,4.135,25.0,0.0,0.0,6.1,1283,6526,8497,02:06:50,7610,1720686318.2377205
2024-07-11 10:25:18,5.05,0.817,4.125,25.0,0.0,0.0,6.1,1283,6526,8497,02:06:50,7610,1720686318.5792594
2024-07-11 10:25:18,5.05,0.817,4.125,25.0,0.0,0.0,6.1,1283,6527,8498,02:06:50,7610,1720686318.920433
2024-07-11 10:25:19,5.06,0.817,4.134,25.0,0.0,0.0,6.1,1283,6527,8498,02:06:51,7611,1720686319.284264
2024-07-11 10:25:19,5.06,0.818,4.139,25.0,0.0,0.0,6.1,1283,6527,8498,02:06:51,7611,1720686319.6029289
2024-07-11 10:25:19,5.06,0.818,4.139,25.0,0.0,0.0,6.1,1283,6529,8499,02:06:51,7611,1720686319.9442444
2024-07-11 10:25:20,5.06,0.818,4.139,25.0,0.0,0.0,6.1,1283,6529,8499,02:06:52,7612,1720686320.285533
2024-07-11 10:25:20,5.06,0.818,4.139,25.0,0.0,0.0,6.1,1283,6529,8499,02:06:52,7612,1720686320.6266043
2024-07-11 10:25:20,5.06,0.818,4.139,25.0,0.0,0.0,6.1,1283,6530,8500,02:06:52,7612,1720686320.9671314
2024-07-11 10:25:21,5.06,0.817,4.134,25.0,0.0,0.0,6.1,1283,6530,8500,02:06:53,7613,1720686321.308412
2024-07-11 10:25:21,5.06,0.817,4.134,25.0,0.0,0.0,6.1,1283,6530,8500,02:06:53,7613,1720686321.6505024
2024-07-11 10:25:21,5.06,0.818,4.139,25.0,0.0,0.0,6.1,1284,6531,8501,02:06:53,7613,1720686321.991763
2024-07-11 10:25:22,5.06,0.818,4.139,25.0,0.0,0.0,6.1,1284,6531,8501,02:06:54,7614,1720686322.33305
2024-07-11 10:25:22,5.06,0.818,4.139,25.0,0.0,0.0,6.1,1284,6531,8501,02:06:54,7614,1720686322.6727803
2024-07-11 10:25:23,5.06,0.818,4.139,25.0,0.0,0.0,6.1,1284,6532,8502,02:06:54,7614,1720686323.0156696
2024-07-11 10:25:23,5.06,0.818,4.139,25.0,0.0,0.0,6.1,1284,6532,8502,02:06:55,7615,1720686323.355528
2024-07-11 10:25:23,5.06,0.819,4.144,25.0,0.0,0.0,6.1,1284,6532,8502,02:06:55,7615,1720686323.6967528
2024-07-11 10:25:24,5.06,0.819,4.144,25.0,0.0,0.0,6.1,1284,6533,8503,02:06:55,7615,1720686324.0380275
2024-07-11 10:25:24,5.06,0.819,4.144,25.0,0.0,0.0,6.1,1284,6533,8503,02:06:56,7616,1720686324.404357
2024-07-11 10:25:24,5.06,0.819,4.144,25.0,0.0,0.0,6.1,1284,6533,8503,02:06:56,7616,1720686324.7196753
2024-07-11 10:25:25,5.06,0.817,4.134,25.0,0.0,0.0,6.1,1284,6534,8504,02:06:56,7616,1720686325.0613139
2024-07-11 10:25:25,5.06,0.817,4.134,25.0,0.0,0.0,6.1,1284,6534,8504,02:06:57,7617,1720686325.4029682
2024-07-11 10:25:25,5.06,0.817,4.134,25.0,0.0,0.0,6.1,1284,6534,8504,02:06:57,7617,1720686325.7442648
2024-07-11 10:25:26,5.06,0.817,4.134,25.0,0.0,0.0,6.1,1284,6535,8505,02:06:57,7617,1720686326.0855489
2024-07-11 10:25:26,5.05,0.819,4.135,25.0,0.0,0.0,6.1,1284,6535,8505,02:06:58,7618,1720686326.427426
2024-07-11 10:25:26,5.05,0.818,4.13,25.0,0.0,0.0,6.1,1284,6535,8505,02:06:58,7618,1720686326.7674055
2024-07-11 10:25:27,5.05,0.818,4.13,25.0,0.0,0.0,6.1,1285,6537,8506,02:06:59,7619,1720686327.1105335
2024-07-11 10:25:27,5.06,0.817,4.134,25.0,0.0,0.0,6.1,1285,6537,8506,02:06:59,7619,1720686327.4492743
2024-07-11 10:25:27,5.06,0.819,4.144,25.0,0.0,0.0,6.1,1285,6537,8506,02:06:59,7619,1720686327.7897975
2024-07-11 10:25:28,5.06,0.819,4.144,25.0,0.0,0.0,6.1,1285,6538,8507,02:07:00,7620,1720686328.130995
2024-07-11 10:25:28,5.06,0.818,4.139,25.0,0.0,0.0,6.1,1285,6538,8507,02:07:00,7620,1720686328.4755337
2024-07-11 10:25:28,5.06,0.818,4.139,25.0,0.0,0.0,6.1,1285,6538,8507,02:07:00,7620,1720686328.8134823
2024-07-11 10:25:29,5.06,0.817,4.134,25.0,0.0,0.0,6.1,1285,6539,8508,02:07:01,7621,1720686329.1555429
2024-07-11 10:25:29,5.06,0.819,4.144,25.0,0.0,0.0,6.1,1285,6539,8508,02:07:01,7621,1720686329.521257
2024-07-11 10:25:29,5.06,0.819,4.144,25.0,0.0,0.0,6.1,1285,6539,8508,02:07:01,7621,1720686329.836745
2024-07-11 10:25:30,5.06,0.817,4.134,25.0,0.0,0.0,6.1,1285,6540,8509,02:07:02,7622,1720686330.1780403
2024-07-11 10:25:30,5.06,0.818,4.139,25.0,0.0,0.0,6.1,1285,6540,8509,02:07:02,7622,1720686330.5193205
2024-07-11 10:25:30,5.06,0.818,4.139,25.0,0.0,0.0,6.1,1285,6540,8509,02:07:02,7622,1720686330.860566
2024-07-11 10:25:31,5.05,0.819,4.135,25.0,0.0,0.0,6.1,1286,6541,8510,02:07:03,7623,1720686331.2036033
2024-07-11 10:25:31,5.05,0.819,4.135,25.0,0.0,0.0,6.1,1286,6541,8510,02:07:03,7623,1720686331.5422204
2024-07-11 10:25:31,5.06,0.817,4.134,25.0,0.0,0.0,6.1,1286,6541,8510,02:07:03,7623,1720686331.8842888
2024-07-11 10:25:32,5.06,0.819,4.144,25.0,0.0,0.0,6.1,1286,6542,8511,02:07:04,7624,1720686332.2255423
2024-07-11 10:25:32,5.06,0.819,4.144,25.0,0.0,0.0,6.1,1286,6542,8511,02:07:04,7624,1720686332.5667791
2024-07-11 10:25:32,5.06,0.818,4.139,25.0,0.0,0.0,6.1,1286,6544,8512,02:07:04,7624,1720686332.9074304
2024-07-11 10:25:33,5.06,0.818,4.139,25.0,0.0,0.0,6.1,1286,6544,8512,02:07:05,7625,1720686333.2493367
2024-07-11 10:25:33,5.06,0.818,4.139,25.0,0.0,0.0,6.1,1286,6544,8512,02:07:05,7625,1720686333.5905583
2024-07-11 10:25:33,5.06,0.818,4.139,25.0,0.0,0.0,6.1,1286,6545,8513,02:07:05,7625,1720686333.9311771
2024-07-11 10:25:34,5.06,0.818,4.139,25.0,0.0,0.0,6.1,1286,6545,8513,02:07:06,7626,1720686334.2714257
2024-07-11 10:25:34,5.05,0.817,4.125,25.0,0.0,0.0,6.1,1286,6545,8513,02:07:06,7626,1720686334.6417055
2024-07-11 10:25:34,5.06,0.819,4.144,25.0,0.0,0.0,6.1,1286,6546,8514,02:07:06,7626,1720686334.9540617
2024-07-11 10:25:35,5.06,0.819,4.144,25.0,0.0,0.0,6.1,1286,6546,8514,02:07:07,7627,1720686335.2955775
2024-07-11 10:25:35,5.05,0.82,4.141,25.0,0.0,0.0,6.1,1286,6546,8514,02:07:07,7627,1720686335.636798
2024-07-11 10:25:35,5.05,0.816,4.12,25.0,0.0,0.0,6.1,1287,6547,8515,02:07:07,7627,1720686335.9780521
2024-07-11 10:25:36,5.05,0.816,4.12,25.0,0.0,0.0,6.1,1287,6547,8515,02:07:08,7628,1720686336.3193278
2024-07-11 10:25:36,5.05,0.818,4.13,25.0,0.0,0.0,6.1,1287,6547,8515,02:07:08,7628,1720686336.6604328
2024-07-11 10:25:37,5.05,0.818,4.13,25.0,0.0,0.0,6.1,1287,6548,8516,02:07:08,7628,1720686337.0018296
2024-07-11 10:25:37,5.05,0.817,4.125,25.0,0.0,0.0,6.1,1287,6548,8516,02:07:09,7629,1720686337.3431447
2024-07-11 10:25:37,5.06,0.818,4.139,25.0,0.0,0.0,6.1,1287,6548,8516,02:07:09,7629,1720686337.6843176
2024-07-11 10:25:38,5.06,0.818,4.139,25.0,0.0,0.0,6.1,1287,6549,8517,02:07:09,7629,1720686338.0255132
2024-07-11 10:25:38,5.05,0.818,4.13,25.0,0.0,0.0,6.1,1287,6549,8517,02:07:10,7630,1720686338.3661702
2024-07-11 10:25:38,5.05,0.817,4.125,25.0,0.0,0.0,6.1,1287,6549,8517,02:07:10,7630,1720686338.7079375
2024-07-11 10:25:39,5.05,0.817,4.125,25.0,0.0,0.0,6.1,1287,6550,8518,02:07:10,7630,1720686339.049301
2024-07-11 10:25:39,5.05,0.817,4.125,25.0,0.0,0.0,6.1,1287,6550,8518,02:07:11,7631,1720686339.3905725
2024-07-11 10:25:39,5.05,0.817,4.125,25.0,0.0,0.0,6.1,1287,6550,8518,02:07:11,7631,1720686339.7629387
2024-07-11 10:25:40,5.05,0.819,4.135,25.0,0.0,0.0,6.1,1288,6552,8519,02:07:11,7631,1720686340.0730276
2024-07-11 10:25:40,5.05,0.818,4.13,25.0,0.0,0.0,6.1,1288,6552,8519,02:07:12,7632,1720686340.413196
2024-07-11 10:25:40,5.05,0.818,4.13,25.0,0.0,0.0,6.1,1288,6552,8519,02:07:12,7632,1720686340.7543366
2024-07-11 10:25:41,5.05,0.818,4.13,25.0,0.0,0.0,6.1,1288,6553,8520,02:07:12,7632,1720686341.096809
2024-07-11 10:25:41,5.05,0.818,4.13,25.0,0.0,0.0,6.1,1288,6553,8520,02:07:13,7633,1720686341.4360578
2024-07-11 10:25:41,5.05,0.818,4.13,25.0,0.0,0.0,6.1,1288,6553,8520,02:07:13,7633,1720686341.7776115
2024-07-11 10:25:42,5.05,0.818,4.13,25.0,0.0,0.0,6.1,1288,6554,8521,02:07:14,7634,1720686342.1191413
2024-07-11 10:25:42,5.05,0.818,4.13,25.0,0.0,0.0,6.1,1288,6554,8521,02:07:14,7634,1720686342.459324
2024-07-11 10:25:42,5.05,0.818,4.13,25.0,0.0,0.0,6.1,1288,6554,8521,02:07:14,7634,1720686342.8005662
2024-07-11 10:25:43,5.05,0.818,4.13,25.0,0.0,0.0,6.1,1288,6555,8522,02:07:15,7635,1720686343.1413798
2024-07-11 10:25:43,5.05,0.818,4.13,25.0,0.0,0.0,6.1,1288,6555,8522,02:07:15,7635,1720686343.483083
2024-07-11 10:25:43,5.05,0.822,4.151,25.0,0.0,0.0,6.1,1288,6555,8522,02:07:15,7635,1720686343.8234506
2024-07-11 10:25:44,5.05,0.819,4.135,25.0,0.0,0.0,6.1,1289,6556,8523,02:07:16,7636,1720686344.168018
2024-07-11 10:25:44,5.05,0.819,4.135,25.0,0.0,0.0,6.1,1289,6556,8523,02:07:16,7636,1720686344.5068238
2024-07-11 10:25:44,5.05,0.82,4.141,25.0,0.0,0.0,6.1,1289,6556,8523,02:07:16,7636,1720686344.8779202
2024-07-11 10:25:45,5.05,0.82,4.141,25.0,0.0,0.0,6.1,1289,6557,8524,02:07:17,7637,1720686345.1908567
2024-07-11 10:25:45,5.06,0.819,4.144,25.0,0.0,0.0,6.1,1289,6557,8524,02:07:17,7637,1720686345.5306976
2024-07-11 10:25:45,5.05,0.818,4.13,25.0,0.0,0.0,6.1,1289,6558,8525,02:07:17,7637,1720686345.87183
2024-07-11 10:25:46,5.05,0.818,4.13,25.0,0.0,0.0,6.1,1289,6558,8525,02:07:18,7638,1720686346.2118297
2024-07-11 10:25:46,5.06,0.82,4.149,25.0,0.0,0.0,6.1,1289,6558,8525,02:07:18,7638,1720686346.5530422
2024-07-11 10:25:46,5.06,0.82,4.149,25.0,0.0,0.0,6.1,1289,6560,8526,02:07:18,7638,1720686346.8955698
2024-07-11 10:25:47,5.06,0.82,4.149,25.0,0.0,0.0,6.1,1289,6560,8526,02:07:19,7639,1720686347.2355368
2024-07-11 10:25:47,5.06,0.819,4.144,25.0,0.0,0.0,6.1,1289,6560,8526,02:07:19,7639,1720686347.5767787
2024-07-11 10:25:47,5.06,0.819,4.144,25.0,0.0,0.0,6.1,1289,6561,8527,02:07:19,7639,1720686347.9181135
2024-07-11 10:25:48,5.05,0.82,4.141,25.0,0.0,0.0,6.1,1289,6561,8527,02:07:20,7640,1720686348.2584908
2024-07-11 10:25:48,5.06,0.82,4.149,25.0,0.0,0.0,6.1,1289,6561,8527,02:07:20,7640,1720686348.600558
2024-07-11 10:25:48,5.06,0.82,4.149,25.0,0.0,0.0,6.1,1290,6562,8528,02:07:20,7640,1720686348.9418883
2024-07-11 10:25:49,5.05,0.818,4.13,25.0,0.0,0.0,6.1,1290,6562,8528,02:07:21,7641,1720686349.2843263
2024-07-11 10:25:49,5.06,0.819,4.144,25.0,0.0,0.0,6.1,1290,6562,8528,02:07:21,7641,1720686349.6240735
2024-07-11 10:25:49,5.06,0.819,4.144,25.0,0.0,0.0,6.1,1290,6563,8529,02:07:21,7641,1720686349.96558
2024-07-11 10:25:50,5.06,0.818,4.139,25.0,0.0,0.0,6.1,1290,6563,8529,02:07:22,7642,1720686350.3068728
2024-07-11 10:25:50,5.06,0.818,4.139,25.0,0.0,0.0,6.1,1290,6563,8529,02:07:22,7642,1720686350.6493165
2024-07-11 10:25:50,5.05,0.819,4.135,25.0,0.0,0.0,6.1,1290,6564,8530,02:07:22,7642,1720686350.9886854
2024-07-11 10:25:51,5.06,0.82,4.149,25.0,0.0,0.0,6.1,1290,6564,8530,02:07:23,7643,1720686351.3309839
2024-07-11 10:25:51,5.06,0.82,4.149,25.0,0.0,0.0,6.1,1290,6564,8530,02:07:23,7643,1720686351.6717594
2024-07-11 10:25:52,5.06,0.818,4.139,25.0,0.0,0.0,6.1,1290,6565,8531,02:07:23,7643,1720686352.012225
2024-07-11 10:25:52,5.06,0.82,4.149,25.0,0.0,0.0,6.1,1290,6565,8531,02:07:24,7644,1720686352.3546808
2024-07-11 10:25:52,5.06,0.82,4.149,25.0,0.0,0.0,6.1,1290,6565,8531,02:07:24,7644,1720686352.6947997
2024-07-11 10:25:53,5.06,0.819,4.144,25.0,0.0,0.0,6.1,1291,6566,8532,02:07:24,7644,1720686353.0367143
2024-07-11 10:25:53,5.06,0.819,4.144,25.0,0.0,0.0,6.1,1291,6566,8532,02:07:25,7645,1720686353.3768163
2024-07-11 10:25:53,5.06,0.819,4.144,25.0,0.0,0.0,6.1,1291,6566,8532,02:07:25,7645,1720686353.718053
2024-07-11 10:25:54,5.05,0.82,4.141,25.0,0.0,0.0,6.1,1291,6568,8533,02:07:25,7645,1720686354.0593681
2024-07-11 10:25:54,5.05,0.82,4.141,25.0,0.0,0.0,6.1,1291,6568,8533,02:07:26,7646,1720686354.4019682
2024-07-11 10:25:54,5.06,0.818,4.139,25.0,0.0,0.0,6.1,1291,6568,8533,02:07:26,7646,1720686354.74187
2024-07-11 10:25:55,5.06,0.82,4.149,25.0,0.0,0.0,6.1,1291,6569,8534,02:07:26,7646,1720686355.082922
2024-07-11 10:25:55,5.06,0.82,4.149,25.0,0.0,0.0,6.1,1291,6569,8534,02:07:27,7647,1720686355.4235258
2024-07-11 10:25:55,5.06,0.819,4.144,25.0,0.0,0.0,6.1,1291,6569,8534,02:07:27,7647,1720686355.7668602
2024-07-11 10:25:56,5.06,0.819,4.144,25.0,0.0,0.0,6.1,1291,6570,8535,02:07:28,7648,1720686356.1068954
2024-07-11 10:25:56,5.06,0.818,4.139,25.0,0.0,0.0,6.1,1291,6570,8535,02:07:28,7648,1720686356.450616
2024-07-11 10:25:56,5.06,0.819,4.144,25.0,0.0,0.0,6.1,1291,6570,8535,02:07:28,7648,1720686356.7893643
2024-07-11 10:25:57,5.06,0.819,4.144,25.0,0.0,0.0,6.1,1291,6571,8536,02:07:29,7649,1720686357.131238
2024-07-11 10:25:57,5.06,0.818,4.139,25.0,0.0,0.0,6.1,1291,6571,8536,02:07:29,7649,1720686357.473469
2024-07-11 10:25:57,5.06,0.82,4.149,25.0,0.0,0.0,6.1,1291,6571,8536,02:07:29,7649,1720686357.8116915
2024-07-11 10:25:58,5.06,0.82,4.149,25.0,0.0,0.0,6.1,1292,6572,8537,02:07:30,7650,1720686358.1522992
2024-07-11 10:25:58,5.06,0.82,4.149,25.0,0.0,0.0,6.1,1292,6572,8537,02:07:30,7650,1720686358.4975984
2024-07-11 10:25:58,5.06,0.82,4.149,25.0,0.0,0.0,6.1,1292,6573,8538,02:07:30,7650,1720686358.8349156
2024-07-11 10:25:59,5.06,0.818,4.139,25.0,0.0,0.0,6.1,1292,6573,8538,02:07:31,7651,1720686359.1766036
2024-07-11 10:25:59,5.06,0.82,4.149,25.0,0.0,0.0,6.1,1292,6573,8538,02:07:31,7651,1720686359.517683
2024-07-11 10:25:59,5.06,0.82,4.149,25.0,0.0,0.0,6.1,1292,6575,8539,02:07:31,7651,1720686359.8589501
2024-07-11 10:26:00,5.05,0.82,4.141,25.0,0.0,0.0,6.1,1292,6575,8539,02:07:32,7652,1720686360.1997793
2024-07-11 10:26:00,5.05,0.818,4.13,25.0,0.0,0.0,6.1,1292,6575,8539,02:07:32,7652,1720686360.5481076
2024-07-11 10:26:00,5.05,0.818,4.13,25.0,0.0,0.0,6.1,1292,6576,8540,02:07:32,7652,1720686360.8821554
2024-07-11 10:26:01,5.06,0.819,4.144,25.0,0.0,0.0,6.1,1292,6576,8540,02:07:33,7653,1720686361.223073
2024-07-11 10:26:01,5.06,0.819,4.144,25.0,0.0,0.0,6.1,1292,6576,8540,02:07:33,7653,1720686361.5706167
2024-07-11 10:26:01,5.05,0.819,4.135,25.0,0.0,0.0,6.1,1293,6577,8541,02:07:33,7653,1720686361.9055917
2024-07-11 10:26:02,5.05,0.818,4.13,25.0,0.0,0.0,6.1,1293,6577,8541,02:07:34,7654,1720686362.2541928
2024-07-11 10:26:02,5.05,0.818,4.13,25.0,0.0,0.0,6.1,1293,6577,8541,02:07:34,7654,1720686362.5879493
2024-07-11 10:26:02,5.05,0.819,4.135,25.0,0.0,0.0,6.1,1293,6578,8542,02:07:34,7654,1720686362.92935
2024-07-11 10:26:03,5.05,0.819,4.135,25.0,0.0,0.0,6.1,1293,6578,8542,02:07:35,7655,1720686363.2705953
2024-07-11 10:26:03,5.05,0.819,4.135,25.0,0.0,0.0,6.1,1293,6578,8542,02:07:35,7655,1720686363.6168654
2024-07-11 10:26:03,5.05,0.819,4.135,25.0,0.0,0.0,6.1,1293,6579,8543,02:07:35,7655,1720686363.953243
2024-07-11 10:26:04,5.05,0.819,4.135,25.0,0.0,0.0,6.1,1293,6579,8543,02:07:36,7656,1720686364.2931714
2024-07-11 10:26:04,5.05,0.819,4.135,25.0,0.0,0.0,6.1,1293,6579,8543,02:07:36,7656,1720686364.638063
2024-07-11 10:26:04,5.05,0.819,4.135,25.0,0.0,0.0,6.1,1293,6580,8544,02:07:36,7656,1720686364.9755878
2024-07-11 10:26:05,5.05,0.819,4.135,25.0,0.0,0.0,6.1,1293,6580,8544,02:07:37,7657,1720686365.316429
2024-07-11 10:26:05,5.05,0.82,4.141,25.0,0.0,0.0,6.1,1293,6580,8544,02:07:37,7657,1720686365.6680372
2024-07-11 10:26:06,5.06,0.819,4.144,25.0,0.0,0.0,6.1,1294,6581,8545,02:07:37,7657,1720686366.001773
2024-07-11 10:26:06,5.06,0.819,4.144,25.0,0.0,0.0,6.1,1294,6581,8545,02:07:38,7658,1720686366.3406653
2024-07-11 10:26:06,5.05,0.819,4.135,25.0,0.0,0.0,6.1,1294,6581,8545,02:07:38,7658,1720686366.6906652
2024-07-11 10:26:07,5.05,0.819,4.135,25.0,0.0,0.0,6.1,1294,6583,8546,02:07:38,7658,1720686367.0214243
2024-07-11 10:26:07,5.05,0.82,4.141,25.0,0.0,0.0,6.1,1294,6583,8546,02:07:39,7659,1720686367.363179
2024-07-11 10:26:07,5.05,0.818,4.13,25.0,0.0,0.0,6.1,1294,6583,8546,02:07:39,7659,1720686367.7093785
2024-07-11 10:26:08,5.05,0.818,4.13,25.0,0.0,0.0,6.1,1294,6584,8547,02:07:39,7659,1720686368.045663
2024-07-11 10:26:08,5.05,0.82,4.141,25.0,0.0,0.0,6.1,1294,6584,8547,02:07:40,7660,1720686368.3866189
2024-07-11 10:26:08,5.05,0.82,4.141,25.0,0.0,0.0,6.1,1294,6584,8547,02:07:40,7660,1720686368.7323513
2024-07-11 10:26:09,5.05,0.82,4.141,25.0,0.0,0.0,6.1,1294,6585,8548,02:07:40,7660,1720686369.0677469
2024-07-11 10:26:09,5.05,0.818,4.13,25.0,0.0,0.0,6.1,1294,6585,8548,02:07:41,7661,1720686369.4094286
2024-07-11 10:26:09,5.05,0.818,4.13,25.0,0.0,0.0,6.1,1294,6585,8548,02:07:41,7661,1720686369.7556672
2024-07-11 10:26:10,5.05,0.82,4.141,25.0,0.0,0.0,6.1,1294,6586,8549,02:07:41,7661,1720686370.0919495
2024-07-11 10:26:10,5.05,0.819,4.135,25.0,0.0,0.0,6.1,1294,6586,8549,02:07:42,7662,1720686370.4332147
2024-07-11 10:26:10,5.05,0.819,4.135,25.0,0.0,0.0,6.1,1294,6586,8549,02:07:42,7662,1720686370.7853382
2024-07-11 10:26:11,5.07,0.74,3.751,25.0,0.01,0.0,6.8,1295,6587,8550,02:07:43,7663,1720686371.1223407
2024-07-11 10:26:11,5.1,0.506,2.58,25.0,0.01,0.0,10.0,1295,6587,8550,02:07:43,7663,1720686371.4556859
2024-07-11 10:26:11,5.1,0.506,2.58,25.0,0.01,0.0,10.0,1295,6588,8551,02:07:43,7663,1720686371.7969368
2024-07-11 10:26:12,5.1,0.502,2.56,25.0,0.01,0.0,10.1,1295,6588,8551,02:07:44,7664,1720686372.137863
2024-07-11 10:26:12,5.1,0.502,2.56,25.0,0.01,0.0,10.1,1295,6588,8551,02:07:44,7664,1720686372.4786325
2024-07-11 10:26:12,5.1,0.499,2.544,25.0,0.01,0.0,10.2,1295,6589,8552,02:07:44,7664,1720686372.8319454
2024-07-11 10:26:13,5.1,0.499,2.544,25.0,0.01,0.0,10.2,1295,6589,8552,02:07:45,7665,1720686373.1616225
2024-07-11 10:26:13,5.1,0.499,2.544,25.0,0.01,0.0,10.2,1295,6589,8552,02:07:45,7665,1720686373.5020764
2024-07-11 10:26:13,5.1,0.505,2.575,25.0,0.01,0.0,10.0,1295,6589,8553,02:07:45,7665,1720686373.8426106
2024-07-11 10:26:14,5.1,0.496,2.529,25.0,0.01,0.0,10.2,1295,6589,8553,02:07:46,7666,1720686374.1844053
2024-07-11 10:26:14,5.1,0.496,2.529,25.0,0.01,0.0,10.2,1295,6589,8553,02:07:46,7666,1720686374.5254815
2024-07-11 10:26:14,5.1,0.498,2.539,25.0,0.01,0.0,10.2,1295,6590,8554,02:07:46,7666,1720686374.8669302
2024-07-11 10:26:15,5.1,0.498,2.539,25.0,0.01,0.0,10.2,1295,6590,8554,02:07:47,7667,1720686375.2081528
2024-07-11 10:26:15,5.1,0.5,2.55,25.0,0.01,0.0,10.2,1295,6590,8554,02:07:47,7667,1720686375.548657
2024-07-11 10:26:15,5.1,0.498,2.539,25.0,0.01,0.0,10.2,1295,6591,8555,02:07:47,7667,1720686375.8897078
2024-07-11 10:26:16,5.1,0.498,2.539,25.0,0.01,0.0,10.2,1295,6591,8555,02:07:48,7668,1720686376.2422686
2024-07-11 10:26:16,5.1,0.484,2.468,25.0,0.01,0.0,10.5,1295,6591,8555,02:07:48,7668,1720686376.5719209
2024-07-11 10:26:16,5.1,0.481,2.453,25.0,0.01,0.0,10.6,1295,6591,8556,02:07:48,7668,1720686376.9130118
2024-07-11 10:26:17,5.1,0.481,2.453,25.0,0.01,0.0,10.6,1295,6591,8556,02:07:49,7669,1720686377.2543647
2024-07-11 10:26:17,5.1,0.479,2.442,25.0,0.01,0.0,10.6,1295,6591,8556,02:07:49,7669,1720686377.5956283
2024-07-11 10:26:17,5.1,0.479,2.442,25.0,0.01,0.0,10.6,1296,6592,8557,02:07:49,7669,1720686377.9369533
2024-07-11 10:26:18,5.1,0.477,2.432,25.0,0.01,0.0,10.6,1296,6592,8557,02:07:50,7670,1720686378.2776484
2024-07-11 10:26:18,5.1,0.478,2.437,25.0,0.01,0.0,10.6,1296,6592,8557,02:07:50,7670,1720686378.6194017
2024-07-11 10:26:18,5.1,0.478,2.437,25.0,0.01,0.0,10.6,1296,6593,8558,02:07:50,7670,1720686378.9590013
2024-07-11 10:26:19,5.1,0.478,2.437,25.0,0.01,0.0,10.6,1296,6593,8558,02:07:51,7671,1720686379.3003404
2024-07-11 10:26:19,5.1,0.475,2.422,25.0,0.01,0.0,10.7,1296,6593,8558,02:07:51,7671,1720686379.6419437
2024-07-11 10:26:19,5.1,0.475,2.422,25.0,0.01,0.0,10.7,1296,6593,8559,02:07:51,7671,1720686379.9830518
2024-07-11 10:26:20,5.1,0.478,2.437,25.0,0.01,0.0,10.6,1296,6593,8559,02:07:52,7672,1720686380.3241835
2024-07-11 10:26:20,5.1,0.478,2.437,25.0,0.01,0.0,10.6,1296,6593,8559,02:07:52,7672,1720686380.6644378
2024-07-11 10:26:21,5.1,0.478,2.437,25.0,0.01,0.0,10.6,1296,6594,8560,02:07:52,7672,1720686381.0081944
2024-07-11 10:26:21,5.1,0.477,2.432,25.0,0.01,0.0,10.6,1296,6594,8560,02:07:53,7673,1720686381.361962
2024-07-11 10:26:21,5.1,0.477,2.432,25.0,0.01,0.0,10.6,1296,6594,8560,02:07:53,7673,1720686381.6881874
2024-07-11 10:26:22,5.1,0.475,2.422,25.0,0.01,0.0,10.7,1296,6595,8561,02:07:53,7673,1720686382.029425
2024-07-11 10:26:22,5.1,0.481,2.453,25.0,0.01,0.0,10.6,1296,6595,8561,02:07:54,7674,1720686382.3722317
2024-07-11 10:26:22,5.1,0.481,2.453,25.0,0.01,0.0,10.6,1296,6595,8561,02:07:54,7674,1720686382.7115173
2024-07-11 10:26:23,5.1,0.477,2.432,25.0,0.01,0.0,10.6,1296,6595,8562,02:07:54,7674,1720686383.0531151
2024-07-11 10:26:23,5.1,0.477,2.432,25.0,0.01,0.0,10.6,1296,6595,8562,02:07:55,7675,1720686383.3931353
2024-07-11 10:26:23,5.1,0.474,2.417,25.0,0.01,0.0,10.7,1296,6595,8562,02:07:55,7675,1720686383.73445
2024-07-11 10:26:24,5.1,0.477,2.432,25.0,0.01,0.0,10.6,1296,6596,8563,02:07:55,7675,1720686384.0756288
2024-07-11 10:26:24,5.1,0.477,2.432,25.0,0.01,0.0,10.6,1296,6596,8563,02:07:56,7676,1720686384.4169538
2024-07-11 10:26:24,5.1,0.476,2.427,25.0,0.01,0.0,10.7,1296,6596,8563,02:07:56,7676,1720686384.7568054
2024-07-11 10:26:25,5.1,0.476,2.427,25.0,0.01,0.0,10.7,1297,6597,8564,02:07:56,7676,1720686385.1007266
2024-07-11 10:26:25,5.1,0.476,2.427,25.0,0.01,0.0,10.7,1297,6597,8564,02:07:57,7677,1720686385.439456
2024-07-11 10:26:25,5.1,0.475,2.422,25.0,0.01,0.0,10.7,1297,6598,8565,02:07:57,7677,1720686385.779844
2024-07-11 10:26:26,5.1,0.475,2.422,25.0,0.01,0.0,10.7,1297,6598,8565,02:07:58,7678,1720686386.1203122
2024-07-11 10:26:26,5.1,0.477,2.432,25.0,0.0,0.0,10.6,1297,6598,8565,02:07:58,7678,1720686386.4844553
2024-07-11 10:26:26,5.1,0.476,2.427,25.0,0.0,0.0,10.7,1297,6598,8566,02:07:58,7678,1720686386.803124
2024-07-11 10:26:27,5.1,0.476,2.427,25.0,0.0,0.0,10.7,1297,6598,8566,02:07:59,7679,1720686387.1444585
2024-07-11 10:26:27,5.1,0.473,2.412,25.0,0.0,0.0,10.7,1297,6598,8566,02:07:59,7679,1720686387.4857006
2024-07-11 10:26:27,5.1,0.483,2.463,25.0,0.0,0.0,10.5,1297,6599,8567,02:07:59,7679,1720686387.826943
2024-07-11 10:26:28,5.1,0.483,2.463,25.0,0.0,0.0,10.5,1297,6599,8567,02:08:00,7680,1720686388.1668234
2024-07-11 10:26:28,5.1,0.478,2.437,25.0,0.0,0.0,10.6,1297,6599,8567,02:08:00,7680,1720686388.508188
2024-07-11 10:26:28,5.1,0.478,2.437,25.0,0.0,0.0,10.6,1297,6600,8568,02:08:00,7680,1720686388.849398
2024-07-11 10:26:29,5.1,0.473,2.412,25.0,0.0,0.0,10.7,1297,6600,8568,02:08:01,7681,1720686389.1905115
2024-07-11 10:26:29,5.1,0.475,2.422,25.0,0.0,0.0,10.7,1297,6600,8568,02:08:01,7681,1720686389.5328507
2024-07-11 10:26:29,5.1,0.475,2.422,25.0,0.0,0.0,10.7,1297,6600,8569,02:08:01,7681,1720686389.8732753
2024-07-11 10:26:30,5.1,0.476,2.427,25.0,0.0,0.0,10.7,1297,6600,8569,02:08:02,7682,1720686390.213185
2024-07-11 10:26:30,5.1,0.475,2.422,25.0,0.0,0.0,10.7,1297,6600,8569,02:08:02,7682,1720686390.5544114
2024-07-11 10:26:30,5.1,0.475,2.422,25.0,0.0,0.0,10.7,1297,6601,8570,02:08:02,7682,1720686390.8957174
2024-07-11 10:26:31,5.1,0.473,2.412,25.0,0.0,0.0,10.7,1297,6601,8570,02:08:03,7683,1720686391.236575
2024-07-11 10:26:31,5.1,0.473,2.412,25.0,0.0,0.0,10.7,1297,6601,8570,02:08:03,7683,1720686391.601801
2024-07-11 10:26:31,5.1,0.476,2.427,25.0,0.0,0.0,10.7,1297,6602,8571,02:08:03,7683,1720686391.91821
2024-07-11 10:26:32,5.1,0.475,2.422,25.0,0.0,0.0,10.7,1297,6602,8571,02:08:04,7684,1720686392.259235
2024-07-11 10:26:32,5.1,0.475,2.422,25.0,0.0,0.0,10.7,1297,6602,8571,02:08:04,7684,1720686392.600533
2024-07-11 10:26:32,5.1,0.472,2.407,25.0,0.0,0.0,10.8,1298,6602,8572,02:08:04,7684,1720686392.943604
2024-07-11 10:26:33,5.1,0.475,2.422,25.0,0.0,0.0,10.7,1298,6602,8572,02:08:05,7685,1720686393.2830546
2024-07-11 10:26:33,5.1,0.475,2.422,25.0,0.0,0.0,10.7,1298,6602,8572,02:08:05,7685,1720686393.622904
2024-07-11 10:26:33,5.1,0.475,2.422,25.0,0.0,0.0,10.7,1298,6603,8573,02:08:05,7685,1720686393.964418
2024-07-11 10:26:34,5.1,0.475,2.422,25.0,0.0,0.0,10.7,1298,6603,8573,02:08:06,7686,1720686394.3069692
2024-07-11 10:26:34,5.1,0.473,2.412,25.0,0.0,0.0,10.7,1298,6603,8573,02:08:06,7686,1720686394.6450367
2024-07-11 10:26:34,5.1,0.473,2.412,25.0,0.0,0.0,10.7,1298,6604,8574,02:08:06,7686,1720686394.9864047
2024-07-11 10:26:35,5.1,0.473,2.412,25.0,0.0,0.0,10.7,1298,6604,8574,02:08:07,7687,1720686395.3261738
2024-07-11 10:26:35,5.1,0.475,2.422,25.0,0.0,0.0,10.7,1298,6604,8574,02:08:07,7687,1720686395.6697316
2024-07-11 10:26:36,5.1,0.474,2.417,25.0,0.0,0.0,10.7,1298,6604,8575,02:08:07,7687,1720686396.009103
2024-07-11 10:26:36,5.1,0.474,2.417,25.0,0.0,0.0,10.7,1298,6604,8575,02:08:08,7688,1720686396.350623
2024-07-11 10:26:36,5.11,0.472,2.411,25.0,0.0,0.0,10.8,1298,6604,8575,02:08:08,7688,1720686396.7238138
2024-07-11 10:26:37,5.11,0.472,2.411,25.0,0.0,0.0,10.8,1298,6605,8576,02:08:08,7688,1720686397.032583
2024-07-11 10:26:37,5.1,0.475,2.422,25.0,0.0,0.0,10.7,1298,6605,8576,02:08:09,7689,1720686397.3755403
2024-07-11 10:26:37,5.1,0.475,2.422,25.0,0.0,0.0,10.7,1298,6605,8576,02:08:09,7689,1720686397.7176783
2024-07-11 10:26:38,5.1,0.475,2.422,25.0,0.0,0.0,10.7,1298,6606,8577,02:08:09,7689,1720686398.0549297
2024-07-11 10:26:38,5.1,0.472,2.407,25.0,0.0,0.0,10.8,1298,6606,8577,02:08:10,7690,1720686398.396866
2024-07-11 10:26:38,5.1,0.474,2.417,25.0,0.0,0.0,10.7,1298,6606,8578,02:08:10,7690,1720686398.737373
2024-07-11 10:26:39,5.1,0.474,2.417,25.0,0.0,0.0,10.7,1298,6606,8578,02:08:10,7690,1720686399.0788143
2024-07-11 10:26:39,5.1,0.475,2.422,25.0,0.0,0.0,10.7,1298,6606,8578,02:08:11,7691,1720686399.4191387
2024-07-11 10:26:39,5.1,0.475,2.422,25.0,0.0,0.0,10.7,1299,6607,8579,02:08:11,7691,1720686399.7600322
2024-07-11 10:26:40,5.1,0.476,2.427,25.0,0.0,0.0,10.7,1299,6607,8579,02:08:11,7691,1720686400.1015563
2024-07-11 10:26:40,5.1,0.471,2.402,25.0,0.0,0.0,10.8,1299,6607,8579,02:08:12,7692,1720686400.443195
2024-07-11 10:26:40,5.1,0.471,2.402,25.0,0.0,0.0,10.8,1299,6608,8580,02:08:12,7692,1720686400.7931833
2024-07-11 10:26:41,5.1,0.474,2.417,25.0,0.0,0.0,10.7,1299,6608,8580,02:08:13,7693,1720686401.1255777
2024-07-11 10:26:41,5.1,0.474,2.417,25.0,0.0,0.0,10.7,1299,6608,8580,02:08:13,7693,1720686401.4670038
2024-07-11 10:26:41,5.1,0.474,2.417,25.0,0.0,0.0,10.7,1299,6608,8581,02:08:13,7693,1720686401.8419924
2024-07-11 10:26:42,5.1,0.471,2.402,25.0,0.0,0.0,10.8,1299,6608,8581,02:08:14,7694,1720686402.1482024
2024-07-11 10:26:42,5.1,0.471,2.402,25.0,0.0,0.0,10.8,1299,6608,8581,02:08:14,7694,1720686402.4907463
2024-07-11 10:26:42,5.1,0.473,2.412,25.0,0.0,0.0,10.7,1299,6609,8582,02:08:14,7694,1720686402.8329546
2024-07-11 10:26:43,5.1,0.474,2.417,25.0,0.0,0.0,10.7,1299,6609,8582,02:08:15,7695,1720686403.1712425
2024-07-11 10:26:43,5.1,0.474,2.417,25.0,0.0,0.0,10.7,1299,6609,8582,02:08:15,7695,1720686403.5144417
2024-07-11 10:26:43,5.1,0.475,2.422,25.0,0.0,0.0,10.7,1299,6610,8583,02:08:15,7695,1720686403.8617797
2024-07-11 10:26:44,5.1,0.47,2.397,25.0,0.0,0.0,10.8,1299,6610,8583,02:08:16,7696,1720686404.1957316
2024-07-11 10:26:44,5.1,0.47,2.397,25.0,0.0,0.0,10.8,1299,6610,8583,02:08:16,7696,1720686404.53577
2024-07-11 10:26:44,5.1,0.474,2.417,25.0,0.0,0.0,10.7,1299,6610,8584,02:08:16,7696,1720686404.8818724
2024-07-11 10:26:45,5.1,0.474,2.417,25.0,0.0,0.0,10.7,1299,6610,8584,02:08:17,7697,1720686405.2182388
2024-07-11 10:26:45,5.1,0.473,2.412,25.0,0.0,0.0,10.7,1299,6610,8584,02:08:17,7697,1720686405.5594575
2024-07-11 10:26:45,5.1,0.472,2.407,25.0,0.0,0.0,10.8,1299,6611,8585,02:08:17,7697,1720686405.9056842
2024-07-11 10:26:46,5.1,0.472,2.407,25.0,0.0,0.0,10.8,1299,6611,8585,02:08:18,7698,1720686406.241322
2024-07-11 10:26:46,5.1,0.473,2.412,25.0,0.0,0.0,10.7,1299,6611,8585,02:08:18,7698,1720686406.5826588
2024-07-11 10:26:46,5.1,0.473,2.412,25.0,0.0,0.0,10.7,1299,6612,8586,02:08:18,7698,1720686406.9615002
2024-07-11 10:26:47,5.1,0.473,2.412,25.0,0.0,0.0,10.7,1299,6612,8586,02:08:19,7699,1720686407.264429
2024-07-11 10:26:47,5.1,0.471,2.402,25.0,0.0,0.0,10.8,1299,6612,8586,02:08:19,7699,1720686407.6098282
2024-07-11 10:26:47,5.1,0.471,2.402,25.0,0.0,0.0,10.8,1300,6612,8587,02:08:19,7699,1720686407.95577
2024-07-11 10:26:48,5.1,0.473,2.412,25.0,0.0,0.0,10.7,1300,6612,8587,02:08:20,7700,1720686408.2880847
2024-07-11 10:26:48,5.1,0.473,2.412,25.0,0.0,0.0,10.7,1300,6612,8587,02:08:20,7700,1720686408.6321285
2024-07-11 10:26:48,5.1,0.473,2.412,25.0,0.0,0.0,10.7,1300,6613,8588,02:08:20,7700,1720686408.9794438
2024-07-11 10:26:49,5.1,0.473,2.412,25.0,0.0,0.0,10.7,1300,6613,8588,02:08:21,7701,1720686409.3105428
2024-07-11 10:26:49,5.1,0.471,2.402,25.0,0.0,0.0,10.8,1300,6613,8588,02:08:21,7701,1720686409.6518536
2024-07-11 10:26:50,5.1,0.471,2.402,25.0,0.0,0.0,10.8,1300,6614,8589,02:08:21,7701,1720686410.0018976
2024-07-11 10:26:50,5.1,0.473,2.412,25.0,0.0,0.0,10.7,1300,6614,8589,02:08:22,7702,1720686410.333724
2024-07-11 10:26:50,5.1,0.473,2.412,25.0,0.0,0.0,10.7,1300,6614,8589,02:08:22,7702,1720686410.6751835
2024-07-11 10:26:51,5.1,0.474,2.417,25.0,0.0,0.0,10.7,1300,6614,8590,02:08:22,7702,1720686411.0260665
2024-07-11 10:26:51,5.1,0.471,2.402,25.0,0.0,0.0,10.8,1300,6614,8590,02:08:23,7703,1720686411.3570325
2024-07-11 10:26:51,5.1,0.471,2.402,25.0,0.0,0.0,10.8,1300,6614,8590,02:08:23,7703,1720686411.6982455
2024-07-11 10:26:52,5.1,0.474,2.417,25.0,0.0,0.0,10.7,1300,6615,8591,02:08:23,7703,1720686412.0394654
2024-07-11 10:26:52,5.1,0.473,2.412,25.0,0.0,0.0,10.7,1300,6615,8591,02:08:24,7704,1720686412.380771
2024-07-11 10:26:52,5.1,0.473,2.412,25.0,0.0,0.0,10.7,1300,6616,8592,02:08:24,7704,1720686412.7224615
2024-07-11 10:26:53,5.1,0.474,2.417,25.0,0.0,0.0,10.7,1300,6616,8592,02:08:24,7704,1720686413.0626688
2024-07-11 10:26:53,5.1,0.474,2.417,25.0,0.0,0.0,10.7,1300,6616,8592,02:08:25,7705,1720686413.402817
2024-07-11 10:26:53,5.11,0.47,2.401,25.0,0.0,0.0,10.8,1300,6616,8593,02:08:25,7705,1720686413.745552
2024-07-11 10:26:54,5.1,0.473,2.412,25.0,0.0,0.0,10.7,1300,6616,8593,02:08:25,7705,1720686414.0869381
2024-07-11 10:26:54,5.1,0.473,2.412,25.0,0.0,0.0,10.7,1300,6616,8593,02:08:26,7706,1720686414.4274075
2024-07-11 10:26:54,5.1,0.475,2.422,25.0,0.0,0.0,10.7,1300,6617,8594,02:08:26,7706,1720686414.7704673
2024-07-11 10:26:55,5.1,0.47,2.397,25.0,0.0,0.0,10.8,1300,6617,8594,02:08:27,7707,1720686415.1111288
2024-07-11 10:26:55,5.1,0.47,2.397,25.0,0.0,0.0,10.8,1300,6617,8594,02:08:27,7707,1720686415.4523413
2024-07-11 10:26:55,5.1,0.477,2.432,25.0,0.0,0.0,10.6,1301,6618,8595,02:08:27,7707,1720686415.7992845
2024-07-11 10:26:56,5.1,0.477,2.432,25.0,0.0,0.0,10.6,1301,6618,8595,02:08:28,7708,1720686416.135107
2024-07-11 10:26:56,5.1,0.474,2.417,25.0,0.0,0.0,10.7,1301,6618,8595,02:08:28,7708,1720686416.4765217
2024-07-11 10:26:56,5.1,0.473,2.412,25.0,0.0,0.0,10.7,1301,6618,8596,02:08:28,7708,1720686416.8189087
2024-07-11 10:26:57,5.1,0.473,2.412,25.0,0.0,0.0,10.7,1301,6618,8596,02:08:29,7709,1720686417.1594746
2024-07-11 10:26:57,5.11,0.47,2.401,25.0,0.0,0.0,10.8,1301,6618,8596,02:08:29,7709,1720686417.5005236
2024-07-11 10:26:57,5.1,0.475,2.422,25.0,0.0,0.0,10.7,1301,6619,8597,02:08:29,7709,1720686417.8423483
2024-07-11 10:26:58,5.1,0.475,2.422,25.0,0.0,0.0,10.7,1301,6619,8597,02:08:30,7710,1720686418.18312
2024-07-11 10:26:58,5.1,0.473,2.412,25.0,0.0,0.0,10.7,1301,6619,8597,02:08:30,7710,1720686418.5245616
2024-07-11 10:26:58,5.1,0.473,2.412,25.0,0.0,0.0,10.7,1301,6620,8598,02:08:30,7710,1720686418.8653538
2024-07-11 10:26:59,5.11,0.47,2.401,25.0,0.0,0.0,10.8,1301,6620,8598,02:08:31,7711,1720686419.207036
2024-07-11 10:26:59,5.1,0.472,2.407,25.0,0.0,0.0,10.8,1301,6620,8598,02:08:31,7711,1720686419.549558
2024-07-11 10:26:59,5.1,0.472,2.407,25.0,0.0,0.0,10.8,1301,6620,8599,02:08:31,7711,1720686419.8891273
2024-07-11 10:27:00,5.1,0.471,2.402,25.0,0.0,0.0,10.8,1301,6620,8599,02:08:32,7712,1720686420.2298827
2024-07-11 10:27:00,5.11,0.471,2.406,25.0,0.0,0.0,10.8,1301,6620,8599,02:08:32,7712,1720686420.572172
2024-07-11 10:27:00,5.11,0.471,2.406,25.0,0.0,0.0,10.8,1301,6621,8600,02:08:32,7712,1720686420.91287
2024-07-11 10:27:01,5.1,0.472,2.407,25.0,0.0,0.0,10.8,1301,6621,8600,02:08:33,7713,1720686421.254156
2024-07-11 10:27:01,5.1,0.472,2.407,25.0,0.0,0.0,10.8,1301,6621,8600,02:08:33,7713,1720686421.5955162
2024-07-11 10:27:01,5.1,0.472,2.407,25.0,0.0,0.0,10.8,1301,6622,8601,02:08:33,7713,1720686421.936674
2024-07-11 10:27:02,5.1,0.471,2.402,25.0,0.0,0.0,10.8,1301,6622,8601,02:08:34,7714,1720686422.2795615
2024-07-11 10:27:02,5.1,0.471,2.402,25.0,0.0,0.0,10.8,1301,6622,8601,02:08:34,7714,1720686422.6195562
2024-07-11 10:27:02,5.11,0.47,2.401,25.0,0.0,0.0,10.8,1302,6622,8602,02:08:34,7714,1720686422.9625301
2024-07-11 10:27:03,5.1,0.472,2.407,25.0,0.0,0.0,10.8,1302,6622,8602,02:08:35,7715,1720686423.3013942
2024-07-11 10:27:03,5.1,0.472,2.407,25.0,0.0,0.0,10.8,1302,6622,8602,02:08:35,7715,1720686423.6425135
2024-07-11 10:27:03,5.1,0.474,2.417,25.0,0.0,0.0,10.7,1302,6623,8603,02:08:35,7715,1720686423.9845595
2024-07-11 10:27:04,5.1,0.474,2.417,25.0,0.0,0.0,10.7,1302,6623,8603,02:08:36,7716,1720686424.325746
2024-07-11 10:27:04,5.11,0.47,2.401,25.0,0.0,0.0,10.8,1302,6623,8603,02:08:36,7716,1720686424.6670127
2024-07-11 10:27:05,5.1,0.472,2.407,25.0,0.0,0.0,10.8,1302,6624,8604,02:08:36,7716,1720686425.0081503
2024-07-11 10:27:05,5.1,0.472,2.407,25.0,0.0,0.0,10.8,1302,6624,8604,02:08:37,7717,1720686425.3495471
2024-07-11 10:27:05,5.11,0.472,2.411,25.0,0.0,0.0,10.8,1302,6624,8605,02:08:37,7717,1720686425.690752
2024-07-11 10:27:06,5.1,0.471,2.402,25.0,0.0,0.0,10.8,1302,6624,8605,02:08:37,7717,1720686426.033339
2024-07-11 10:27:06,5.1,0.471,2.402,25.0,0.0,0.0,10.8,1302,6624,8605,02:08:38,7718,1720686426.3745403
2024-07-11 10:27:06,5.11,0.468,2.391,25.0,0.0,0.0,10.9,1302,6625,8606,02:08:38,7718,1720686426.7147338
2024-07-11 10:27:07,5.11,0.468,2.391,25.0,0.0,0.0,10.9,1302,6625,8606,02:08:38,7718,1720686427.0553236
2024-07-11 10:27:07,5.1,0.473,2.412,25.0,0.0,0.0,10.7,1302,6625,8606,02:08:39,7719,1720686427.3983183
2024-07-11 10:27:07,5.1,0.471,2.402,25.0,0.0,0.0,10.8,1302,6626,8607,02:08:39,7719,1720686427.7397714
2024-07-11 10:27:08,5.1,0.471,2.402,25.0,0.0,0.0,10.8,1302,6626,8607,02:08:39,7719,1720686428.0825098
2024-07-11 10:27:08,5.1,0.471,2.402,25.0,0.0,0.0,10.8,1302,6626,8607,02:08:40,7720,1720686428.4220583
2024-07-11 10:27:08,5.1,0.47,2.397,25.0,0.0,0.0,10.8,1302,6626,8608,02:08:40,7720,1720686428.7625751
2024-07-11 10:27:09,5.1,0.47,2.397,25.0,0.0,0.0,10.8,1302,6626,8608,02:08:41,7721,1720686429.103306
2024-07-11 10:27:09,5.1,0.472,2.407,25.0,0.0,0.0,10.8,1302,6626,8608,02:08:41,7721,1720686429.4458811
2024-07-11 10:27:09,5.1,0.472,2.407,25.0,0.0,0.0,10.8,1302,6627,8609,02:08:41,7721,1720686429.7857685
2024-07-11 10:27:10,5.11,0.472,2.411,25.0,0.0,0.0,10.8,1302,6627,8609,02:08:42,7722,1720686430.1266975
2024-07-11 10:27:10,5.11,0.468,2.391,25.0,0.0,0.0,10.9,1302,6627,8609,02:08:42,7722,1720686430.467785
2024-07-11 10:27:10,5.11,0.468,2.391,25.0,0.0,0.0,10.9,1303,6628,8610,02:08:42,7722,1720686430.8095508
2024-07-11 10:27:11,5.1,0.471,2.402,25.0,0.0,0.0,10.8,1303,6628,8610,02:08:43,7723,1720686431.1507618
2024-07-11 10:27:11,5.11,0.471,2.406,25.0,0.0,0.0,10.8,1303,6628,8610,02:08:43,7723,1720686431.491503
2024-07-11 10:27:11,5.11,0.471,2.406,25.0,0.0,0.0,10.8,1303,6628,8611,02:08:43,7723,1720686431.8314352
2024-07-11 10:27:12,5.1,0.469,2.391,25.0,0.0,0.0,10.8,1303,6628,8611,02:08:44,7724,1720686432.172857
2024-07-11 10:27:12,5.1,0.469,2.391,25.0,0.0,0.0,10.8,1303,6628,8611,02:08:44,7724,1720686432.5142603
2024-07-11 10:27:12,5.1,0.471,2.402,25.0,0.0,0.0,10.8,1303,6629,8612,02:08:44,7724,1720686432.8554933
2024-07-11 10:27:13,5.11,0.471,2.406,25.0,0.0,0.0,10.8,1303,6629,8612,02:08:45,7725,1720686433.2022567
2024-07-11 10:27:13,5.11,0.471,2.406,25.0,0.0,0.0,10.8,1303,6629,8612,02:08:45,7725,1720686433.5378432
2024-07-11 10:27:13,5.1,0.47,2.397,25.0,0.0,0.0,10.8,1303,6630,8613,02:08:45,7725,1720686433.8779318
2024-07-11 10:27:14,5.1,0.476,2.427,25.0,0.0,0.0,10.7,1303,6630,8613,02:08:46,7726,1720686434.2193844
2024-07-11 10:27:14,5.1,0.476,2.427,25.0,0.0,0.0,10.7,1303,6630,8613,02:08:46,7726,1720686434.5602634
2024-07-11 10:27:14,5.11,0.471,2.406,25.0,0.0,0.0,10.8,1303,6630,8614,02:08:46,7726,1720686434.9019382
2024-07-11 10:27:15,5.11,0.471,2.406,25.0,0.0,0.0,10.8,1303,6630,8614,02:08:47,7727,1720686435.242518
2024-07-11 10:27:15,5.11,0.471,2.406,25.0,0.0,0.0,10.8,1303,6630,8614,02:08:47,7727,1720686435.5837336
2024-07-11 10:27:15,5.11,0.469,2.396,25.0,0.0,0.0,10.8,1303,6631,8615,02:08:47,7727,1720686435.924224
2024-07-11 10:27:16,5.11,0.469,2.396,25.0,0.0,0.0,10.8,1303,6631,8615,02:08:48,7728,1720686436.2655962
2024-07-11 10:27:16,5.1,0.472,2.407,25.0,0.0,0.0,10.8,1303,6631,8615,02:08:48,7728,1720686436.6090062
2024-07-11 10:27:16,5.1,0.472,2.407,25.0,0.0,0.0,10.8,1303,6632,8616,02:08:48,7728,1720686436.9481204
2024-07-11 10:27:17,5.1,0.472,2.407,25.0,0.0,0.0,10.8,1303,6632,8616,02:08:49,7729,1720686437.2876544
2024-07-11 10:27:17,5.1,0.467,2.381,25.0,0.0,0.0,10.9,1303,6632,8616,02:08:49,7729,1720686437.6290078
2024-07-11 10:27:17,5.1,0.467,2.381,25.0,0.0,0.0,10.9,1303,6632,8617,02:08:49,7729,1720686437.9707665
2024-07-11 10:27:18,5.1,0.471,2.402,25.0,0.0,0.0,10.8,1303,6632,8617,02:08:50,7730,1720686438.3217037
2024-07-11 10:27:18,5.1,0.473,2.412,25.0,0.0,0.0,10.7,1304,6633,8618,02:08:50,7730,1720686438.651874
2024-07-11 10:27:18,5.1,0.473,2.412,25.0,0.0,0.0,10.7,1304,6633,8618,02:08:50,7730,1720686438.994174
2024-07-11 10:27:19,5.1,0.471,2.402,25.0,0.01,0.0,10.8,1304,6633,8618,02:08:51,7731,1720686439.3335276
2024-07-11 10:27:19,5.1,0.468,2.386,25.0,0.0,0.0,10.8,1304,6634,8619,02:08:51,7731,1720686439.6750236
2024-07-11 10:27:20,5.1,0.468,2.386,25.0,0.0,0.0,10.8,1304,6634,8619,02:08:51,7731,1720686440.0161784
2024-07-11 10:27:20,5.11,0.471,2.406,25.0,0.0,0.0,10.8,1304,6634,8619,02:08:52,7732,1720686440.3576407
2024-07-11 10:27:20,5.11,0.471,2.406,25.0,0.0,0.0,10.8,1304,6634,8620,02:08:52,7732,1720686440.6988003
2024-07-11 10:27:21,5.1,0.471,2.402,25.0,0.0,0.0,10.8,1304,6634,8620,02:08:52,7732,1720686441.041488
2024-07-11 10:27:21,5.11,0.468,2.391,25.0,0.0,0.0,10.9,1304,6634,8620,02:08:53,7733,1720686441.3815253
2024-07-11 10:27:21,5.11,0.468,2.391,25.0,0.0,0.0,10.9,1304,6635,8621,02:08:53,7733,1720686441.7220242
2024-07-11 10:27:22,5.1,0.472,2.407,25.0,0.0,0.0,10.8,1304,6635,8621,02:08:53,7733,1720686442.0671034
2024-07-11 10:27:22,5.1,0.47,2.397,25.0,0.0,0.0,10.8,1304,6635,8621,02:08:54,7734,1720686442.4045143
2024-07-11 10:27:22,5.1,0.47,2.397,25.0,0.0,0.0,10.8,1304,6636,8622,02:08:54,7734,1720686442.7451024
2024-07-11 10:27:23,5.1,0.471,2.402,25.0,0.0,0.0,10.8,1304,6636,8622,02:08:54,7734,1720686443.086425
2024-07-11 10:27:23,5.1,0.471,2.402,25.0,0.0,0.0,10.8,1304,6636,8622,02:08:55,7735,1720686443.444397
2024-07-11 10:27:23,5.11,0.469,2.396,25.0,0.0,0.0,10.8,1304,6636,8623,02:08:55,7735,1720686443.7676835
2024-07-11 10:27:24,5.1,0.473,2.412,25.0,0.0,0.0,10.7,1304,6636,8623,02:08:56,7736,1720686444.1117575
2024-07-11 10:27:24,5.1,0.473,2.412,25.0,0.0,0.0,10.7,1304,6636,8623,02:08:56,7736,1720686444.4502556
2024-07-11 10:27:24,5.1,0.471,2.402,25.0,0.0,0.0,10.8,1304,6637,8624,02:08:56,7736,1720686444.7921996
2024-07-11 10:27:25,5.1,0.468,2.386,25.0,0.0,0.0,10.8,1304,6637,8624,02:08:57,7737,1720686445.1333232
2024-07-11 10:27:25,5.1,0.468,2.386,25.0,0.0,0.0,10.8,1304,6637,8624,02:08:57,7737,1720686445.474477
2024-07-11 10:27:25,5.1,0.476,2.427,25.0,0.0,0.0,10.7,1305,6638,8625,02:08:57,7737,1720686445.8158548
2024-07-11 10:27:26,5.1,0.476,2.427,25.0,0.0,0.0,10.7,1305,6638,8625,02:08:58,7738,1720686446.1558533
2024-07-11 10:27:26,5.1,0.471,2.402,25.0,0.0,0.0,10.8,1305,6638,8625,02:08:58,7738,1720686446.4971006
2024-07-11 10:27:26,5.11,0.467,2.386,25.0,0.0,0.0,10.9,1305,6638,8626,02:08:58,7738,1720686446.8383505
2024-07-11 10:27:27,5.11,0.467,2.386,25.0,0.0,0.0,10.9,1305,6638,8626,02:08:59,7739,1720686447.1786427
2024-07-11 10:27:27,5.1,0.47,2.397,25.0,0.0,0.0,10.8,1305,6638,8626,02:08:59,7739,1720686447.5202596
2024-07-11 10:27:27,5.1,0.47,2.397,25.0,0.0,0.0,10.8,1305,6639,8627,02:08:59,7739,1720686447.8620944
2024-07-11 10:27:28,5.1,0.47,2.397,25.0,0.0,0.0,10.8,1305,6639,8627,02:09:00,7740,1720686448.2045984
2024-07-11 10:27:28,5.11,0.469,2.396,25.0,0.0,0.0,10.8,1305,6639,8627,02:09:00,7740,1720686448.564605
2024-07-11 10:27:28,5.11,0.469,2.396,25.0,0.0,0.0,10.8,1305,6640,8628,02:09:00,7740,1720686448.884894
2024-07-11 10:27:29,5.11,0.467,2.386,25.0,0.0,0.0,10.9,1305,6640,8628,02:09:01,7741,1720686449.2261999
2024-07-11 10:27:29,5.1,0.476,2.427,25.0,0.0,0.0,10.7,1305,6640,8628,02:09:01,7741,1720686449.5671477
2024-07-11 10:27:29,5.1,0.476,2.427,25.0,0.0,0.0,10.7,1305,6640,8629,02:09:01,7741,1720686449.907123
2024-07-11 10:27:30,5.1,0.471,2.402,25.0,0.0,0.0,10.8,1305,6640,8629,02:09:02,7742,1720686450.2483332
2024-07-11 10:27:30,5.1,0.468,2.386,25.0,0.0,0.0,10.8,1305,6640,8629,02:09:02,7742,1720686450.5895176
2024-07-11 10:27:30,5.1,0.468,2.386,25.0,0.0,0.0,10.8,1305,6641,8630,02:09:02,7742,1720686450.930818
2024-07-11 10:27:31,5.1,0.47,2.397,25.0,0.0,0.0,10.8,1305,6641,8630,02:09:03,7743,1720686451.274928
2024-07-11 10:27:31,5.1,0.47,2.397,25.0,0.0,0.0,10.8,1305,6641,8630,02:09:03,7743,1720686451.613342
2024-07-11 10:27:31,5.11,0.47,2.401,25.0,0.0,0.0,10.8,1305,6642,8631,02:09:03,7743,1720686451.9546154
2024-07-11 10:27:32,5.1,0.472,2.407,25.0,0.0,0.0,10.8,1305,6642,8631,02:09:04,7744,1720686452.2946262
2024-07-11 10:27:32,5.1,0.472,2.407,25.0,0.0,0.0,10.8,1305,6642,8632,02:09:04,7744,1720686452.6383448
2024-07-11 10:27:32,5.1,0.467,2.381,25.0,0.0,0.0,10.9,1305,6642,8632,02:09:04,7744,1720686452.9771163
2024-07-11 10:27:33,5.1,0.472,2.407,25.0,0.0,0.0,10.8,1305,6642,8632,02:09:05,7745,1720686453.3183541
2024-07-11 10:27:33,5.1,0.472,2.407,25.0,0.0,0.0,10.8,1306,6643,8633,02:09:05,7745,1720686453.6824553
2024-07-11 10:27:34,5.11,0.47,2.401,25.0,0.0,0.0,10.8,1306,6643,8633,02:09:05,7745,1720686454.0000675
2024-07-11 10:27:34,5.11,0.47,2.401,25.0,0.0,0.0,10.8,1306,6643,8633,02:09:06,7746,1720686454.3454406
2024-07-11 10:27:34,5.11,0.467,2.386,25.0,0.0,0.0,10.9,1306,6644,8634,02:09:06,7746,1720686454.6819913
2024-07-11 10:27:35,5.1,0.47,2.397,25.0,0.0,0.0,10.8,1306,6644,8634,02:09:06,7746,1720686455.0233154
2024-07-11 10:27:35,5.1,0.47,2.397,25.0,0.0,0.0,10.8,1306,6644,8634,02:09:07,7747,1720686455.367
2024-07-11 10:27:35,5.1,0.471,2.402,25.0,0.0,0.0,10.8,1306,6644,8635,02:09:07,7747,1720686455.7054267
2024-07-11 10:27:36,5.1,0.469,2.391,25.0,0.0,0.0,10.8,1306,6644,8635,02:09:07,7747,1720686456.047161
2024-07-11 10:27:36,5.1,0.469,2.391,25.0,0.0,0.0,10.8,1306,6644,8635,02:09:08,7748,1720686456.3871312
2024-07-11 10:27:36,5.1,0.47,2.397,25.0,0.0,0.0,10.8,1306,6645,8636,02:09:08,7748,1720686456.7308893
2024-07-11 10:27:37,5.1,0.47,2.397,25.0,0.0,0.0,10.8,1306,6645,8636,02:09:08,7748,1720686457.0693893
2024-07-11 10:27:37,5.11,0.47,2.401,25.0,0.0,0.0,10.8,1306,6645,8636,02:09:09,7749,1720686457.4174163
2024-07-11 10:27:37,5.1,0.47,2.397,25.0,0.0,0.0,10.8,1306,6646,8637,02:09:09,7749,1720686457.7514284
2024-07-11 10:27:38,5.1,0.47,2.397,25.0,0.0,0.0,10.8,1306,6646,8637,02:09:09,7749,1720686458.092804
2024-07-11 10:27:38,5.11,0.467,2.386,25.0,0.0,0.0,10.9,1306,6646,8637,02:09:10,7750,1720686458.4383488
2024-07-11 10:27:38,5.1,0.47,2.397,25.0,0.0,0.0,10.8,1306,6646,8638,02:09:10,7750,1720686458.8021784
2024-07-11 10:27:39,5.1,0.47,2.397,25.0,0.0,0.0,10.8,1306,6646,8638,02:09:11,7751,1720686459.11532
2024-07-11 10:27:39,5.1,0.47,2.397,25.0,0.0,0.0,10.8,1306,6646,8638,02:09:11,7751,1720686459.4657319
2024-07-11 10:27:39,5.1,0.47,2.397,25.0,0.0,0.0,10.8,1306,6647,8639,02:09:11,7751,1720686459.7983165
2024-07-11 10:27:40,5.1,0.467,2.381,25.0,0.0,0.0,10.9,1306,6647,8639,02:09:12,7752,1720686460.1396534
2024-07-11 10:27:40,5.1,0.47,2.397,25.0,0.0,0.0,10.8,1306,6647,8639,02:09:12,7752,1720686460.483354
2024-07-11 10:27:40,5.1,0.47,2.397,25.0,0.0,0.0,10.8,1307,6648,8640,02:09:12,7752,1720686460.8202534
2024-07-11 10:27:41,5.1,0.469,2.391,25.0,0.0,0.0,10.8,1307,6648,8640,02:09:13,7753,1720686461.1630945
2024-07-11 10:27:41,5.1,0.469,2.391,25.0,0.0,0.0,10.8,1307,6648,8640,02:09:13,7753,1720686461.5033522
2024-07-11 10:27:41,5.1,0.469,2.391,25.0,0.0,0.0,10.8,1307,6648,8641,02:09:13,7753,1720686461.8470757
2024-07-11 10:27:42,5.11,0.467,2.386,25.0,0.0,0.0,10.9,1307,6648,8641,02:09:14,7754,1720686462.1858485
2024-07-11 10:27:42,5.11,0.467,2.386,25.0,0.0,0.0,10.9,1307,6648,8641,02:09:14,7754,1720686462.5345817
2024-07-11 10:27:42,5.1,0.47,2.397,25.0,0.0,0.0,10.8,1307,6649,8642,02:09:14,7754,1720686462.8670795
2024-07-11 10:27:43,5.11,0.469,2.396,25.0,0.0,0.0,10.8,1307,6649,8642,02:09:15,7755,1720686463.208338
2024-07-11 10:27:43,5.11,0.469,2.396,25.0,0.0,0.0,10.8,1307,6649,8642,02:09:15,7755,1720686463.5516589
2024-07-11 10:27:43,5.11,0.467,2.386,25.0,0.0,0.0,10.9,1307,6650,8643,02:09:15,7755,1720686463.9204528
2024-07-11 10:27:44,5.1,0.47,2.397,25.0,0.0,0.0,10.8,1307,6650,8643,02:09:16,7756,1720686464.2318177
2024-07-11 10:27:44,5.1,0.47,2.397,25.0,0.0,0.0,10.8,1307,6650,8643,02:09:16,7756,1720686464.5719075
2024-07-11 10:27:44,5.11,0.472,2.411,25.0,0.0,0.0,10.8,1307,6650,8644,02:09:16,7756,1720686464.9133708
2024-07-11 10:27:45,5.11,0.472,2.411,25.0,0.0,0.0,10.8,1307,6650,8644,02:09:17,7757,1720686465.2546718
2024-07-11 10:27:45,5.11,0.467,2.386,25.0,0.0,0.0,10.9,1307,6651,8645,02:09:17,7757,1720686465.5958965
2024-07-11 10:27:45,5.11,0.468,2.391,25.0,0.0,0.0,10.9,1307,6651,8645,02:09:17,7757,1720686465.9371145
2024-07-11 10:27:46,5.11,0.468,2.391,25.0,0.0,0.0,10.9,1307,6651,8645,02:09:18,7758,1720686466.2770739
2024-07-11 10:27:46,5.11,0.47,2.401,25.0,0.0,0.0,10.8,1307,6652,8646,02:09:18,7758,1720686466.6183481
2024-07-11 10:27:46,5.1,0.468,2.386,25.0,0.01,0.0,10.8,1307,6652,8646,02:09:18,7758,1720686466.959244
2024-07-11 10:27:47,5.1,0.468,2.386,25.0,0.01,0.0,10.8,1307,6652,8646,02:09:19,7759,1720686467.3008149
2024-07-11 10:27:47,5.1,0.467,2.381,25.0,0.01,0.0,10.9,1307,6652,8647,02:09:19,7759,1720686467.641302
2024-07-11 10:27:47,5.1,0.467,2.381,25.0,0.01,0.0,10.9,1307,6652,8647,02:09:19,7759,1720686467.9813917
2024-07-11 10:27:48,5.1,0.471,2.402,25.0,0.01,0.0,10.8,1307,6652,8647,02:09:20,7760,1720686468.323341
2024-07-11 10:27:48,5.1,0.468,2.386,25.0,0.01,0.0,10.8,1308,6653,8648,02:09:20,7760,1720686468.6646676
2024-07-11 10:27:49,5.1,0.468,2.386,25.0,0.01,0.0,10.8,1308,6653,8648,02:09:20,7760,1720686469.00591
2024-07-11 10:27:49,5.1,0.466,2.376,25.0,0.01,0.0,10.9,1308,6653,8648,02:09:21,7761,1720686469.3471396
2024-07-11 10:27:49,5.1,0.469,2.391,25.0,0.01,0.0,10.8,1308,6654,8649,02:09:21,7761,1720686469.6883736
2024-07-11 10:27:50,5.1,0.469,2.391,25.0,0.01,0.0,10.8,1308,6654,8649,02:09:21,7761,1720686470.028998
2024-07-11 10:27:50,5.1,0.469,2.391,25.0,0.01,0.0,10.8,1308,6654,8649,02:09:22,7762,1720686470.3708847
2024-07-11 10:27:50,5.1,0.469,2.391,25.0,0.01,0.0,10.8,1308,6654,8650,02:09:22,7762,1720686470.711999
2024-07-11 10:27:51,5.1,0.469,2.391,25.0,0.01,0.0,10.8,1308,6654,8650,02:09:22,7762,1720686471.0514567
2024-07-11 10:27:51,5.1,0.467,2.381,25.0,0.01,0.0,10.9,1308,6654,8650,02:09:23,7763,1720686471.3929136
2024-07-11 10:27:51,5.1,0.467,2.381,25.0,0.01,0.0,10.9,1308,6655,8651,02:09:23,7763,1720686471.7346795
2024-07-11 10:27:52,5.1,0.469,2.391,25.0,0.01,0.0,10.8,1308,6655,8651,02:09:23,7763,1720686472.0758386
2024-07-11 10:27:52,5.1,0.468,2.386,25.0,0.01,0.0,10.8,1308,6655,8651,02:09:24,7764,1720686472.4171429
2024-07-11 10:27:52,5.1,0.468,2.386,25.0,0.01,0.0,10.8,1308,6656,8652,02:09:24,7764,1720686472.7584522
2024-07-11 10:27:53,5.1,0.466,2.376,25.0,0.01,0.0,10.9,1308,6656,8652,02:09:24,7764,1720686473.0996823
2024-07-11 10:27:53,5.1,0.466,2.376,25.0,0.01,0.0,10.9,1308,6656,8652,02:09:25,7765,1720686473.440899
2024-07-11 10:27:53,5.1,0.47,2.397,25.0,0.01,0.0,10.8,1308,6656,8653,02:09:25,7765,1720686473.7834961
2024-07-11 10:27:54,5.1,0.469,2.391,25.0,0.01,0.0,10.8,1308,6656,8653,02:09:26,7766,1720686474.1218572
2024-07-11 10:27:54,5.1,0.469,2.391,25.0,0.01,0.0,10.8,1308,6656,8653,02:09:26,7766,1720686474.4628475
2024-07-11 10:27:54,5.1,0.466,2.376,25.0,0.01,0.0,10.9,1308,6657,8654,02:09:26,7766,1720686474.8054628
2024-07-11 10:27:55,5.11,0.467,2.386,25.0,0.01,0.0,10.9,1308,6657,8654,02:09:27,7767,1720686475.1484456
2024-07-11 10:27:55,5.11,0.467,2.386,25.0,0.01,0.0,10.9,1308,6657,8654,02:09:27,7767,1720686475.4871387
2024-07-11 10:27:55,5.1,0.477,2.432,25.0,0.01,0.0,10.6,1308,6658,8655,02:09:27,7767,1720686475.8284442
2024-07-11 10:27:56,5.1,0.477,2.432,25.0,0.01,0.0,10.6,1308,6658,8655,02:09:28,7768,1720686476.1684446
2024-07-11 10:27:56,5.1,0.47,2.397,25.0,0.01,0.0,10.8,1308,6658,8655,02:09:28,7768,1720686476.5096936
2024-07-11 10:27:56,5.1,0.466,2.376,25.0,0.01,0.0,10.9,1309,6658,8656,02:09:28,7768,1720686476.8509393
2024-07-11 10:27:57,5.1,0.466,2.376,25.0,0.01,0.0,10.9,1309,6658,8656,02:09:29,7769,1720686477.191696
2024-07-11 10:27:57,5.1,0.468,2.386,25.0,0.01,0.0,10.8,1309,6658,8656,02:09:29,7769,1720686477.5358627
2024-07-11 10:27:57,5.1,0.469,2.391,25.0,0.01,0.0,10.8,1309,6659,8657,02:09:29,7769,1720686477.873944
2024-07-11 10:27:58,5.1,0.469,2.391,25.0,0.01,0.0,10.8,1309,6659,8657,02:09:30,7770,1720686478.2155335
2024-07-11 10:27:58,5.11,0.466,2.381,25.0,0.01,0.0,10.9,1309,6660,8658,02:09:30,7770,1720686478.556703
2024-07-11 10:27:58,5.11,0.466,2.381,25.0,0.01,0.0,10.9,1309,6660,8658,02:09:30,7770,1720686478.8971648
2024-07-11 10:27:59,5.1,0.469,2.391,25.0,0.0,0.0,10.8,1309,6660,8658,02:09:31,7771,1720686479.238439
2024-07-11 10:27:59,5.1,0.471,2.402,25.0,0.0,0.0,10.8,1309,6660,8659,02:09:31,7771,1720686479.5796914
2024-07-11 10:27:59,5.1,0.471,2.402,25.0,0.0,0.0,10.8,1309,6660,8659,02:09:31,7771,1720686479.922717
2024-07-11 10:28:00,5.1,0.468,2.386,25.0,0.0,0.0,10.8,1309,6660,8659,02:09:32,7772,1720686480.2632515
2024-07-11 10:28:00,5.11,0.466,2.381,25.0,0.0,0.0,10.9,1309,6661,8660,02:09:32,7772,1720686480.603418
2024-07-11 10:28:00,5.11,0.466,2.381,25.0,0.0,0.0,10.9,1309,6661,8660,02:09:32,7772,1720686480.9446862
2024-07-11 10:28:01,5.1,0.467,2.381,25.0,0.0,0.0,10.9,1309,6661,8660,02:09:33,7773,1720686481.2850497
2024-07-11 10:28:01,5.1,0.467,2.381,25.0,0.0,0.0,10.9,1309,6662,8661,02:09:33,7773,1720686481.6266067
2024-07-11 10:28:01,5.11,0.469,2.396,25.0,0.0,0.0,10.8,1309,6662,8661,02:09:33,7773,1720686481.9680858
2024-07-11 10:28:02,5.11,0.466,2.381,25.0,0.0,0.0,10.9,1309,6662,8661,02:09:34,7774,1720686482.3095925
2024-07-11 10:28:02,5.11,0.466,2.381,25.0,0.0,0.0,10.9,1309,6662,8662,02:09:34,7774,1720686482.6509502
2024-07-11 10:28:02,5.1,0.472,2.407,25.0,0.0,0.0,10.8,1309,6662,8662,02:09:34,7774,1720686482.9923334
2024-07-11 10:28:03,5.11,0.467,2.386,25.0,0.0,0.0,10.9,1309,6662,8662,02:09:35,7775,1720686483.333054
2024-07-11 10:28:03,5.11,0.467,2.386,25.0,0.0,0.0,10.9,1309,6663,8663,02:09:35,7775,1720686483.673392
2024-07-11 10:28:04,5.1,0.468,2.386,25.0,0.0,0.0,10.8,1309,6663,8663,02:09:35,7775,1720686484.0147002
2024-07-11 10:28:04,5.1,0.468,2.386,25.0,0.0,0.0,10.8,1309,6663,8663,02:09:36,7776,1720686484.3559163
2024-07-11 10:28:04,5.11,0.466,2.381,25.0,0.0,0.0,10.9,1310,6664,8664,02:09:36,7776,1720686484.6963377
2024-07-11 10:28:05,5.1,0.469,2.391,25.0,0.0,0.0,10.8,1310,6664,8664,02:09:36,7776,1720686485.0416975
2024-07-11 10:28:05,5.1,0.469,2.391,25.0,0.0,0.0,10.8,1310,6664,8664,02:09:37,7777,1720686485.3788724
2024-07-11 10:28:05,5.1,0.47,2.397,25.0,0.0,0.0,10.8,1310,6664,8665,02:09:37,7777,1720686485.7209315
2024-07-11 10:28:06,5.11,0.466,2.381,25.0,0.0,0.0,10.9,1310,6664,8665,02:09:37,7777,1720686486.0622196
2024-07-11 10:28:06,5.11,0.466,2.381,25.0,0.0,0.0,10.9,1310,6664,8665,02:09:38,7778,1720686486.4036283
2024-07-11 10:28:06,5.11,0.468,2.391,25.0,0.0,0.0,10.9,1310,6665,8666,02:09:38,7778,1720686486.7447028
2024-07-11 10:28:07,5.11,0.468,2.391,25.0,0.0,0.0,10.9,1310,6665,8666,02:09:38,7778,1720686487.0844455
2024-07-11 10:28:07,5.11,0.468,2.391,25.0,0.0,0.0,10.9,1310,6665,8666,02:09:39,7779,1720686487.4256132
2024-07-11 10:28:07,5.1,0.468,2.386,25.0,0.0,0.0,10.8,1310,6666,8667,02:09:39,7779,1720686487.7672117
2024-07-11 10:28:08,5.1,0.468,2.386,25.0,0.0,0.0,10.8,1310,6666,8667,02:09:40,7780,1720686488.1080284
2024-07-11 10:28:08,5.11,0.467,2.386,25.0,0.0,0.0,10.9,1310,6666,8667,02:09:40,7780,1720686488.454012
2024-07-11 10:28:08,5.11,0.468,2.391,25.0,0.0,0.0,10.9,1310,6666,8668,02:09:40,7780,1720686488.7909746
2024-07-11 10:28:09,5.11,0.468,2.391,25.0,0.0,0.0,10.9,1310,6666,8668,02:09:41,7781,1720686489.1315398
2024-07-11 10:28:09,5.1,0.468,2.386,25.0,0.0,0.0,10.8,1310,6666,8668,02:09:41,7781,1720686489.4731503
2024-07-11 10:28:09,5.1,0.468,2.386,25.0,0.0,0.0,10.8,1310,6667,8669,02:09:41,7781,1720686489.814715
2024-07-11 10:28:10,5.1,0.466,2.376,25.0,0.0,0.0,10.9,1310,6667,8669,02:09:42,7782,1720686490.1623404
2024-07-11 10:28:10,5.11,0.468,2.391,25.0,0.0,0.0,10.9,1310,6667,8669,02:09:42,7782,1720686490.4997022
2024-07-11 10:28:10,5.11,0.468,2.391,25.0,0.0,0.0,10.9,1310,6668,8670,02:09:42,7782,1720686490.837188
2024-07-11 10:28:11,5.11,0.468,2.391,25.0,0.0,0.0,10.9,1310,6668,8670,02:09:43,7783,1720686491.1809745
2024-07-11 10:28:11,5.11,0.466,2.381,25.0,0.0,0.0,10.9,1310,6668,8670,02:09:43,7783,1720686491.5193124
2024-07-11 10:28:11,5.11,0.466,2.381,25.0,0.0,0.0,10.9,1311,6668,8671,02:09:43,7783,1720686491.8605494
2024-07-11 10:28:12,5.1,0.468,2.386,25.0,0.0,0.0,10.8,1311,6668,8671,02:09:44,7784,1720686492.2016027
2024-07-11 10:28:12,5.1,0.468,2.386,25.0,0.0,0.0,10.8,1311,6669,8672,02:09:44,7784,1720686492.5433984
2024-07-11 10:28:12,5.1,0.468,2.386,25.0,0.0,0.0,10.8,1311,6669,8672,02:09:44,7784,1720686492.884702
2024-07-11 10:28:13,5.11,0.468,2.391,25.0,0.01,0.0,10.9,1311,6669,8672,02:09:45,7785,1720686493.2259758
2024-07-11 10:28:13,5.11,0.468,2.391,25.0,0.01,0.0,10.9,1311,6670,8673,02:09:45,7785,1720686493.5672083
2024-07-11 10:28:13,5.1,0.465,2.371,25.0,0.01,0.0,10.9,1311,6670,8673,02:09:45,7785,1720686493.9083989
2024-07-11 10:28:14,5.1,0.467,2.381,25.0,0.01,0.0,10.9,1311,6670,8673,02:09:46,7786,1720686494.2493694
2024-07-11 10:28:14,5.1,0.467,2.381,25.0,0.01,0.0,10.9,1311,6670,8674,02:09:46,7786,1720686494.5933619
2024-07-11 10:28:14,5.1,0.468,2.386,25.0,0.01,0.0,10.8,1311,6670,8674,02:09:46,7786,1720686494.9317422
2024-07-11 10:28:15,5.1,0.468,2.386,25.0,0.01,0.0,10.8,1311,6670,8674,02:09:47,7787,1720686495.2841215
2024-07-11 10:28:15,5.1,0.465,2.371,25.0,0.01,0.0,10.9,1311,6671,8675,02:09:47,7787,1720686495.6136274
2024-07-11 10:28:15,5.1,0.468,2.386,25.0,0.01,0.0,10.8,1311,6671,8675,02:09:47,7787,1720686495.9547246
2024-07-11 10:28:16,5.1,0.468,2.386,25.0,0.01,0.0,10.8,1311,6671,8675,02:09:48,7788,1720686496.2959049
2024-07-11 10:28:16,5.1,0.468,2.386,25.0,0.01,0.0,10.8,1311,6672,8676,02:09:48,7788,1720686496.6367657
2024-07-11 10:28:16,5.1,0.468,2.386,25.0,0.01,0.0,10.8,1311,6672,8676,02:09:48,7788,1720686496.9784393
2024-07-11 10:28:17,5.1,0.468,2.386,25.0,0.01,0.0,10.8,1311,6672,8676,02:09:49,7789,1720686497.3195891
2024-07-11 10:28:17,5.1,0.467,2.381,25.0,0.01,0.0,10.9,1311,6672,8677,02:09:49,7789,1720686497.660956
2024-07-11 10:28:18,5.1,0.467,2.381,25.0,0.01,0.0,10.9,1311,6672,8677,02:09:49,7789,1720686498.0023212
2024-07-11 10:28:18,5.1,0.469,2.391,25.0,0.01,0.0,10.8,1311,6672,8677,02:09:50,7790,1720686498.3432775
2024-07-11 10:28:18,5.1,0.468,2.386,25.0,0.01,0.0,10.8,1311,6673,8678,02:09:50,7790,1720686498.684578
2024-07-11 10:28:19,5.1,0.468,2.386,25.0,0.01,0.0,10.8,1311,6673,8678,02:09:50,7790,1720686499.0259514
2024-07-11 10:28:19,5.1,0.465,2.371,25.0,0.01,0.0,10.9,1311,6673,8678,02:09:51,7791,1720686499.3672404
2024-07-11 10:28:19,5.1,0.467,2.381,25.0,0.01,0.0,10.9,1312,6674,8679,02:09:51,7791,1720686499.710978
2024-07-11 10:28:20,5.1,0.467,2.381,25.0,0.01,0.0,10.9,1312,6674,8679,02:09:51,7791,1720686500.0497468
2024-07-11 10:28:20,5.1,0.47,2.397,25.0,0.01,0.0,10.8,1312,6674,8679,02:09:52,7792,1720686500.4026525
2024-07-11 10:28:20,5.1,0.47,2.397,25.0,0.01,0.0,10.8,1312,6674,8680,02:09:52,7792,1720686500.7350545
2024-07-11 10:28:21,5.1,0.466,2.376,25.0,0.01,0.0,10.9,1312,6674,8680,02:09:52,7792,1720686501.072235
2024-07-11 10:28:21,5.1,0.468,2.386,25.0,0.01,0.0,10.8,1312,6674,8680,02:09:53,7793,1720686501.413444
2024-07-11 10:28:21,5.1,0.468,2.386,25.0,0.01,0.0,10.8,1312,6675,8681,02:09:53,7793,1720686501.7545583
2024-07-11 10:28:22,5.1,0.468,2.386,25.0,0.01,0.0,10.8,1312,6675,8681,02:09:53,7793,1720686502.0955975
2024-07-11 10:28:22,5.1,0.468,2.386,25.0,0.01,0.0,10.8,1312,6675,8681,02:09:54,7794,1720686502.4372406
2024-07-11 10:28:22,5.1,0.468,2.386,25.0,0.01,0.0,10.8,1312,6675,8682,02:09:54,7794,1720686502.7784657
2024-07-11 10:28:23,5.1,0.465,2.371,25.0,0.01,0.0,10.9,1312,6675,8682,02:09:55,7795,1720686503.119737
2024-07-11 10:28:23,5.1,0.465,2.371,25.0,0.01,0.0,10.9,1312,6675,8682,02:09:55,7795,1720686503.4609616
2024-07-11 10:28:23,5.1,0.471,2.402,25.0,0.01,0.0,10.8,1312,6676,8683,02:09:55,7795,1720686503.80224
2024-07-11 10:28:24,5.1,0.468,2.386,25.0,0.01,0.0,10.8,1312,6676,8683,02:09:56,7796,1720686504.1433992
2024-07-11 10:28:24,5.1,0.468,2.386,25.0,0.01,0.0,10.8,1312,6676,8683,02:09:56,7796,1720686504.484761
2024-07-11 10:28:24,5.1,0.465,2.371,25.0,0.01,0.0,10.9,1312,6677,8684,02:09:56,7796,1720686504.8297625
2024-07-11 10:28:25,5.11,0.467,2.386,25.0,0.01,0.0,10.9,1312,6677,8684,02:09:57,7797,1720686505.1668084
2024-07-11 10:28:25,5.11,0.467,2.386,25.0,0.01,0.0,10.9,1312,6677,8685,02:09:57,7797,1720686505.5217597
2024-07-11 10:28:25,5.1,0.471,2.402,25.0,0.01,0.0,10.8,1312,6677,8685,02:09:57,7797,1720686505.8484836
2024-07-11 10:28:26,5.1,0.471,2.402,25.0,0.01,0.0,10.8,1312,6677,8685,02:09:58,7798,1720686506.1892667
2024-07-11 10:28:26,5.1,0.468,2.386,25.0,0.01,0.0,10.8,1312,6678,8686,02:09:58,7798,1720686506.5322418
2024-07-11 10:28:26,5.11,0.465,2.376,25.0,0.0,0.0,10.9,1312,6678,8686,02:09:58,7798,1720686506.8772147
2024-07-11 10:28:27,5.11,0.465,2.376,25.0,0.0,0.0,10.9,1312,6678,8686,02:09:59,7799,1720686507.2134776
2024-07-11 10:28:27,5.1,0.468,2.386,25.0,0.0,0.0,10.8,1313,6679,8687,02:09:59,7799,1720686507.5560036
2024-07-11 10:28:27,5.11,0.468,2.391,25.0,0.0,0.0,10.9,1313,6679,8687,02:09:59,7799,1720686507.8972583
2024-07-11 10:28:28,5.11,0.468,2.391,25.0,0.0,0.0,10.9,1313,6679,8687,02:10:00,7800,1720686508.2372131
2024-07-11 10:28:28,5.11,0.465,2.376,25.0,0.0,0.0,10.9,1313,6679,8688,02:10:00,7800,1720686508.579419
2024-07-11 10:28:28,5.11,0.465,2.376,25.0,0.0,0.0,10.9,1313,6679,8688,02:10:00,7800,1720686508.9256086
2024-07-11 10:28:29,5.11,0.467,2.386,25.0,0.0,0.0,10.9,1313,6679,8688,02:10:01,7801,1720686509.2610052
2024-07-11 10:28:29,5.11,0.469,2.396,25.0,0.0,0.0,10.8,1313,6680,8689,02:10:01,7801,1720686509.6033773
2024-07-11 10:28:29,5.11,0.469,2.396,25.0,0.0,0.0,10.8,1313,6680,8689,02:10:01,7801,1720686509.945933
2024-07-11 10:28:30,5.1,0.468,2.386,25.0,0.0,0.0,10.8,1313,6680,8689,02:10:02,7802,1720686510.2846377
2024-07-11 10:28:30,5.11,0.465,2.376,25.0,0.0,0.0,10.9,1313,6681,8690,02:10:02,7802,1720686510.644811
2024-07-11 10:28:30,5.11,0.465,2.376,25.0,0.0,0.0,10.9,1313,6681,8690,02:10:02,7802,1720686510.973504
2024-07-11 10:28:31,5.1,0.474,2.417,25.0,0.0,0.0,10.7,1313,6681,8690,02:10:03,7803,1720686511.3085291
2024-07-11 10:28:31,5.1,0.474,2.417,25.0,0.0,0.0,10.7,1313,6681,8691,02:10:03,7803,1720686511.6496434
2024-07-11 10:28:31,5.11,0.468,2.391,25.0,0.0,0.0,10.9,1313,6681,8691,02:10:03,7803,1720686511.9966567
2024-07-11 10:28:32,5.11,0.464,2.371,25.0,0.0,0.0,11.0,1313,6681,8691,02:10:04,7804,1720686512.331722
2024-07-11 10:28:32,5.11,0.464,2.371,25.0,0.0,0.0,11.0,1313,6682,8692,02:10:04,7804,1720686512.6732376
2024-07-11 10:28:33,5.1,0.468,2.386,25.0,0.0,0.0,10.8,1313,6682,8692,02:10:04,7804,1720686513.016043
2024-07-11 10:28:33,5.11,0.467,2.386,25.0,0.0,0.0,10.9,1313,6682,8692,02:10:05,7805,1720686513.3572285
2024-07-11 10:28:33,5.11,0.467,2.386,25.0,0.0,0.0,10.9,1313,6683,8693,02:10:05,7805,1720686513.6972654
2024-07-11 10:28:34,5.11,0.466,2.381,25.0,0.0,0.0,10.9,1313,6683,8693,02:10:05,7805,1720686514.04104
2024-07-11 10:28:34,5.11,0.466,2.381,25.0,0.0,0.0,10.9,1313,6683,8693,02:10:06,7806,1720686514.3796399
2024-07-11 10:28:34,5.1,0.466,2.376,25.0,0.0,0.0,10.9,1314,6683,8694,02:10:06,7806,1720686514.7210224
2024-07-11 10:28:35,5.11,0.466,2.381,25.0,0.0,0.0,10.9,1314,6683,8694,02:10:06,7806,1720686515.065843
2024-07-11 10:28:35,5.11,0.466,2.381,25.0,0.0,0.0,10.9,1314,6683,8694,02:10:07,7807,1720686515.4021666
2024-07-11 10:28:35,5.1,0.468,2.386,25.0,0.0,0.0,10.8,1314,6684,8695,02:10:07,7807,1720686515.7615314
2024-07-11 10:28:36,5.1,0.466,2.376,25.0,0.0,0.0,10.9,1314,6684,8695,02:10:07,7807,1720686516.0956662
2024-07-11 10:28:36,5.1,0.466,2.376,25.0,0.0,0.0,10.9,1314,6684,8695,02:10:08,7808,1720686516.4259555
2024-07-11 10:28:36,5.1,0.468,2.386,25.0,0.0,0.0,10.8,1314,6685,8696,02:10:08,7808,1720686516.76675
2024-07-11 10:28:37,5.1,0.468,2.386,25.0,0.0,0.0,10.8,1314,6685,8696,02:10:09,7809,1720686517.1167545
2024-07-11 10:28:37,5.1,0.467,2.381,25.0,0.0,0.0,10.9,1314,6685,8696,02:10:09,7809,1720686517.449791
2024-07-11 10:28:37,5.11,0.466,2.381,25.0,0.0,0.0,10.9,1314,6685,8697,02:10:09,7809,1720686517.7910385
2024-07-11 10:28:38,5.11,0.466,2.381,25.0,0.0,0.0,10.9,1314,6685,8697,02:10:10,7810,1720686518.1360016
2024-07-11 10:28:38,5.1,0.466,2.376,25.0,0.0,0.0,10.9,1314,6686,8698,02:10:10,7810,1720686518.4760346
2024-07-11 10:28:38,5.1,0.467,2.381,25.0,0.0,0.0,10.9,1314,6686,8698,02:10:10,7810,1720686518.81458
2024-07-11 10:28:39,5.1,0.467,2.381,25.0,0.0,0.0,10.9,1314,6686,8698,02:10:11,7811,1720686519.165454
2024-07-11 10:28:39,5.1,0.466,2.376,25.0,0.01,0.0,10.9,1314,6687,8699,02:10:11,7811,1720686519.4972997
2024-07-11 10:28:39,5.1,0.466,2.376,25.0,0.01,0.0,10.9,1314,6687,8699,02:10:11,7811,1720686519.8410468
2024-07-11 10:28:40,5.11,0.464,2.371,25.0,0.01,0.0,11.0,1314,6687,8699,02:10:12,7812,1720686520.1860256
2024-07-11 10:28:40,5.11,0.466,2.381,25.0,0.01,0.0,10.9,1314,6687,8700,02:10:12,7812,1720686520.5210109
2024-07-11 10:28:40,5.11,0.466,2.381,25.0,0.01,0.0,10.9,1314,6687,8700,02:10:12,7812,1720686520.8850937
2024-07-11 10:28:41,5.1,0.468,2.386,25.0,0.01,0.0,10.8,1314,6687,8700,02:10:13,7813,1720686521.2122416
2024-07-11 10:28:41,5.1,0.465,2.371,25.0,0.01,0.0,10.9,1314,6688,8701,02:10:13,7813,1720686521.5448031
2024-07-11 10:28:41,5.1,0.465,2.371,25.0,0.01,0.0,10.9,1314,6688,8701,02:10:13,7813,1720686521.8847835
2024-07-11 10:28:42,5.11,0.468,2.391,25.0,0.01,0.0,10.9,1314,6688,8701,02:10:14,7814,1720686522.234518
2024-07-11 10:28:42,5.11,0.468,2.391,25.0,0.01,0.0,10.9,1315,6689,8702,02:10:14,7814,1720686522.567001
2024-07-11 10:28:42,5.11,0.466,2.381,25.0,0.01,0.0,10.9,1315,6689,8702,02:10:14,7814,1720686522.9083128
2024-07-11 10:28:43,5.1,0.466,2.376,25.0,0.01,0.0,10.9,1315,6689,8702,02:10:15,7815,1720686523.2585058
2024-07-11 10:28:43,5.1,0.466,2.376,25.0,0.01,0.0,10.9,1315,6689,8703,02:10:15,7815,1720686523.5905633
2024-07-11 10:28:43,5.11,0.466,2.381,25.0,0.01,0.0,10.9,1315,6689,8703,02:10:15,7815,1720686523.932096
2024-07-11 10:28:44,5.1,0.469,2.391,25.0,0.01,0.0,10.8,1315,6689,8703,02:10:16,7816,1720686524.2785788
2024-07-11 10:28:44,5.1,0.469,2.391,25.0,0.01,0.0,10.8,1315,6690,8704,02:10:16,7816,1720686524.614786
2024-07-11 10:28:44,5.1,0.467,2.381,25.0,0.01,0.0,10.9,1315,6690,8704,02:10:16,7816,1720686524.9560714
2024-07-11 10:28:45,5.1,0.467,2.381,25.0,0.01,0.0,10.9,1315,6690,8704,02:10:17,7817,1720686525.3085408
2024-07-11 10:28:45,5.1,0.464,2.366,25.0,0.01,0.0,10.9,1315,6691,8705,02:10:17,7817,1720686525.6377738
2024-07-11 10:28:46,5.11,0.466,2.381,25.0,0.01,0.0,10.9,1315,6691,8705,02:10:17,7817,1720686526.0044653
2024-07-11 10:28:46,5.11,0.466,2.381,25.0,0.01,0.0,10.9,1315,6691,8705,02:10:18,7818,1720686526.324832
2024-07-11 10:28:46,5.11,0.467,2.386,25.0,0.01,0.0,10.9,1315,6691,8706,02:10:18,7818,1720686526.6626077
2024-07-11 10:28:47,5.1,0.466,2.376,25.0,0.01,0.0,10.9,1315,6691,8706,02:10:18,7818,1720686527.0033035
2024-07-11 10:28:47,5.1,0.466,2.376,25.0,0.01,0.0,10.9,1315,6691,8706,02:10:19,7819,1720686527.354746
2024-07-11 10:28:47,5.11,0.467,2.386,25.0,0.01,0.0,10.9,1315,6692,8707,02:10:19,7819,1720686527.6860425
2024-07-11 10:28:48,5.11,0.467,2.386,25.0,0.01,0.0,10.9,1315,6692,8707,02:10:19,7819,1720686528.027348
2024-07-11 10:28:48,5.1,0.467,2.381,25.0,0.01,0.0,10.9,1315,6692,8707,02:10:20,7820,1720686528.3685682
2024-07-11 10:28:48,5.1,0.467,2.381,25.0,0.01,0.0,10.9,1315,6693,8708,02:10:20,7820,1720686528.7097373
2024-07-11 10:28:49,5.1,0.467,2.381,25.0,0.01,0.0,10.9,1315,6693,8708,02:10:20,7820,1720686529.050868
2024-07-11 10:28:49,5.11,0.465,2.376,25.0,0.01,0.0,10.9,1315,6693,8708,02:10:21,7821,1720686529.4019356
2024-07-11 10:28:49,5.1,0.467,2.381,25.0,0.01,0.0,10.9,1315,6693,8709,02:10:21,7821,1720686529.7335713
2024-07-11 10:28:50,5.1,0.467,2.381,25.0,0.01,0.0,10.9,1315,6693,8709,02:10:21,7821,1720686530.07474
2024-07-11 10:28:50,5.1,0.468,2.386,25.0,0.01,0.0,10.8,1315,6693,8709,02:10:22,7822,1720686530.4272666
2024-07-11 10:28:50,5.1,0.468,2.386,25.0,0.01,0.0,10.8,1316,6694,8710,02:10:22,7822,1720686530.7560508
2024-07-11 10:28:51,5.1,0.464,2.366,25.0,0.01,0.0,10.9,1316,6694,8710,02:10:23,7823,1720686531.1248293
2024-07-11 10:28:51,5.1,0.467,2.381,25.0,0.01,0.0,10.9,1316,6695,8711,02:10:23,7823,1720686531.439794
2024-07-11 10:28:51,5.1,0.467,2.381,25.0,0.01,0.0,10.9,1316,6695,8711,02:10:23,7823,1720686531.779783
2024-07-11 10:28:52,5.1,0.467,2.381,25.0,0.01,0.0,10.9,1316,6695,8711,02:10:24,7824,1720686532.1210814
2024-07-11 10:28:52,5.1,0.466,2.376,25.0,0.01,0.0,10.9,1316,6695,8712,02:10:24,7824,1720686532.4628255
2024-07-11 10:28:52,5.1,0.466,2.376,25.0,0.01,0.0,10.9,1316,6695,8712,02:10:24,7824,1720686532.803537
2024-07-11 10:28:53,5.1,0.464,2.366,25.0,0.01,0.0,10.9,1316,6695,8712,02:10:25,7825,1720686533.1460564
2024-07-11 10:28:53,5.1,0.464,2.366,25.0,0.01,0.0,10.9,1316,6696,8713,02:10:25,7825,1720686533.4860623
2024-07-11 10:28:53,5.1,0.468,2.386,25.0,0.01,0.0,10.8,1316,6696,8713,02:10:25,7825,1720686533.8285058
2024-07-11 10:28:54,5.1,0.466,2.376,25.0,0.01,0.0,10.9,1316,6696,8713,02:10:26,7826,1720686534.1697497
2024-07-11 10:28:54,5.1,0.466,2.376,25.0,0.01,0.0,10.9,1316,6697,8714,02:10:26,7826,1720686534.5108674
2024-07-11 10:28:54,5.1,0.464,2.366,25.0,0.01,0.0,10.9,1316,6697,8714,02:10:26,7826,1720686534.8546836
2024-07-11 10:28:55,5.1,0.466,2.376,25.0,0.01,0.0,10.9,1316,6697,8714,02:10:27,7827,1720686535.1935852
2024-07-11 10:28:55,5.1,0.466,2.376,25.0,0.01,0.0,10.9,1316,6697,8715,02:10:27,7827,1720686535.5347013
2024-07-11 10:28:55,5.11,0.467,2.386,25.0,0.01,0.0,10.9,1316,6697,8715,02:10:27,7827,1720686535.875392
2024-07-11 10:28:56,5.11,0.467,2.386,25.0,0.01,0.0,10.9,1316,6697,8715,02:10:28,7828,1720686536.2446532
2024-07-11 10:28:56,5.1,0.469,2.391,25.0,0.01,0.0,10.8,1316,6698,8716,02:10:28,7828,1720686536.5585961
2024-07-11 10:28:56,5.11,0.464,2.371,25.0,0.01,0.0,11.0,1316,6698,8716,02:10:28,7828,1720686536.8997788
2024-07-11 10:28:57,5.11,0.464,2.371,25.0,0.01,0.0,11.0,1316,6698,8716,02:10:29,7829,1720686537.2410958
2024-07-11 10:28:57,5.11,0.467,2.386,25.0,0.01,0.0,10.9,1317,6699,8717,02:10:29,7829,1720686537.5848002
2024-07-11 10:28:57,5.1,0.467,2.381,25.0,0.01,0.0,10.9,1317,6699,8717,02:10:29,7829,1720686537.923616
2024-07-11 10:28:58,5.1,0.467,2.381,25.0,0.01,0.0,10.9,1317,6699,8717,02:10:30,7830,1720686538.2648253
2024-07-11 10:28:58,5.11,0.464,2.371,25.0,0.01,0.0,11.0,1317,6699,8718,02:10:30,7830,1720686538.606076
2024-07-11 10:28:58,5.11,0.464,2.371,25.0,0.01,0.0,11.0,1317,6699,8718,02:10:30,7830,1720686538.9473078
2024-07-11 10:28:59,5.1,0.466,2.376,25.0,0.01,0.0,10.9,1317,6699,8718,02:10:31,7831,1720686539.2882645
2024-07-11 10:28:59,5.1,0.468,2.386,25.0,0.01,0.0,10.8,1317,6700,8719,02:10:31,7831,1720686539.6289399
2024-07-11 10:28:59,5.1,0.468,2.386,25.0,0.01,0.0,10.8,1317,6700,8719,02:10:31,7831,1720686539.9711046
2024-07-11 10:29:00,5.11,0.466,2.381,25.0,0.01,0.0,10.9,1317,6700,8719,02:10:32,7832,1720686540.3122077
2024-07-11 10:29:00,5.11,0.464,2.371,25.0,0.01,0.0,11.0,1317,6701,8720,02:10:32,7832,1720686540.6534631
2024-07-11 10:29:00,5.11,0.464,2.371,25.0,0.01,0.0,11.0,1317,6701,8720,02:10:32,7832,1720686540.9948056
2024-07-11 10:29:01,5.1,0.467,2.381,25.0,0.01,0.0,10.9,1317,6701,8720,02:10:33,7833,1720686541.362187
2024-07-11 10:29:01,5.1,0.467,2.381,25.0,0.01,0.0,10.9,1317,6701,8721,02:10:33,7833,1720686541.6773171
2024-07-11 10:29:02,5.1,0.466,2.376,25.0,0.01,0.0,10.9,1317,6701,8721,02:10:33,7833,1720686542.0186098
2024-07-11 10:29:02,5.11,0.464,2.371,25.0,0.01,0.0,11.0,1317,6701,8721,02:10:34,7834,1720686542.3598514
2024-07-11 10:29:02,5.11,0.464,2.371,25.0,0.01,0.0,11.0,1317,6702,8722,02:10:34,7834,1720686542.7006595
2024-07-11 10:29:03,5.11,0.467,2.386,25.0,0.01,0.0,10.9,1317,6702,8722,02:10:34,7834,1720686543.0420527
2024-07-11 10:29:03,5.1,0.467,2.381,25.0,0.01,0.0,10.9,1317,6702,8722,02:10:35,7835,1720686543.3834324
2024-07-11 10:29:03,5.1,0.467,2.381,25.0,0.01,0.0,10.9,1317,6703,8723,02:10:35,7835,1720686543.723386
2024-07-11 10:29:04,5.11,0.466,2.381,25.0,0.01,0.0,10.9,1317,6703,8723,02:10:35,7835,1720686544.064838
2024-07-11 10:29:04,5.11,0.466,2.381,25.0,0.01,0.0,10.9,1317,6703,8723,02:10:36,7836,1720686544.4072044
2024-07-11 10:29:04,5.1,0.464,2.366,25.0,0.01,0.0,10.9,1317,6703,8724,02:10:36,7836,1720686544.7469714
2024-07-11 10:29:05,5.1,0.467,2.381,25.0,0.01,0.0,10.9,1317,6703,8724,02:10:36,7836,1720686545.0886087
2024-07-11 10:29:05,5.1,0.467,2.381,25.0,0.01,0.0,10.9,1318,6704,8725,02:10:37,7837,1720686545.429853
2024-07-11 10:29:05,5.1,0.466,2.376,25.0,0.01,0.0,10.9,1318,6704,8725,02:10:37,7837,1720686545.7710445
2024-07-11 10:29:06,5.1,0.464,2.366,25.0,0.01,0.0,10.9,1318,6704,8725,02:10:38,7838,1720686546.1120658
2024-07-11 10:29:06,5.1,0.464,2.366,25.0,0.01,0.0,10.9,1318,6705,8726,02:10:38,7838,1720686546.4814198
2024-07-11 10:29:06,5.1,0.466,2.376,25.0,0.01,0.0,10.9,1318,6705,8726,02:10:38,7838,1720686546.79482
2024-07-11 10:29:07,5.1,0.466,2.376,25.0,0.01,0.0,10.9,1318,6705,8726,02:10:39,7839,1720686547.1361225
2024-07-11 10:29:07,5.1,0.467,2.381,25.0,0.01,0.0,10.9,1318,6705,8727,02:10:39,7839,1720686547.4773247
2024-07-11 10:29:07,5.1,0.469,2.391,25.0,0.01,0.0,10.8,1318,6705,8727,02:10:39,7839,1720686547.8186235
2024-07-11 10:29:08,5.1,0.469,2.391,25.0,0.01,0.0,10.8,1318,6705,8727,02:10:40,7840,1720686548.1624873
2024-07-11 10:29:08,5.1,0.466,2.376,25.0,0.01,0.0,10.9,1318,6706,8728,02:10:40,7840,1720686548.5010924
2024-07-11 10:29:08,5.1,0.467,2.381,25.0,0.01,0.0,10.9,1318,6706,8728,02:10:40,7840,1720686548.8424373
2024-07-11 10:29:09,5.1,0.467,2.381,25.0,0.01,0.0,10.9,1318,6706,8728,02:10:41,7841,1720686549.1835787
2024-07-11 10:29:09,5.1,0.466,2.376,25.0,0.01,0.0,10.9,1318,6707,8729,02:10:41,7841,1720686549.5259743
2024-07-11 10:29:09,5.1,0.466,2.376,25.0,0.01,0.0,10.9,1318,6707,8729,02:10:41,7841,1720686549.8654938
2024-07-11 10:29:10,5.1,0.464,2.366,25.0,0.01,0.0,10.9,1318,6707,8729,02:10:42,7842,1720686550.2073245
2024-07-11 10:29:10,5.11,0.467,2.386,25.0,0.01,0.0,10.9,1318,6707,8730,02:10:42,7842,1720686550.549323
2024-07-11 10:29:10,5.11,0.467,2.386,25.0,0.01,0.0,10.9,1318,6707,8730,02:10:42,7842,1720686550.8898513
2024-07-11 10:29:11,5.1,0.467,2.381,25.0,0.01,0.0,10.9,1318,6707,8730,02:10:43,7843,1720686551.2311082
2024-07-11 10:29:11,5.11,0.464,2.371,25.0,0.01,0.0,11.0,1318,6708,8731,02:10:43,7843,1720686551.6019754
2024-07-11 10:29:11,5.11,0.464,2.371,25.0,0.01,0.0,11.0,1318,6708,8731,02:10:43,7843,1720686551.9173245
2024-07-11 10:29:12,5.11,0.467,2.386,25.0,0.01,0.0,10.9,1318,6708,8731,02:10:44,7844,1720686552.256139
2024-07-11 10:29:12,5.11,0.467,2.386,25.0,0.01,0.0,10.9,1318,6709,8732,02:10:44,7844,1720686552.5973227
2024-07-11 10:29:12,5.11,0.466,2.381,25.0,0.01,0.0,10.9,1318,6709,8732,02:10:44,7844,1720686552.938503
2024-07-11 10:29:13,5.1,0.466,2.376,25.0,0.01,0.0,10.9,1318,6709,8732,02:10:45,7845,1720686553.2815554
2024-07-11 10:29:13,5.1,0.466,2.376,25.0,0.01,0.0,10.9,1319,6709,8733,02:10:45,7845,1720686553.6191747
2024-07-11 10:29:13,5.1,0.465,2.371,25.0,0.01,0.0,10.9,1319,6709,8733,02:10:45,7845,1720686553.9604306
2024-07-11 10:29:14,5.11,0.467,2.386,25.0,0.01,0.0,10.9,1319,6709,8733,02:10:46,7846,1720686554.3025236
2024-07-11 10:29:14,5.11,0.467,2.386,25.0,0.01,0.0,10.9,1319,6710,8734,02:10:46,7846,1720686554.6436548
2024-07-11 10:29:14,5.11,0.467,2.386,25.0,0.01,0.0,10.9,1319,6710,8734,02:10:46,7846,1720686554.9834518
2024-07-11 10:29:15,5.11,0.467,2.386,25.0,0.01,0.0,10.9,1319,6710,8734,02:10:47,7847,1720686555.3248663
2024-07-11 10:29:15,5.1,0.464,2.366,25.0,0.01,0.0,10.9,1319,6711,8735,02:10:47,7847,1720686555.666134
2024-07-11 10:29:16,5.11,0.466,2.381,25.0,0.01,0.0,10.9,1319,6711,8735,02:10:47,7847,1720686556.0073884
2024-07-11 10:29:16,5.11,0.466,2.381,25.0,0.01,0.0,10.9,1319,6711,8735,02:10:48,7848,1720686556.346701
2024-07-11 10:29:16,5.11,0.465,2.376,25.0,0.01,0.0,10.9,1319,6711,8736,02:10:48,7848,1720686556.7128916
2024-07-11 10:29:17,5.1,0.466,2.376,25.0,0.01,0.0,10.9,1319,6711,8736,02:10:48,7848,1720686557.0311306
2024-07-11 10:29:17,5.1,0.466,2.376,25.0,0.01,0.0,10.9,1319,6711,8736,02:10:49,7849,1720686557.372003
2024-07-11 10:29:17,5.1,0.472,2.407,25.0,0.01,0.0,10.8,1319,6712,8737,02:10:49,7849,1720686557.7125943
2024-07-11 10:29:18,5.1,0.472,2.407,25.0,0.01,0.0,10.8,1319,6712,8737,02:10:49,7849,1720686558.0518637
2024-07-11 10:29:18,5.11,0.465,2.376,25.0,0.01,0.0,10.9,1319,6713,8738,02:10:50,7850,1720686558.394639
2024-07-11 10:29:18,5.11,0.465,2.376,25.0,0.01,0.0,10.9,1319,6713,8738,02:10:50,7850,1720686558.7361336
2024-07-11 10:29:19,5.11,0.465,2.376,25.0,0.01,0.0,10.9,1319,6713,8738,02:10:50,7850,1720686559.0770378
2024-07-11 10:29:19,5.1,0.465,2.371,25.0,0.0,0.0,10.9,1319,6713,8739,02:10:51,7851,1720686559.418634
2024-07-11 10:29:19,5.11,0.466,2.381,25.0,0.0,0.0,10.9,1319,6713,8739,02:10:51,7851,1720686559.7597296
2024-07-11 10:29:20,5.11,0.466,2.381,25.0,0.0,0.0,10.9,1319,6713,8739,02:10:51,7851,1720686560.099805
2024-07-11 10:29:20,5.11,0.47,2.401,25.0,0.0,0.0,10.8,1319,6714,8740,02:10:52,7852,1720686560.442518
2024-07-11 10:29:20,5.11,0.47,2.401,25.0,0.0,0.0,10.8,1319,6714,8740,02:10:52,7852,1720686560.7824597
2024-07-11 10:29:21,5.11,0.464,2.371,25.0,0.0,0.0,11.0,1319,6714,8740,02:10:53,7853,1720686561.123659
2024-07-11 10:29:21,5.11,0.467,2.386,25.0,0.0,0.0,10.9,1320,6715,8741,02:10:53,7853,1720686561.4660795
2024-07-11 10:29:21,5.11,0.467,2.386,25.0,0.0,0.0,10.9,1320,6715,8741,02:10:53,7853,1720686561.806069
2024-07-11 10:29:22,5.11,0.466,2.381,25.0,0.0,0.0,10.9,1320,6715,8741,02:10:54,7854,1720686562.1473951
2024-07-11 10:29:22,5.1,0.472,2.407,25.0,0.0,0.0,10.8,1320,6715,8742,02:10:54,7854,1720686562.4898858
2024-07-11 10:29:22,5.1,0.472,2.407,25.0,0.0,0.0,10.8,1320,6715,8742,02:10:54,7854,1720686562.8298957
2024-07-11 10:29:23,5.1,0.464,2.366,25.0,0.0,0.0,10.9,1320,6715,8742,02:10:55,7855,1720686563.170528
2024-07-11 10:29:23,5.1,0.464,2.366,25.0,0.0,0.0,10.9,1320,6716,8743,02:10:55,7855,1720686563.5184286
2024-07-11 10:29:23,5.11,0.468,2.391,25.0,0.0,0.0,10.9,1320,6716,8743,02:10:55,7855,1720686563.8536673
2024-07-11 10:29:24,5.11,0.466,2.381,25.0,0.0,0.0,10.9,1320,6716,8743,02:10:56,7856,1720686564.1948373
2024-07-11 10:29:24,5.11,0.466,2.381,25.0,0.0,0.0,10.9,1320,6716,8744,02:10:56,7856,1720686564.5360985
2024-07-11 10:29:24,5.11,0.464,2.371,25.0,0.0,0.0,11.0,1320,6716,8744,02:10:56,7856,1720686564.8774116
2024-07-11 10:29:25,5.11,0.466,2.381,25.0,0.0,0.0,10.9,1320,6716,8744,02:10:57,7857,1720686565.2186642
2024-07-11 10:29:25,5.11,0.466,2.381,25.0,0.0,0.0,10.9,1320,6717,8745,02:10:57,7857,1720686565.5598896
2024-07-11 10:29:25,5.11,0.467,2.386,25.0,0.0,0.0,10.9,1320,6717,8745,02:10:57,7857,1720686565.9010937
2024-07-11 10:29:26,5.11,0.467,2.386,25.0,0.0,0.0,10.9,1320,6717,8745,02:10:58,7858,1720686566.242401
2024-07-11 10:29:26,5.11,0.466,2.381,25.0,0.0,0.0,10.9,1320,6718,8746,02:10:58,7858,1720686566.5828445
2024-07-11 10:29:26,5.11,0.464,2.371,25.0,0.0,0.0,11.0,1320,6718,8746,02:10:58,7858,1720686566.9248154
2024-07-11 10:29:27,5.11,0.464,2.371,25.0,0.0,0.0,11.0,1320,6718,8746,02:10:59,7859,1720686567.264895
2024-07-11 10:29:27,5.11,0.465,2.376,25.0,0.0,0.0,10.9,1320,6718,8747,02:10:59,7859,1720686567.6074362
2024-07-11 10:29:27,5.1,0.466,2.376,25.0,0.0,0.0,10.9,1320,6718,8747,02:10:59,7859,1720686567.947406
2024-07-11 10:29:28,5.1,0.466,2.376,25.0,0.0,0.0,10.9,1320,6718,8747,02:11:00,7860,1720686568.2886493
2024-07-11 10:29:28,5.1,0.464,2.366,25.0,0.0,0.0,10.9,1321,6719,8748,02:11:00,7860,1720686568.6335936
2024-07-11 10:29:28,5.1,0.464,2.366,25.0,0.0,0.0,10.9,1321,6719,8748,02:11:00,7860,1720686568.9709167
2024-07-11 10:29:29,5.11,0.466,2.381,25.0,0.0,0.0,10.9,1321,6719,8748,02:11:01,7861,1720686569.3123333
2024-07-11 10:29:29,5.11,0.466,2.381,25.0,0.0,0.0,10.9,1321,6720,8749,02:11:01,7861,1720686569.6536756
2024-07-11 10:29:29,5.11,0.466,2.381,25.0,0.0,0.0,10.9,1321,6720,8749,02:11:01,7861,1720686569.9973884
2024-07-11 10:29:30,5.11,0.465,2.376,25.0,0.0,0.0,10.9,1321,6720,8749,02:11:02,7862,1720686570.3355029
2024-07-11 10:29:30,5.1,0.465,2.371,25.0,0.0,0.0,10.9,1321,6720,8750,02:11:02,7862,1720686570.6769211
2024-07-11 10:29:31,5.1,0.465,2.371,25.0,0.0,0.0,10.9,1321,6720,8750,02:11:02,7862,1720686571.0172236
2024-07-11 10:29:31,5.11,0.466,2.381,25.0,0.0,0.0,10.9,1321,6721,8751,02:11:03,7863,1720686571.3586643
2024-07-11 10:29:31,5.11,0.466,2.381,25.0,0.0,0.0,10.9,1321,6721,8751,02:11:03,7863,1720686571.6999059
2024-07-11 10:29:32,5.11,0.466,2.381,25.0,0.0,0.0,10.9,1321,6721,8751,02:11:03,7863,1720686572.0411093
2024-07-11 10:29:32,5.11,0.463,2.365,25.0,0.0,0.0,11.0,1321,6722,8752,02:11:04,7864,1720686572.3824391
2024-07-11 10:29:32,5.11,0.463,2.365,25.0,0.0,0.0,11.0,1321,6722,8752,02:11:04,7864,1720686572.725191
2024-07-11 10:29:33,5.1,0.466,2.376,25.0,0.0,0.0,10.9,1321,6722,8752,02:11:04,7864,1720686573.0649254
2024-07-11 10:29:33,5.1,0.465,2.371,25.0,0.0,0.0,10.9,1321,6722,8753,02:11:05,7865,1720686573.4057064
2024-07-11 10:29:33,5.1,0.465,2.371,25.0,0.0,0.0,10.9,1321,6722,8753,02:11:05,7865,1720686573.7466226
2024-07-11 10:29:34,5.11,0.464,2.371,25.0,0.0,0.0,11.0,1321,6722,8753,02:11:05,7865,1720686574.0883758
2024-07-11 10:29:34,5.11,0.464,2.371,25.0,0.0,0.0,11.0,1321,6723,8754,02:11:06,7866,1720686574.4287057
2024-07-11 10:29:34,5.11,0.465,2.376,25.0,0.0,0.0,10.9,1321,6723,8754,02:11:06,7866,1720686574.7700367
2024-07-11 10:29:35,5.1,0.467,2.381,25.0,0.0,0.0,10.9,1321,6723,8754,02:11:07,7867,1720686575.1111562
2024-07-11 10:29:35,5.1,0.467,2.381,25.0,0.0,0.0,10.9,1321,6724,8755,02:11:07,7867,1720686575.4522188
2024-07-11 10:29:35,5.1,0.465,2.371,25.0,0.0,0.0,10.9,1321,6724,8755,02:11:07,7867,1720686575.7949123
2024-07-11 10:29:36,5.11,0.463,2.365,25.0,0.0,0.0,11.0,1321,6724,8755,02:11:08,7868,1720686576.1349354
2024-07-11 10:29:36,5.11,0.463,2.365,25.0,0.0,0.0,11.0,1322,6724,8756,02:11:08,7868,1720686576.4757957
2024-07-11 10:29:36,5.11,0.465,2.376,25.0,0.0,0.0,10.9,1322,6724,8756,02:11:08,7868,1720686576.8182743
2024-07-11 10:29:37,5.11,0.465,2.376,25.0,0.0,0.0,10.9,1322,6724,8756,02:11:09,7869,1720686577.1580076
2024-07-11 10:29:37,5.1,0.469,2.391,25.0,0.0,0.0,10.8,1322,6725,8757,02:11:09,7869,1720686577.4999394
2024-07-11 10:29:37,5.1,0.465,2.371,25.0,0.0,0.0,10.9,1322,6725,8757,02:11:09,7869,1720686577.8453689
2024-07-11 10:29:38,5.1,0.465,2.371,25.0,0.0,0.0,10.9,1322,6725,8757,02:11:10,7870,1720686578.1811612
2024-07-11 10:29:38,5.11,0.468,2.391,25.0,0.0,0.0,10.9,1322,6726,8758,02:11:10,7870,1720686578.5226882
2024-07-11 10:29:38,5.1,0.466,2.376,25.0,0.0,0.0,10.9,1322,6726,8758,02:11:10,7870,1720686578.8637817
2024-07-11 10:29:39,5.1,0.466,2.376,25.0,0.0,0.0,10.9,1322,6726,8758,02:11:11,7871,1720686579.2049541
2024-07-11 10:29:39,5.11,0.465,2.376,25.0,0.0,0.0,10.9,1322,6726,8759,02:11:11,7871,1720686579.546229
2024-07-11 10:29:39,5.11,0.465,2.376,25.0,0.0,0.0,10.9,1322,6726,8759,02:11:11,7871,1720686579.8890383
2024-07-11 10:29:40,5.11,0.464,2.371,25.0,0.0,0.0,11.0,1322,6726,8759,02:11:12,7872,1720686580.2311728
2024-07-11 10:29:40,5.1,0.466,2.376,25.0,0.0,0.0,10.9,1322,6727,8760,02:11:12,7872,1720686580.5695357
2024-07-11 10:29:40,5.1,0.466,2.376,25.0,0.0,0.0,10.9,1322,6727,8760,02:11:12,7872,1720686580.90992
2024-07-11 10:29:41,5.1,0.467,2.381,25.0,0.0,0.0,10.9,1322,6727,8760,02:11:13,7873,1720686581.251126
2024-07-11 10:29:41,5.1,0.464,2.366,25.0,0.0,0.0,10.9,1322,6728,8761,02:11:13,7873,1720686581.594949
2024-07-11 10:29:41,5.1,0.464,2.366,25.0,0.0,0.0,10.9,1322,6728,8761,02:11:13,7873,1720686581.9386866
2024-07-11 10:29:42,5.1,0.465,2.371,25.0,0.0,0.0,10.9,1322,6728,8761,02:11:14,7874,1720686582.27493
2024-07-11 10:29:42,5.1,0.465,2.371,25.0,0.0,0.0,10.9,1322,6728,8762,02:11:14,7874,1720686582.6149557
2024-07-11 10:29:42,5.1,0.466,2.376,25.0,0.0,0.0,10.9,1322,6728,8762,02:11:14,7874,1720686582.9628673
2024-07-11 10:29:43,5.1,0.465,2.371,25.0,0.0,0.0,10.9,1322,6728,8762,02:11:15,7875,1720686583.2974775
2024-07-11 10:29:43,5.1,0.465,2.371,25.0,0.0,0.0,10.9,1322,6729,8763,02:11:15,7875,1720686583.6376963
2024-07-11 10:29:43,5.1,0.465,2.371,25.0,0.0,0.0,10.9,1322,6729,8763,02:11:15,7875,1720686583.984601
2024-07-11 10:29:44,5.11,0.465,2.376,25.0,0.0,0.0,10.9,1323,6730,8764,02:11:16,7876,1720686584.321223
2024-07-11 10:29:44,5.11,0.465,2.376,25.0,0.0,0.0,10.9,1323,6730,8764,02:11:16,7876,1720686584.6625922
2024-07-11 10:29:45,5.11,0.466,2.381,25.0,0.0,0.0,10.9,1323,6730,8764,02:11:16,7876,1720686585.0086963
2024-07-11 10:29:45,5.11,0.466,2.381,25.0,0.0,0.0,10.9,1323,6730,8765,02:11:17,7877,1720686585.343701
2024-07-11 10:29:45,5.11,0.463,2.365,25.0,0.0,0.0,11.0,1323,6730,8765,02:11:17,7877,1720686585.6844213
2024-07-11 10:29:46,5.11,0.466,2.381,25.0,0.0,0.0,10.9,1323,6730,8765,02:11:17,7877,1720686586.0287106
2024-07-11 10:29:46,5.11,0.466,2.381,25.0,0.0,0.0,10.9,1323,6731,8766,02:11:18,7878,1720686586.3671818
2024-07-11 10:29:46,5.1,0.465,2.371,25.0,0.0,0.0,10.9,1323,6731,8766,02:11:18,7878,1720686586.708697
2024-07-11 10:29:47,5.1,0.463,2.361,25.0,0.0,0.0,11.0,1323,6731,8766,02:11:18,7878,1720686587.0557907
2024-07-11 10:29:47,5.1,0.463,2.361,25.0,0.0,0.0,11.0,1323,6732,8767,02:11:19,7879,1720686587.391169
2024-07-11 10:29:47,5.1,0.466,2.376,25.0,0.0,0.0,10.9,1323,6732,8767,02:11:19,7879,1720686587.7318747
2024-07-11 10:29:48,5.1,0.466,2.376,25.0,0.0,0.0,10.9,1323,6732,8767,02:11:19,7879,1720686588.0827653
2024-07-11 10:29:48,5.11,0.465,2.376,25.0,0.0,0.0,10.9,1323,6732,8768,02:11:20,7880,1720686588.4149485
2024-07-11 10:29:48,5.1,0.465,2.371,25.0,0.0,0.0,10.9,1323,6732,8768,02:11:20,7880,1720686588.7562099
2024-07-11 10:29:49,5.1,0.465,2.371,25.0,0.0,0.0,10.9,1323,6732,8768,02:11:20,7880,1720686589.1020467
2024-07-11 10:29:49,5.1,0.463,2.361,25.0,0.0,0.0,11.0,1323,6733,8769,02:11:21,7881,1720686589.4387114
2024-07-11 10:29:49,5.1,0.466,2.376,25.0,0.0,0.0,10.9,1323,6733,8769,02:11:21,7881,1720686589.7799609
2024-07-11 10:29:50,5.1,0.466,2.376,25.0,0.0,0.0,10.9,1323,6733,8769,02:11:22,7882,1720686590.1237407
2024-07-11 10:29:50,5.1,0.467,2.381,25.0,0.0,0.0,10.9,1323,6734,8770,02:11:22,7882,1720686590.4605002
2024-07-11 10:29:50,5.1,0.467,2.381,25.0,0.0,0.0,10.9,1323,6734,8770,02:11:22,7882,1720686590.8016195
2024-07-11 10:29:51,5.1,0.463,2.361,25.0,0.0,0.0,11.0,1323,6734,8770,02:11:23,7883,1720686591.1574876
2024-07-11 10:29:51,5.1,0.465,2.371,25.0,0.0,0.0,10.9,1323,6734,8771,02:11:23,7883,1720686591.4849775
2024-07-11 10:29:51,5.1,0.465,2.371,25.0,0.0,0.0,10.9,1323,6734,8771,02:11:23,7883,1720686591.8262174
2024-07-11 10:29:52,5.1,0.466,2.376,25.0,0.0,0.0,10.9,1323,6734,8771,02:11:24,7884,1720686592.1775026
2024-07-11 10:29:52,5.1,0.466,2.376,25.0,0.0,0.0,10.9,1324,6735,8772,02:11:24,7884,1720686592.5088556
2024-07-11 10:29:52,5.1,0.466,2.376,25.0,0.0,0.0,10.9,1324,6735,8772,02:11:24,7884,1720686592.8499665
2024-07-11 10:29:53,5.11,0.464,2.371,25.0,0.0,0.0,11.0,1324,6735,8772,02:11:25,7885,1720686593.202877
2024-07-11 10:29:53,5.11,0.464,2.371,25.0,0.0,0.0,11.0,1324,6736,8773,02:11:25,7885,1720686593.5325823
2024-07-11 10:29:53,5.1,0.466,2.376,25.0,0.0,0.0,10.9,1324,6736,8773,02:11:25,7885,1720686593.8732858
2024-07-11 10:29:54,5.11,0.466,2.381,25.0,0.0,0.0,10.9,1324,6736,8773,02:11:26,7886,1720686594.222827
2024-07-11 10:29:54,5.11,0.466,2.381,25.0,0.0,0.0,10.9,1324,6736,8774,02:11:26,7886,1720686594.556212
2024-07-11 10:29:54,5.11,0.463,2.365,25.0,0.0,0.0,11.0,1324,6736,8774,02:11:26,7886,1720686594.8974972
2024-07-11 10:29:55,5.1,0.468,2.386,25.0,0.0,0.0,10.8,1324,6736,8774,02:11:27,7887,1720686595.243724
2024-07-11 10:29:55,5.1,0.468,2.386,25.0,0.0,0.0,10.8,1324,6737,8775,02:11:27,7887,1720686595.5787241
2024-07-11 10:29:55,5.11,0.467,2.386,25.0,0.0,0.0,10.9,1324,6737,8775,02:11:27,7887,1720686595.9200203
2024-07-11 10:29:56,5.11,0.467,2.386,25.0,0.0,0.0,10.9,1324,6737,8775,02:11:28,7888,1720686596.2662082
2024-07-11 10:29:56,5.1,0.463,2.361,25.0,0.0,0.0,11.0,1324,6738,8776,02:11:28,7888,1720686596.6023667
2024-07-11 10:29:56,5.11,0.466,2.381,25.0,0.0,0.0,10.9,1324,6738,8776,02:11:28,7888,1720686596.9437451
2024-07-11 10:29:57,5.11,0.466,2.381,25.0,0.0,0.0,10.9,1324,6738,8776,02:11:29,7889,1720686597.2879152
2024-07-11 10:29:57,5.1,0.466,2.376,25.0,0.0,0.0,10.9,1324,6738,8777,02:11:29,7889,1720686597.6255975
2024-07-11 10:29:57,5.11,0.465,2.376,25.0,0.0,0.0,10.9,1324,6738,8777,02:11:29,7889,1720686597.9671998
2024-07-11 10:29:58,5.11,0.465,2.376,25.0,0.0,0.0,10.9,1324,6739,8778,02:11:30,7890,1720686598.323772
2024-07-11 10:29:58,5.1,0.463,2.361,25.0,0.0,0.0,11.0,1324,6739,8778,02:11:30,7890,1720686598.6499932
2024-07-11 10:29:58,5.1,0.463,2.361,25.0,0.0,0.0,11.0,1324,6739,8778,02:11:30,7890,1720686598.9911954
2024-07-11 10:29:59,5.1,0.468,2.386,25.0,0.01,0.0,10.8,1325,6740,8779,02:11:31,7891,1720686599.3437436
2024-07-11 10:29:59,5.1,0.466,2.376,25.0,0.01,0.0,10.9,1325,6740,8779,02:11:31,7891,1720686599.6737373
2024-07-11 10:30:00,5.1,0.466,2.376,25.0,0.01,0.0,10.9,1325,6740,8779,02:11:31,7891,1720686600.0144517
2024-07-11 10:30:00,5.11,0.463,2.365,25.0,0.01,0.0,11.0,1325,6740,8780,02:11:32,7892,1720686600.3650157
2024-07-11 10:30:00,5.11,0.465,2.376,25.0,0.01,0.0,10.9,1325,6740,8780,02:11:32,7892,1720686600.6964974
2024-07-11 10:30:01,5.11,0.465,2.376,25.0,0.01,0.0,10.9,1325,6740,8780,02:11:32,7892,1720686601.0385373
2024-07-11 10:30:01,5.11,0.466,2.381,25.0,0.01,0.0,10.9,1325,6741,8781,02:11:33,7893,1720686601.3850048
2024-07-11 10:30:01,5.11,0.466,2.381,25.0,0.01,0.0,10.9,1325,6741,8781,02:11:33,7893,1720686601.7211866
2024-07-11 10:30:02,5.1,0.468,2.386,25.0,0.01,0.0,10.8,1325,6741,8781,02:11:33,7893,1720686602.0623074
2024-07-11 10:30:02,5.1,0.462,2.356,25.0,0.01,0.0,11.0,1325,6742,8782,02:11:34,7894,1720686602.4035656
2024-07-11 10:30:02,5.1,0.462,2.356,25.0,0.01,0.0,11.0,1325,6742,8782,02:11:34,7894,1720686602.7440383
2024-07-11 10:30:03,5.1,0.465,2.371,25.0,0.01,0.0,10.9,1325,6742,8782,02:11:34,7894,1720686603.0861874
2024-07-11 10:30:03,5.1,0.465,2.371,25.0,0.01,0.0,10.9,1325,6742,8783,02:11:35,7895,1720686603.4425066
2024-07-11 10:30:03,5.1,0.465,2.371,25.0,0.01,0.0,10.9,1325,6742,8783,02:11:35,7895,1720686603.7687562
2024-07-11 10:30:04,5.1,0.463,2.361,25.0,0.01,0.0,11.0,1325,6742,8783,02:11:36,7896,1720686604.1097949
2024-07-11 10:30:04,5.1,0.463,2.361,25.0,0.01,0.0,11.0,1325,6743,8784,02:11:36,7896,1720686604.4508812
2024-07-11 10:30:04,5.11,0.465,2.376,25.0,0.01,0.0,10.9,1325,6743,8784,02:11:36,7896,1720686604.7912097
2024-07-11 10:30:05,5.1,0.467,2.381,25.0,0.01,0.0,10.9,1325,6743,8784,02:11:37,7897,1720686605.1324916
2024-07-11 10:30:05,5.1,0.467,2.381,25.0,0.01,0.0,10.9,1325,6744,8785,02:11:37,7897,1720686605.4736056
2024-07-11 10:30:05,5.11,0.465,2.376,25.0,0.01,0.0,10.9,1325,6744,8785,02:11:37,7897,1720686605.8150256
2024-07-11 10:30:06,5.11,0.463,2.365,25.0,0.01,0.0,11.0,1325,6744,8785,02:11:38,7898,1720686606.1549988
2024-07-11 10:30:06,5.11,0.463,2.365,25.0,0.01,0.0,11.0,1325,6744,8786,02:11:38,7898,1720686606.4962528
2024-07-11 10:30:06,5.1,0.465,2.371,25.0,0.01,0.0,10.9,1325,6744,8786,02:11:38,7898,1720686606.8374863
2024-07-11 10:30:07,5.1,0.465,2.371,25.0,0.01,0.0,10.9,1325,6744,8786,02:11:39,7899,1720686607.1787403
2024-07-11 10:30:07,5.1,0.465,2.371,25.0,0.01,0.0,10.9,1326,6745,8787,02:11:39,7899,1720686607.5179513
2024-07-11 10:30:07,5.1,0.463,2.361,25.0,0.01,0.0,11.0,1326,6745,8787,02:11:39,7899,1720686607.859053
2024-07-11 10:30:08,5.1,0.463,2.361,25.0,0.01,0.0,11.0,1326,6745,8787,02:11:40,7900,1720686608.201239
2024-07-11 10:30:08,5.1,0.464,2.366,25.0,0.01,0.0,10.9,1326,6746,8788,02:11:40,7900,1720686608.5653613
2024-07-11 10:30:08,5.1,0.47,2.397,25.0,0.01,0.0,10.8,1326,6746,8788,02:11:40,7900,1720686608.8823586
2024-07-11 10:30:09,5.1,0.47,2.397,25.0,0.01,0.0,10.8,1326,6746,8788,02:11:41,7901,1720686609.2237818
2024-07-11 10:30:09,5.1,0.463,2.361,25.0,0.01,0.0,11.0,1326,6746,8789,02:11:41,7901,1720686609.5642297
2024-07-11 10:30:09,5.1,0.463,2.361,25.0,0.01,0.0,11.0,1326,6746,8789,02:11:41,7901,1720686609.9061255
2024-07-11 10:30:10,5.1,0.465,2.371,25.0,0.01,0.0,10.9,1326,6746,8789,02:11:42,7902,1720686610.2475119
2024-07-11 10:30:10,5.1,0.466,2.376,25.0,0.01,0.0,10.9,1326,6747,8790,02:11:42,7902,1720686610.5887551
2024-07-11 10:30:10,5.1,0.466,2.376,25.0,0.01,0.0,10.9,1326,6747,8790,02:11:42,7902,1720686610.9291415
2024-07-11 10:30:11,5.11,0.465,2.376,25.0,0.01,0.0,10.9,1326,6748,8791,02:11:43,7903,1720686611.2703729
2024-07-11 10:30:11,5.1,0.463,2.361,25.0,0.01,0.0,11.0,1326,6748,8791,02:11:43,7903,1720686611.6124034
2024-07-11 10:30:11,5.1,0.463,2.361,25.0,0.01,0.0,11.0,1326,6748,8791,02:11:43,7903,1720686611.9536371
2024-07-11 10:30:12,5.11,0.465,2.376,25.0,0.01,0.0,10.9,1326,6748,8792,02:11:44,7904,1720686612.294988
2024-07-11 10:30:12,5.11,0.465,2.376,25.0,0.01,0.0,10.9,1326,6748,8792,02:11:44,7904,1720686612.635794
2024-07-11 10:30:12,5.1,0.466,2.376,25.0,0.01,0.0,10.9,1326,6748,8792,02:11:44,7904,1720686612.977537
2024-07-11 10:30:13,5.1,0.462,2.356,25.0,0.01,0.0,11.0,1326,6749,8793,02:11:45,7905,1720686613.318722
2024-07-11 10:30:13,5.1,0.462,2.356,25.0,0.01,0.0,11.0,1326,6749,8793,02:11:45,7905,1720686613.6828544
2024-07-11 10:30:14,5.1,0.467,2.381,25.0,0.01,0.0,10.9,1326,6749,8793,02:11:45,7905,1720686614.001287
2024-07-11 10:30:14,5.1,0.465,2.371,25.0,0.01,0.0,10.9,1326,6749,8794,02:11:46,7906,1720686614.344756
2024-07-11 10:30:14,5.1,0.465,2.371,25.0,0.01,0.0,10.9,1326,6749,8794,02:11:46,7906,1720686614.6856794
2024-07-11 10:30:15,5.11,0.465,2.376,25.0,0.01,0.0,10.9,1326,6749,8794,02:11:46,7906,1720686615.024985
2024-07-11 10:30:15,5.11,0.465,2.376,25.0,0.01,0.0,10.9,1327,6750,8795,02:11:47,7907,1720686615.3662808
2024-07-11 10:30:15,5.1,0.463,2.361,25.0,0.01,0.0,11.0,1327,6750,8795,02:11:47,7907,1720686615.70752
2024-07-11 10:30:16,5.1,0.465,2.371,25.0,0.01,0.0,10.9,1327,6750,8795,02:11:47,7907,1720686616.0488062
2024-07-11 10:30:16,5.1,0.465,2.371,25.0,0.01,0.0,10.9,1327,6751,8796,02:11:48,7908,1720686616.3900106
2024-07-11 10:30:16,5.1,0.466,2.376,25.0,0.01,0.0,10.9,1327,6751,8796,02:11:48,7908,1720686616.731313
2024-07-11 10:30:17,5.1,0.463,2.361,25.0,0.01,0.0,11.0,1327,6751,8796,02:11:48,7908,1720686617.0724773
2024-07-11 10:30:17,5.1,0.463,2.361,25.0,0.01,0.0,11.0,1327,6751,8797,02:11:49,7909,1720686617.413808
2024-07-11 10:30:17,5.1,0.465,2.371,25.0,0.01,0.0,10.9,1327,6751,8797,02:11:49,7909,1720686617.7545187
2024-07-11 10:30:18,5.1,0.465,2.371,25.0,0.01,0.0,10.9,1327,6751,8797,02:11:49,7909,1720686618.095511
2024-07-11 10:30:18,5.1,0.466,2.376,25.0,0.01,0.0,10.9,1327,6752,8798,02:11:50,7910,1720686618.4375432
2024-07-11 10:30:18,5.1,0.464,2.366,25.0,0.01,0.0,10.9,1327,6752,8798,02:11:50,7910,1720686618.8024714
2024-07-11 10:30:19,5.1,0.464,2.366,25.0,0.01,0.0,10.9,1327,6752,8798,02:11:51,7911,1720686619.1200132
2024-07-11 10:30:19,5.11,0.463,2.365,25.0,0.01,0.0,11.0,1327,6753,8799,02:11:51,7911,1720686619.4613016
2024-07-11 10:30:19,5.1,0.472,2.407,25.0,0.01,0.0,10.8,1327,6753,8799,02:11:51,7911,1720686619.8037853
2024-07-11 10:30:20,5.1,0.472,2.407,25.0,0.01,0.0,10.8,1327,6753,8799,02:11:52,7912,1720686620.1430595
2024-07-11 10:30:20,5.1,0.465,2.371,25.0,0.01,0.0,10.9,1327,6753,8800,02:11:52,7912,1720686620.4850135
2024-07-11 10:30:20,5.1,0.465,2.371,25.0,0.01,0.0,10.9,1327,6753,8800,02:11:52,7912,1720686620.8255453
2024-07-11 10:30:21,5.1,0.464,2.366,25.0,0.01,0.0,10.9,1327,6753,8800,02:11:53,7913,1720686621.1668053
2024-07-11 10:30:21,5.1,0.465,2.371,25.0,0.01,0.0,10.9,1327,6754,8801,02:11:53,7913,1720686621.5078986
2024-07-11 10:30:21,5.1,0.465,2.371,25.0,0.01,0.0,10.9,1327,6754,8801,02:11:53,7913,1720686621.8491988
2024-07-11 10:30:22,5.11,0.466,2.381,25.0,0.01,0.0,10.9,1327,6754,8801,02:11:54,7914,1720686622.1912882
2024-07-11 10:30:22,5.1,0.466,2.376,25.0,0.01,0.0,10.9,1327,6755,8802,02:11:54,7914,1720686622.5323992
2024-07-11 10:30:22,5.1,0.466,2.376,25.0,0.01,0.0,10.9,1327,6755,8802,02:11:54,7914,1720686622.8733351
2024-07-11 10:30:23,5.11,0.466,2.381,25.0,0.01,0.0,10.9,1327,6755,8802,02:11:55,7915,1720686623.2150424
2024-07-11 10:30:23,5.11,0.466,2.381,25.0,0.01,0.0,10.9,1328,6755,8803,02:11:55,7915,1720686623.5563214
2024-07-11 10:30:23,5.1,0.466,2.376,25.0,0.01,0.0,10.9,1328,6755,8803,02:11:55,7915,1720686623.92507
2024-07-11 10:30:24,5.1,0.464,2.366,25.0,0.01,0.0,10.9,1328,6756,8804,02:11:56,7916,1720686624.2387953
2024-07-11 10:30:24,5.1,0.464,2.366,25.0,0.01,0.0,10.9,1328,6756,8804,02:11:56,7916,1720686624.579305
2024-07-11 10:30:24,5.11,0.463,2.365,25.0,0.01,0.0,11.0,1328,6756,8804,02:11:56,7916,1720686624.9203553
2024-07-11 10:30:25,5.1,0.464,2.366,25.0,0.0,0.0,10.9,1328,6757,8805,02:11:57,7917,1720686625.263825
2024-07-11 10:30:25,5.1,0.464,2.366,25.0,0.0,0.0,10.9,1328,6757,8805,02:11:57,7917,1720686625.603756
2024-07-11 10:30:25,5.1,0.467,2.381,25.0,0.0,0.0,10.9,1328,6757,8805,02:11:57,7917,1720686625.9449573
2024-07-11 10:30:26,5.1,0.467,2.381,25.0,0.0,0.0,10.9,1328,6757,8806,02:11:58,7918,1720686626.28885
2024-07-11 10:30:26,5.11,0.463,2.365,25.0,0.0,0.0,11.0,1328,6757,8806,02:11:58,7918,1720686626.6274683
2024-07-11 10:30:26,5.11,0.465,2.376,25.0,0.0,0.0,10.9,1328,6757,8806,02:11:58,7918,1720686626.9687579
2024-07-11 10:30:27,5.11,0.465,2.376,25.0,0.0,0.0,10.9,1328,6758,8807,02:11:59,7919,1720686627.3100274
2024-07-11 10:30:27,5.1,0.466,2.376,25.0,0.0,0.0,10.9,1328,6758,8807,02:11:59,7919,1720686627.6538093
2024-07-11 10:30:27,5.11,0.465,2.376,25.0,0.0,0.0,10.9,1328,6758,8807,02:11:59,7919,1720686627.99153
2024-07-11 10:30:28,5.11,0.465,2.376,25.0,0.0,0.0,10.9,1328,6759,8808,02:12:00,7920,1720686628.3328512
2024-07-11 10:30:28,5.11,0.463,2.365,25.0,0.0,0.0,11.0,1328,6759,8808,02:12:00,7920,1720686628.677512
2024-07-11 10:30:29,5.11,0.463,2.365,25.0,0.0,0.0,11.0,1328,6759,8808,02:12:00,7920,1720686629.042495
2024-07-11 10:30:29,5.1,0.467,2.381,25.0,0.0,0.0,10.9,1328,6759,8809,02:12:01,7921,1720686629.3575792
2024-07-11 10:30:29,5.11,0.466,2.381,25.0,0.0,0.0,10.9,1328,6759,8809,02:12:01,7921,1720686629.698791
2024-07-11 10:30:30,5.11,0.466,2.381,25.0,0.0,0.0,10.9,1328,6759,8809,02:12:01,7921,1720686630.040057
2024-07-11 10:30:30,5.11,0.463,2.365,25.0,0.0,0.0,11.0,1329,6760,8810,02:12:02,7922,1720686630.3813336
2024-07-11 10:30:30,5.1,0.465,2.371,25.0,0.0,0.0,10.9,1329,6760,8810,02:12:02,7922,1720686630.7224038
2024-07-11 10:30:31,5.1,0.465,2.371,25.0,0.0,0.0,10.9,1329,6760,8810,02:12:02,7922,1720686631.062993
2024-07-11 10:30:31,5.1,0.466,2.376,25.0,0.0,0.0,10.9,1329,6761,8811,02:12:03,7923,1720686631.4048
2024-07-11 10:30:31,5.1,0.466,2.376,25.0,0.0,0.0,10.9,1329,6761,8811,02:12:03,7923,1720686631.745887
2024-07-11 10:30:32,5.11,0.465,2.376,25.0,0.0,0.0,10.9,1329,6761,8811,02:12:03,7923,1720686632.0876067
2024-07-11 10:30:32,5.1,0.463,2.361,25.0,0.0,0.0,11.0,1329,6761,8812,02:12:04,7924,1720686632.4275289
2024-07-11 10:30:32,5.1,0.463,2.361,25.0,0.0,0.0,11.0,1329,6761,8812,02:12:04,7924,1720686632.7685933
2024-07-11 10:30:33,5.11,0.465,2.376,25.0,0.0,0.0,10.9,1329,6761,8812,02:12:05,7925,1720686633.110038
2024-07-11 10:30:33,5.1,0.464,2.366,25.0,0.0,0.0,10.9,1329,6762,8813,02:12:05,7925,1720686633.451318
2024-07-11 10:30:33,5.1,0.464,2.366,25.0,0.0,0.0,10.9,1329,6762,8813,02:12:05,7925,1720686633.7926931
2024-07-11 10:30:34,5.11,0.463,2.365,25.0,0.0,0.0,11.0,1329,6762,8813,02:12:06,7926,1720686634.162411
2024-07-11 10:30:34,5.11,0.463,2.365,25.0,0.0,0.0,11.0,1329,6763,8814,02:12:06,7926,1720686634.4763296
2024-07-11 10:30:34,5.1,0.465,2.371,25.0,0.0,0.0,10.9,1329,6763,8814,02:12:06,7926,1720686634.8187668
2024-07-11 10:30:35,5.11,0.465,2.376,25.0,0.0,0.0,10.9,1329,6763,8814,02:12:07,7927,1720686635.157429
2024-07-11 10:30:35,5.11,0.465,2.376,25.0,0.0,0.0,10.9,1329,6763,8815,02:12:07,7927,1720686635.498789
2024-07-11 10:30:35,5.11,0.464,2.371,25.0,0.0,0.0,11.0,1329,6763,8815,02:12:07,7927,1720686635.8400364
2024-07-11 10:30:36,5.11,0.463,2.365,25.0,0.0,0.0,11.0,1329,6763,8815,02:12:08,7928,1720686636.1838083
2024-07-11 10:30:36,5.11,0.463,2.365,25.0,0.0,0.0,11.0,1329,6764,8816,02:12:08,7928,1720686636.5225332
2024-07-11 10:30:36,5.11,0.465,2.376,25.0,0.0,0.0,10.9,1329,6764,8816,02:12:08,7928,1720686636.86379
2024-07-11 10:30:37,5.11,0.465,2.376,25.0,0.0,0.0,10.9,1329,6765,8817,02:12:09,7929,1720686637.2036464
2024-07-11 10:30:37,5.11,0.465,2.376,25.0,0.0,0.0,10.9,1329,6765,8817,02:12:09,7929,1720686637.5449018
2024-07-11 10:30:37,5.11,0.463,2.365,25.0,0.0,0.0,11.0,1329,6765,8817,02:12:09,7929,1720686637.8862529
2024-07-11 10:30:38,5.11,0.463,2.365,25.0,0.0,0.0,11.0,1330,6765,8818,02:12:10,7930,1720686638.2269647
2024-07-11 10:30:38,5.1,0.465,2.371,25.0,0.0,0.0,10.9,1330,6765,8818,02:12:10,7930,1720686638.5680797
2024-07-11 10:30:38,5.1,0.464,2.366,25.0,0.01,0.0,10.9,1330,6765,8818,02:12:10,7930,1720686638.9101212
2024-07-11 10:30:39,5.1,0.464,2.366,25.0,0.01,0.0,10.9,1330,6766,8819,02:12:11,7931,1720686639.281078
2024-07-11 10:30:39,5.11,0.463,2.365,25.0,0.01,0.0,11.0,1330,6766,8819,02:12:11,7931,1720686639.5949528
2024-07-11 10:30:39,5.11,0.463,2.365,25.0,0.01,0.0,11.0,1330,6766,8819,02:12:11,7931,1720686639.933897
2024-07-11 10:30:40,5.1,0.464,2.366,25.0,0.01,0.0,10.9,1330,6767,8820,02:12:12,7932,1720686640.2763598
2024-07-11 10:30:40,5.1,0.465,2.371,25.0,0.01,0.0,10.9,1330,6767,8820,02:12:12,7932,1720686640.6188369
2024-07-11 10:30:40,5.1,0.465,2.371,25.0,0.01,0.0,10.9,1330,6767,8820,02:12:12,7932,1720686640.9575825
2024-07-11 10:30:41,5.1,0.464,2.366,25.0,0.01,0.0,10.9,1330,6767,8821,02:12:13,7933,1720686641.2988224
2024-07-11 10:30:41,5.11,0.462,2.36,25.0,0.01,0.0,11.0,1330,6767,8821,02:12:13,7933,1720686641.6422336
2024-07-11 10:30:41,5.11,0.462,2.36,25.0,0.01,0.0,11.0,1330,6767,8821,02:12:13,7933,1720686641.9804232
2024-07-11 10:30:42,5.11,0.465,2.376,25.0,0.01,0.0,10.9,1330,6768,8822,02:12:14,7934,1720686642.3226118
2024-07-11 10:30:42,5.11,0.465,2.376,25.0,0.01,0.0,10.9,1330,6768,8822,02:12:14,7934,1720686642.665105
2024-07-11 10:30:43,5.1,0.466,2.376,25.0,0.01,0.0,10.9,1330,6768,8822,02:12:14,7934,1720686643.00507
2024-07-11 10:30:43,5.1,0.462,2.356,25.0,0.01,0.0,11.0,1330,6769,8823,02:12:15,7935,1720686643.3463798
2024-07-11 10:30:43,5.1,0.462,2.356,25.0,0.01,0.0,11.0,1330,6769,8823,02:12:15,7935,1720686643.6876273
2024-07-11 10:30:44,5.1,0.465,2.371,25.0,0.01,0.0,10.9,1330,6769,8823,02:12:15,7935,1720686644.0313451
2024-07-11 10:30:44,5.1,0.465,2.371,25.0,0.01,0.0,10.9,1330,6769,8824,02:12:16,7936,1720686644.4001133
2024-07-11 10:30:44,5.1,0.465,2.371,25.0,0.01,0.0,10.9,1330,6769,8824,02:12:16,7936,1720686644.711385
2024-07-11 10:30:45,5.11,0.465,2.376,25.0,0.01,0.0,10.9,1330,6769,8824,02:12:16,7936,1720686645.051724
2024-07-11 10:30:45,5.11,0.465,2.376,25.0,0.01,0.0,10.9,1330,6770,8825,02:12:17,7937,1720686645.3938155
2024-07-11 10:30:45,5.11,0.463,2.365,25.0,0.01,0.0,11.0,1330,6770,8825,02:12:17,7937,1720686645.734951
2024-07-11 10:30:46,5.11,0.465,2.376,25.0,0.01,0.0,10.9,1330,6770,8825,02:12:17,7937,1720686646.0762484
2024-07-11 10:30:46,5.11,0.465,2.376,25.0,0.01,0.0,10.9,1331,6771,8826,02:12:18,7938,1720686646.4173937
2024-07-11 10:30:46,5.1,0.465,2.371,25.0,0.01,0.0,10.9,1331,6771,8826,02:12:18,7938,1720686646.7587416
2024-07-11 10:30:47,5.11,0.462,2.36,25.0,0.01,0.0,11.0,1331,6771,8826,02:12:18,7938,1720686647.100098
2024-07-11 10:30:47,5.11,0.462,2.36,25.0,0.01,0.0,11.0,1331,6771,8827,02:12:19,7939,1720686647.4399579
2024-07-11 10:30:47,5.11,0.465,2.376,25.0,0.01,0.0,10.9,1331,6771,8827,02:12:19,7939,1720686647.7838404
2024-07-11 10:30:48,5.11,0.465,2.376,25.0,0.01,0.0,10.9,1331,6771,8827,02:12:20,7940,1720686648.1225545
2024-07-11 10:30:48,5.1,0.465,2.371,25.0,0.01,0.0,10.9,1331,6772,8828,02:12:20,7940,1720686648.4635112
2024-07-11 10:30:48,5.1,0.465,2.371,25.0,0.01,0.0,10.9,1331,6772,8828,02:12:20,7940,1720686648.804752
2024-07-11 10:30:49,5.1,0.465,2.371,25.0,0.01,0.0,10.9,1331,6772,8828,02:12:21,7941,1720686649.1460764
2024-07-11 10:30:49,5.11,0.465,2.376,25.0,0.01,0.0,10.9,1331,6773,8829,02:12:21,7941,1720686649.4870813
2024-07-11 10:30:49,5.1,0.47,2.397,25.0,0.01,0.0,10.8,1331,6773,8829,02:12:21,7941,1720686649.8288841
2024-07-11 10:30:50,5.1,0.47,2.397,25.0,0.01,0.0,10.8,1331,6773,8830,02:12:22,7942,1720686650.1701083
2024-07-11 10:30:50,5.1,0.466,2.376,25.0,0.0,0.0,10.9,1331,6773,8830,02:12:22,7942,1720686650.5110528
2024-07-11 10:30:50,5.1,0.466,2.376,25.0,0.0,0.0,10.9,1331,6773,8830,02:12:22,7942,1720686650.853118
2024-07-11 10:30:51,5.11,0.463,2.365,25.0,0.0,0.0,11.0,1331,6774,8831,02:12:23,7943,1720686651.1938593
2024-07-11 10:30:51,5.1,0.466,2.376,25.0,0.0,0.0,10.9,1331,6774,8831,02:12:23,7943,1720686651.535083
2024-07-11 10:30:51,5.1,0.466,2.376,25.0,0.0,0.0,10.9,1331,6774,8831,02:12:23,7943,1720686651.8755536
2024-07-11 10:30:52,5.1,0.465,2.371,25.0,0.0,0.0,10.9,1331,6775,8832,02:12:24,7944,1720686652.2166412
2024-07-11 10:30:52,5.11,0.465,2.376,25.0,0.0,0.0,10.9,1331,6775,8832,02:12:24,7944,1720686652.558861
2024-07-11 10:30:52,5.11,0.465,2.376,25.0,0.0,0.0,10.9,1331,6775,8832,02:12:24,7944,1720686652.9003985
2024-07-11 10:30:53,5.1,0.464,2.366,25.0,0.0,0.0,10.9,1331,6775,8833,02:12:25,7945,1720686653.241341
2024-07-11 10:30:53,5.1,0.464,2.366,25.0,0.0,0.0,10.9,1331,6775,8833,02:12:25,7945,1720686653.5826201
2024-07-11 10:30:53,5.1,0.465,2.371,25.0,0.0,0.0,10.9,1331,6775,8833,02:12:25,7945,1720686653.9233994
2024-07-11 10:30:54,5.11,0.465,2.376,25.0,0.0,0.0,10.9,1332,6776,8834,02:12:26,7946,1720686654.2646842
2024-07-11 10:30:54,5.11,0.465,2.376,25.0,0.0,0.0,10.9,1332,6776,8834,02:12:26,7946,1720686654.6064079
2024-07-11 10:30:54,5.11,0.462,2.36,25.0,0.0,0.0,11.0,1332,6776,8834,02:12:26,7946,1720686654.949214
2024-07-11 10:30:55,5.1,0.466,2.376,25.0,0.0,0.0,10.9,1332,6777,8835,02:12:27,7947,1720686655.2893596
2024-07-11 10:30:55,5.1,0.466,2.376,25.0,0.0,0.0,10.9,1332,6777,8835,02:12:27,7947,1720686655.6294494
2024-07-11 10:30:55,5.11,0.468,2.391,25.0,0.0,0.0,10.9,1332,6777,8835,02:12:27,7947,1720686655.9700854
2024-07-11 10:30:56,5.11,0.468,2.391,25.0,0.0,0.0,10.9,1332,6777,8836,02:12:28,7948,1720686656.3110425
2024-07-11 10:30:56,5.11,0.463,2.365,25.0,0.0,0.0,11.0,1332,6777,8836,02:12:28,7948,1720686656.6525083
2024-07-11 10:30:56,5.1,0.466,2.376,25.0,0.0,0.0,10.9,1332,6777,8836,02:12:28,7948,1720686656.9979475
2024-07-11 10:30:57,5.1,0.466,2.376,25.0,0.0,0.0,10.9,1332,6778,8837,02:12:29,7949,1720686657.3351033
2024-07-11 10:30:57,5.1,0.465,2.371,25.0,0.0,0.0,10.9,1332,6778,8837,02:12:29,7949,1720686657.6764064
2024-07-11 10:30:58,5.11,0.465,2.376,25.0,0.0,0.0,10.9,1332,6778,8837,02:12:29,7949,1720686658.0217364
2024-07-11 10:30:58,5.11,0.465,2.376,25.0,0.0,0.0,10.9,1332,6778,8838,02:12:30,7950,1720686658.3588896
2024-07-11 10:30:58,5.1,0.463,2.361,25.0,0.0,0.0,11.0,1332,6778,8838,02:12:30,7950,1720686658.6992953
2024-07-11 10:30:59,5.1,0.463,2.361,25.0,0.0,0.0,11.0,1332,6778,8838,02:12:30,7950,1720686659.0447562
2024-07-11 10:30:59,5.11,0.466,2.381,25.0,0.0,0.0,10.9,1332,6779,8839,02:12:31,7951,1720686659.3810403
2024-07-11 10:30:59,5.1,0.465,2.371,25.0,0.0,0.0,10.9,1332,6779,8839,02:12:31,7951,1720686659.7227566
2024-07-11 10:31:00,5.1,0.465,2.371,25.0,0.0,0.0,10.9,1332,6779,8839,02:12:31,7951,1720686660.0638041
2024-07-11 10:31:00,5.1,0.463,2.361,25.0,0.0,0.0,11.0,1332,6780,8840,02:12:32,7952,1720686660.4089017
2024-07-11 10:31:00,5.1,0.472,2.407,25.0,0.0,0.0,10.8,1332,6780,8840,02:12:32,7952,1720686660.7464268
2024-07-11 10:31:01,5.1,0.472,2.407,25.0,0.0,0.0,10.8,1332,6780,8840,02:12:32,7952,1720686661.092542
2024-07-11 10:31:01,5.11,0.465,2.376,25.0,0.0,0.0,10.9,1333,6780,8841,02:12:33,7953,1720686661.4288921
2024-07-11 10:31:01,5.11,0.465,2.376,25.0,0.0,0.0,10.9,1333,6780,8841,02:12:33,7953,1720686661.7701724
2024-07-11 10:31:02,5.11,0.465,2.376,25.0,0.0,0.0,10.9,1333,6780,8841,02:12:34,7954,1720686662.1104927
2024-07-11 10:31:02,5.11,0.462,2.36,25.0,0.0,0.0,11.0,1333,6781,8842,02:12:34,7954,1720686662.4522212
2024-07-11 10:31:02,5.11,0.462,2.36,25.0,0.0,0.0,11.0,1333,6781,8842,02:12:34,7954,1720686662.7951658
2024-07-11 10:31:03,5.11,0.465,2.376,25.0,0.0,0.0,10.9,1333,6782,8843,02:12:35,7955,1720686663.1338964
2024-07-11 10:31:03,5.11,0.465,2.376,25.0,0.0,0.0,10.9,1333,6782,8843,02:12:35,7955,1720686663.4751112
2024-07-11 10:31:03,5.11,0.465,2.376,25.0,0.0,0.0,10.9,1333,6782,8843,02:12:35,7955,1720686663.816418
2024-07-11 10:31:04,5.11,0.462,2.36,25.0,0.0,0.0,11.0,1333,6782,8844,02:12:36,7956,1720686664.1575575
2024-07-11 10:31:04,5.11,0.462,2.36,25.0,0.0,0.0,11.0,1333,6782,8844,02:12:36,7956,1720686664.4989114
2024-07-11 10:31:04,5.11,0.464,2.371,25.0,0.0,0.0,11.0,1333,6782,8844,02:12:36,7956,1720686664.8401449
2024-07-11 10:31:05,5.1,0.465,2.371,25.0,0.0,0.0,10.9,1333,6783,8845,02:12:37,7957,1720686665.1839044
2024-07-11 10:31:05,5.1,0.465,2.371,25.0,0.0,0.0,10.9,1333,6783,8845,02:12:37,7957,1720686665.5251281
2024-07-11 10:31:05,5.11,0.462,2.36,25.0,0.0,0.0,11.0,1333,6783,8845,02:12:37,7957,1720686665.862533
2024-07-11 10:31:06,5.11,0.464,2.371,25.0,0.0,0.0,11.0,1333,6784,8846,02:12:38,7958,1720686666.2031932
2024-07-11 10:31:06,5.11,0.464,2.371,25.0,0.0,0.0,11.0,1333,6784,8846,02:12:38,7958,1720686666.5451112
2024-07-11 10:31:06,5.1,0.466,2.376,25.0,0.0,0.0,10.9,1333,6784,8846,02:12:38,7958,1720686666.8860297
2024-07-11 10:31:07,5.1,0.466,2.376,25.0,0.0,0.0,10.9,1333,6784,8847,02:12:39,7959,1720686667.2276804
2024-07-11 10:31:07,5.1,0.466,2.376,25.0,0.0,0.0,10.9,1333,6784,8847,02:12:39,7959,1720686667.5689082
2024-07-11 10:31:07,5.11,0.462,2.36,25.0,0.0,0.0,11.0,1333,6784,8847,02:12:39,7959,1720686667.9101264
2024-07-11 10:31:08,5.11,0.462,2.36,25.0,0.0,0.0,11.0,1333,6785,8848,02:12:40,7960,1720686668.2513025
2024-07-11 10:31:08,5.11,0.464,2.371,25.0,0.0,0.0,11.0,1333,6785,8848,02:12:40,7960,1720686668.592507
2024-07-11 10:31:08,5.11,0.465,2.376,25.0,0.0,0.0,10.9,1333,6785,8848,02:12:40,7960,1720686668.9337287
2024-07-11 10:31:09,5.11,0.465,2.376,25.0,0.0,0.0,10.9,1334,6786,8849,02:12:41,7961,1720686669.2747235
2024-07-11 10:31:09,5.11,0.463,2.365,25.0,0.0,0.0,11.0,1334,6786,8849,02:12:41,7961,1720686669.6151366
2024-07-11 10:31:09,5.11,0.463,2.365,25.0,0.0,0.0,11.0,1334,6786,8849,02:12:41,7961,1720686669.9558353
2024-07-11 10:31:10,5.1,0.465,2.371,25.0,0.0,0.0,10.9,1334,6786,8850,02:12:42,7962,1720686670.297651
2024-07-11 10:31:10,5.1,0.467,2.381,25.0,0.0,0.0,10.9,1334,6786,8850,02:12:42,7962,1720686670.647697
2024-07-11 10:31:10,5.1,0.467,2.381,25.0,0.0,0.0,10.9,1334,6786,8850,02:12:42,7962,1720686670.9801202